 run_id:         1004
 total_energy:   -2144.09236540000     
 S   100.000000000000        100.000000000000        100.000000000000     
      6        0.76163600       -0.04696200        0.11139000
      1        1.05057100       -1.05818700        0.37458800
      1        1.07490400        0.61246200        0.91286400
      1        1.30007300        0.23449100       -0.78649900
      6       -0.76184800        0.04699300       -0.11139100
      1       -1.07522200       -0.61298200       -0.91237000
      1       -1.30027700       -0.23374300        0.78672700
      1       -1.05068200        1.05805700       -0.37531800
