% chk=propane.chk
 #  hf/6-31g nosymm opt

Title Card Required

0 1
   6   -1.53739925    3.31935103    0.80143313
   6   -1.25439544    1.85791069    0.42253127
   1   -0.82270457    3.98904419    0.33030384
   1   -2.53096669    3.60702742    0.46577746
   1   -1.48991845    3.47839036    1.87287813
   6   -1.19132986    1.66353911   -1.10875482
   1   -0.31682707    1.53386413    0.87658668
   1   -2.03049548    1.22317289    0.85137214
   1   -1.74094301    2.49927821   -1.61812271
   1   -0.12571242    1.67178381   -1.47405189
   1   -1.66219576    0.69015817   -1.42043924
 
