natoms:
11
outcoor:
-1.442387 3.331488 0.803886
-1.334297 1.856441 0.407154
-0.574882 3.889482 0.466168
-2.321831 3.789394 0.362406
-1.512918 3.447056 1.879956
-1.232623 1.657897 -1.107861
-0.465216 1.416232 0.887906
-2.198386 1.316960 0.784709
-2.105253 2.060558 -1.612264
-0.358314 2.161199 -1.508280
-1.156782 0.606813 -1.364267
energy:
-3216.8256823864
forces:
-0.000009812 0.000013062 -0.000011675
0.000010931 -0.000018914 0.000003578
0.000008339 0.000022629 0.000004841
-0.000003492 0.000018062 0.000006296
-0.000000633 -0.000003695 -0.000011951
-0.000005844 -0.000004008 -0.000004839
0.000000156 -0.000017572 0.000010208
0.000008226 -0.000015131 -0.000002262
0.000007459 -0.000003008 -0.000003150
-0.000010290 -0.000004733 0.000007792
-0.000005040 0.000013306 0.000001162
