 run_id:         1005
 total_energy:   -3216.68121382970     
 S   100.000000000000        100.000000000000        100.000000000000     
      6       -2.55435400        2.69932000        0.22874800
      6       -1.02943600        2.71041300        0.36881400
      1       -2.85198700        2.89239300       -0.79702600
      1       -2.96422300        1.73615400        0.51575100
      1       -3.01408600        3.45563900        0.85558200
      6       -0.34818100        1.65270000       -0.50414700
      1       -0.64999400        3.69394700        0.10633500
      1       -0.76134300        2.54702800        1.40883400
      1        0.72988600        1.67984200       -0.38883800
      1       -0.68526300        0.65524500       -0.24061600
      1       -0.57390700        1.81084000       -1.55392500
