 run_id:         1001
 total_energy:   -3216.68214415970     
 S   100.000000000000        100.000000000000        100.000000000000     
      6       -2.51806500        2.85261100       -0.00347900
      6       -1.04842500        2.69634000        0.39762700
      1       -2.61479200        3.00788400       -1.07325900
      1       -3.08774200        1.96548900        0.25423200
      1       -2.97638500        3.69833300        0.49735200
      6       -0.37031800        1.50988700       -0.29335100
      1       -0.51003200        3.60901700        0.15820600
      1       -0.97924700        2.57441300        1.47490500
      1        0.66780700        1.41825600        0.00692800
      1       -0.87062200        0.57874600       -0.04709400
      1       -0.39506800        1.62254500       -1.37255200
