 run_id:         1000
 total_energy:   -3216.65074665820     
 S   100.000000000000        100.000000000000        100.000000000000     
      6       -2.52142600        2.84502500       -0.00002200
      6       -0.99045000        2.83254300       -0.00002700
      1       -2.90844400        3.85841000        0.00002400
      1       -2.91435900        2.33948700       -0.87653900
      1       -2.91435300        2.33941100        0.87645400
      6       -0.41027100        1.41570300       -0.00007900
      1       -0.62522400        3.37202800       -0.86957200
      1       -0.62522000        3.37196600        0.86955600
      1        0.67436900        1.43272800       -0.00008700
      1       -0.73374800        0.86308100        0.87640100
      1       -0.73376200        0.86313900       -0.87659200
