 run_id:         1004
 total_energy:   -3216.67286662890     
 S   100.000000000000        100.000000000000        100.000000000000     
      6       -2.52875200        2.82816500       -0.00598100
      6       -1.18955400        2.39295000        0.59586800
      1       -3.05485000        1.98216900       -0.43671900
      1       -3.17334600        3.27242100        0.74458900
      1       -2.38164800        3.56091900       -0.79304400
      6       -0.25428600        1.76075900       -0.43891400
      1       -0.70065700        3.25169800        1.04729900
      1       -1.36847100        1.68541900        1.40062500
      1        0.68629600        1.46078600        0.01000400
      1       -0.70549400        0.87973000       -0.88415100
      1       -0.03212600        2.45850500       -1.24006300
