 run_id:         1002
 total_energy:   -3216.68575252530     
 S   100.000000000000        100.000000000000        100.000000000000     
      6       -2.44151200        2.99546400       -0.05251900
      6       -1.14366000        2.47031700        0.56777600
      1       -2.24037800        3.55189300       -0.96244600
      1       -3.10970800        2.17858600       -0.30598600
      1       -2.96712900        3.65441600        0.62993800
      6       -0.37576800        1.53572600       -0.37138400
      1       -0.50905300        3.30875700        0.84075000
      1       -1.37145700        1.94614600        1.49168500
      1       -0.10670400        2.04432100       -1.29168800
      1        0.53841900        1.17706800        0.08889900
      1       -0.97593900        0.67082600       -0.63551000
