 run_id:         1009
 total_energy:   -3216.67771104430     
 S   100.000000000000        100.000000000000        100.000000000000     
      6       -1.75031500        3.33869200        0.68674800
      6       -1.27306000        1.90296600        0.45041600
      1       -0.99881000        4.05515700        0.37067000
      1       -2.65773000        3.54376500        0.12770300
      1       -1.95922600        3.51803100        1.73577400
      6       -0.97040400        1.61589900       -1.02305000
      1       -0.38302200        1.71623900        1.04469200
      1       -2.02896200        1.20825900        0.80564400
      1       -0.19390100        2.27599500       -1.39629200
      1       -0.63449000        0.59458200       -1.16558000
      1       -1.85296800        1.76393500       -1.63721100
