 run_id:         1008
 total_energy:   -3216.68381926530     
 S   100.000000000000        100.000000000000        100.000000000000     
      6       -1.99961400        3.34438100        0.43786700
      6       -1.06116600        2.13725700        0.52156600
      1       -1.61953000        4.08477000       -0.25881300
      1       -2.98637000        3.04684700        0.09762900
      1       -2.11249900        3.82474900        1.40367300
      6       -0.87924300        1.43538500       -0.82731100
      1       -0.09277200        2.45836200        0.89481800
      1       -1.44890000        1.42840900        1.24781300
      1       -0.21110400        0.58522200       -0.74315100
      1       -1.82907000        1.07475100       -1.20919200
      1       -0.46261900        2.11338600       -1.56538600
