 run_id:         1006
 total_energy:   -3216.67775104510     
 S   100.000000000000        100.000000000000        100.000000000000     
      6       -2.42831500        2.95827100        0.28360800
      6       -0.98397800        2.48860500        0.47897100
      1       -2.53735100        3.50246500       -0.64909900
      1       -3.11100000        2.11497700        0.25554900
      1       -2.74306400        3.61331600        1.08866600
      6       -0.50814400        1.55921000       -0.64122800
      1       -0.32793400        3.35277100        0.53398900
      1       -0.89672600        1.97742700        1.43358000
      1       -0.55453600        2.05629000       -1.60494600
      1        0.51602500        1.24020000       -0.48139300
      1       -1.12786400        0.66998800       -0.69818400
