 run_id:         1003
 total_energy:   -3216.68678897970     
 S   100.000000000000        100.000000000000        100.000000000000     
      6       -2.50310800        2.85298400        0.18625000
      6       -1.00446100        2.63666700        0.41469500
      1       -2.70107000        3.15476900       -0.83737500
      1       -3.06073500        1.94123300        0.37529800
      1       -2.89529000        3.62350000        0.84103500
      6       -0.41811900        1.55402800       -0.49586400
      1       -0.47586900        3.57139200        0.25016800
      1       -0.83258400        2.36712900        1.45301000
      1        0.64290100        1.41918300       -0.31652500
      1       -0.90683000        0.59940800       -0.32937200
      1       -0.54772300        1.81322700       -1.54180500
