 run_id:         1010
 total_energy:   -3216.68576789970     
 S   100.000000000000        100.000000000000        100.000000000000     
      6       -1.44238700        3.33148800        0.80388600
      6       -1.33429700        1.85644100        0.40715400
      1       -0.57488200        3.88948200        0.46616800
      1       -2.32183100        3.78939400        0.36240600
      1       -1.51291800        3.44705600        1.87995600
      6       -1.23262300        1.65789700       -1.10786100
      1       -0.46521600        1.41623200        0.88790600
      1       -2.19838600        1.31696000        0.78470900
      1       -2.10525300        2.06055800       -1.61226400
      1       -0.35831400        2.16119900       -1.50828000
      1       -1.15678200        0.60681300       -1.36426700
