 run_id:         1007
 total_energy:   -3216.67917169700     
 S   100.000000000000        100.000000000000        100.000000000000     
      6       -2.18100700        3.25234200        0.31344200
      6       -1.04579800        2.24987600        0.54050600
      1       -1.92079000        3.96556600       -0.46221800
      1       -3.09063500        2.74674000        0.00525600
      1       -2.40156800        3.81050200        1.21677900
      6       -0.70932700        1.44335600       -0.71703200
      1       -0.15902000        2.77909100        0.87788000
      1       -1.31946500        1.57021300        1.34262700
      1       -1.57059000        0.87798700       -1.05851000
      1       -0.40098800        2.09662600       -1.52708100
      1        0.09630100        0.74122000       -0.53213600
