 run_id:         1008
 total_energy:   -3216.68381926530     
 S   100.000000000000        100.000000000000        100.000000000000     
      6       -2.10834566        3.26179028        0.48869585
      6       -0.95864404        2.24745912        0.46685227
      1       -1.95421568        4.04921173       -0.24210164
      1       -3.05880217        2.78659391        0.26844059
      1       -2.19091458        3.72872584        1.46465756
      6       -0.85183995        1.43763372       -0.84513729
      1       -0.02783417        2.77596114        0.64577153
      1       -1.08024078        1.56654965        1.30282952
      1       -0.96274344        0.37433958       -0.66414647
      1       -1.61732424        1.72341769       -1.55853100
      1        0.10801771        1.58183634       -1.32781794
