 run_id:         1007
 total_energy:   -3216.67917169700     
 S   100.000000000000        100.000000000000        100.000000000000     
      6       -2.27654369        3.14041544        0.36932251
      6       -0.97560060        2.34134316        0.50598129
      1       -2.29156919        3.69551546       -0.56301171
      1       -3.13754379        2.47976382        0.37337288
      1       -2.39716463        3.85005732        1.18035567
      6       -0.66523147        1.48623826       -0.74246542
      1       -0.15456945        3.02547561        0.69454929
      1       -1.04187013        1.70706176        1.38449474
      1       -1.43160455        1.60983902       -1.50000609
      1        0.27924941        1.76842952       -1.19346105
      1       -0.61043890        0.42938064       -0.50961911
