 run_id:         1002
 total_energy:   -3216.68575252530     
 S   100.000000000000        100.000000000000        100.000000000000     
      6       -2.51355957        2.88552025        0.01992190
      6       -1.09262862        2.57431237        0.50330302
      1       -2.51258038        3.23014456       -1.00919463
      1       -3.14128169        2.00177102        0.07205657
      1       -2.97523176        3.65660265        0.62739494
      6       -0.34221713        1.56923807       -0.39890052
      1       -0.52881409        3.49932666        0.56901412
      1       -1.14825731        2.18682721        1.51553881
      1        0.56150507        2.00134206       -0.81353225
      1       -0.05262842        0.67896890        0.14720723
      1       -0.95719510        1.24946725       -1.23329421
