 run_id:         1009
 total_energy:   -3216.67771104430     
 S   100.000000000000        100.000000000000        100.000000000000     
      6       -1.89677927        3.28951342        0.68201986
      6       -1.16727145        1.95912077        0.45734472
      1       -1.41641088        4.09813167        0.14082266
      1       -2.92811880        3.23505504        0.34856572
      1       -1.90355173        3.55467124        1.73402582
      6       -0.90733196        1.62621785       -1.02927406
      1       -0.22324540        1.98422083        0.99146558
      1       -1.74706892        1.16382349        0.91478643
      1        0.15377591        1.53762836       -1.23407918
      1       -1.36925538        0.68959629       -1.31941062
      1       -1.29762912        2.39554003       -1.68675392
