 run_id:         1010
 total_energy:   -3216.68576789970     
 S   100.000000000000        100.000000000000        100.000000000000     
      6       -1.59463706        3.30437439        0.80265877
      6       -1.20243502        1.87364492        0.42097549
      1       -0.92399075        4.01915562        0.33672013
      1       -2.60123987        3.52811759        0.46413131
      1       -1.55910294        3.46249053        1.87470433
      6       -1.17824365        1.66588591       -1.10924004
      1       -0.22829179        1.64542840        0.84185430
      1       -1.89631453        1.17712415        0.88128998
      1       -1.44772392        2.58054578       -1.62639883
      1       -0.19475501        1.37667262       -1.46075306
      1       -1.87615346        0.90008010       -1.42642839
