 run_id:         1001
 total_energy:   -3216.68214415970     
 S   100.000000000000        100.000000000000        100.000000000000     
      6       -2.52005945        2.89156281       -0.04704619
      6       -1.01783884        2.74977083        0.28710134
      1       -2.70207251        3.74130563       -0.69547676
      1       -2.90375704        2.01288857       -0.55424114
      1       -3.11850428        3.03538416        0.84523980
      6       -0.39628134        1.42421737       -0.16902850
      1       -0.46810571        3.56645834       -0.16897887
      1       -0.87010467        2.85214448        1.35740372
      1        0.67838338        1.43040894       -0.01976044
      1       -0.80219017        0.58530953        0.38715349
      1       -0.58235737        1.24407034       -1.22284946
