 run_id:         1006
 total_energy:   -3216.67775104510     
 S   100.000000000000        100.000000000000        100.000000000000     
      6       -2.46898484        2.83805134        0.37654719
      6       -0.95768240        2.58418844        0.41743127
      1       -2.78685810        3.09855794       -0.62772834
      1       -3.01947364        1.95232930        0.67702862
      1       -2.75656879        3.64896149        1.03659895
      6       -0.48562599        1.60804734       -0.68290827
      1       -0.43546941        3.53004495        0.31624071
      1       -0.68889767        2.19938151        1.39628139
      1        0.22700524        2.07703748       -1.35172315
      1       -0.01070984        0.72622084       -0.26943616
      1       -1.31962257        1.27070038       -1.28882021
