 run_id:         1004
 total_energy:   -3216.67286662890     
 S   100.000000000000        100.000000000000        100.000000000000     
      6       -2.51327992        2.89544826       -0.02375175
      6       -1.14162060        2.48646988        0.55842136
      1       -2.65939308        2.48606990       -1.01745089
      1       -3.33547897        2.54927122        0.59150686
      1       -2.60260225        3.97293213       -0.10503041
      6       -0.30732672        1.61999773       -0.39348836
      1       -0.57577281        3.37691335        0.81159974
      1       -1.28181073        1.94838365        1.49063080
      1        0.71726761        1.53110282       -0.04884950
      1       -0.71796567        0.61865905       -0.47387241
      1       -0.28490486        2.04827201       -1.39020043
