 run_id:         1005
 total_energy:   -3216.68121382970     
 S   100.000000000000        100.000000000000        100.000000000000     
      6       -2.57588573        2.66740210        0.27281599
      6       -1.04094186        2.60835390        0.44334030
      1       -2.90811099        2.09406100       -0.58592280
      1       -3.08534909        2.26714372        1.14227667
      1       -2.92612363        3.68412434        0.13632774
      6       -0.32253462        1.75853034       -0.61191038
      1       -0.63153820        3.61307675        0.41617569
      1       -0.80244477        2.21597200        1.42634568
      1        0.72886432        1.64882196       -0.36733370
      1       -0.75188131        0.76401771       -0.67679234
      1       -0.38694213        2.21201719       -1.59580985
