 run_id:         1003
 total_energy:   -3216.68678897970     
 S   100.000000000000        100.000000000000        100.000000000000     
      6       -2.45833176        2.96304078        0.09717050
      6       -1.04702460        2.53695633        0.51333798
      1       -2.44878095        3.38911483       -0.90091832
      1       -3.12791233        2.10898397        0.08445515
      1       -2.87301231        3.70312744        0.77242038
      6       -0.42857711        1.52157177       -0.47253440
      1       -0.41514257        3.41660176        0.58514845
      1       -1.08148658        2.11264507        1.51192634
      1        0.48150952        1.90017745       -0.92296203
      1       -0.18640157        0.58277715        0.01147936
      1       -1.11772875        1.29852345       -1.28000841
