 run_id:         1002
 total_energy:   -2144.09233080000     
 S   100.000000000000        100.000000000000        100.000000000000     
      6        0.74502200       -0.18123800        0.07991800
      1        1.09785200       -0.74415400       -0.77733900
      1        0.90102300       -0.78444500        0.96763800
      1        1.35094500        0.71386000        0.16893400
      6       -0.74524600        0.18121600       -0.07990800
      1       -1.09797100        0.74437500        0.77723300
      1       -0.90116100        0.78429000       -0.96773600
      1       -1.35131000       -0.71377700       -0.16874800
