 run_id:         1001
 total_energy:   -2144.09236530000     
 S   100.000000000000        100.000000000000        100.000000000000     
      6        0.74657200       -0.10488500        0.16230500
      1        1.35802700        0.05366100       -0.71878600
      1        0.92501600       -1.11283100        0.51943300
      1        1.07476700        0.58745200        0.92930600
      6       -0.74678300        0.10491600       -0.16230800
      1       -0.92508200        1.11258900       -0.52028200
      1       -1.07520500       -0.58802000       -0.92867100
      1       -1.35815700       -0.05275300        0.71899500
