 run_id:         1008
 total_energy:   -2143.97304290000     
 S   100.000000000000        100.000000000000        100.000000000000     
      6        0.76160616        0.03410376       -0.15538826
      1        1.33457911       -0.51374678        0.58266092
      1        1.11436750        1.05818671       -0.15183192
      1        0.98696449       -0.38833502       -1.12710689
      6       -0.76211377       -0.03489513        0.15372721
      1       -1.17347668        0.95470887        0.31073306
      1       -1.30992322       -0.49374319       -0.66039801
      1       -0.95284859       -0.61615022        1.04759389
