 run_id:         1009
 total_energy:   -2143.97294720000     
 S   100.000000000000        100.000000000000        100.000000000000     
      6        0.76217338       -0.02146626       -0.15476401
      1        1.35010854        0.02744896        0.75369302
      1        1.05183244        0.81441236       -0.77962241
      1        1.03508135       -0.93153083       -0.67509389
      6       -0.76222563        0.01889462        0.15587423
      1       -0.94476276        0.08983238        1.22123808
      1       -1.23057783        0.87395000       -0.31589925
      1       -1.26247449       -0.87141123       -0.20543576
