 run_id:         1003
 total_energy:   -2143.97304030000     
 S   100.000000000000        100.000000000000        100.000000000000     
      6        0.74386424       -0.22221640        0.05309871
      1        1.00917228       -0.90516547       -0.74479190
      1        0.93942257       -0.72310497        0.99344619
      1        1.40865608        0.63061164       -0.00959567
      6       -0.74460720        0.22052728       -0.05295888
      1       -1.30164357       -0.05626506        0.83391325
      1       -0.82353004        1.29452475       -0.16886672
      1       -1.23218037       -0.23878476       -0.90425299
