 run_id:         1002
 total_energy:   -2143.97367780000     
 S   100.000000000000        100.000000000000        100.000000000000     
      6        0.75160927       -0.18358193        0.08267455
      1        1.25036622       -0.22486326       -0.87789376
      1        0.87476197       -1.14793825        0.55966191
      1        1.26596923        0.55202527        0.68915194
      6       -0.75253552        0.18100087       -0.08198299
      1       -0.97843554        1.12528102        0.39857829
      1       -1.01987925        0.27186026       -1.12767693
      1       -1.39270138       -0.57365497        0.35747899
