 run_id:         1001
 total_energy:   -2143.97300880000     
 S   100.000000000000        100.000000000000        100.000000000000     
      6        0.75344572       -0.10334447        0.16417473
      1        1.37781154        0.51611830       -0.46799877
      1        1.04751533       -1.13410400        0.00839140
      1        0.97379998        0.14987454        1.19411388
      6       -0.75401899        0.10409866       -0.16205173
      1       -0.88452391        0.82573123       -0.95917093
      1       -1.21529032       -0.82326512       -0.47890296
      1       -1.29958535        0.46501986        0.70143738
