 run_id:         1007
 total_energy:   -2143.97660220000     
 S   100.000000000000        100.000000000000        100.000000000000     
      6        0.76694103        0.04046452       -0.12167677
      1        1.31472705       -0.13137595        0.79703480
      1        1.05869179        1.01189563       -0.50251454
      1        1.08657193       -0.70477066       -0.84004586
      6       -0.76747135       -0.03799518        0.12047116
      1       -1.24064749        0.92607385       -0.02260094
      1       -1.23476372       -0.73888495       -0.56072055
      1       -0.98489424       -0.36527727        1.13004369
