coords: 

5.869025    5.347814    5.049863      
6.190439    5.713026    4.040508      
6.366590    4.374285    5.001518      
6.271880    5.833263    5.959492      
4.373939    4.994725    5.181129      
4.248666    4.542221    4.203297      
4.309619    4.160002    5.950792      
3.633410    5.839998    5.150450      
energy: 

              -14.936322404715192
forces: 

0.00534787    -0.00974010     0.00282685
-0.00825750     0.01572508     0.01760988
0.00483512    -0.00706473     0.00725071
0.00280703     0.00790816    -0.01314244
0.01224514    -0.00551979    -0.01366772
-0.01577473    -0.01397378    -0.00687808
-0.01339880     0.02518834    -0.01057364
0.01170260    -0.01210721     0.01674824
