 run_id:         1000
 total_energy:   -4103.6884906374189     
 P   27.848118434861512        27.848118434861512        27.848118434861512     
      1       -0.11968586       -8.78851718        6.79489732
      1      -13.08470878       -9.12069366       -8.05149692
      1       -7.81879110      -12.47940346      -11.83970430
      1      -10.24136720        8.30446632      -10.57664719
      1       13.07565723       12.84439223       13.51591490
      1        9.01380705      -11.08285786        0.77718380
      1      -13.86248314       -3.69956139       -0.69321448
      1       -2.91864673       -4.88916852       12.74067340
      1        0.74705607       -1.62847175        6.11361349
      1       -1.08621587        0.07277036       -0.53064380
      1       -1.48257930       -3.50976574       -1.30463519
      1       -2.75641219       12.94436989       12.73934890
      1       12.09561110      -11.52116906       11.65690003
      1        8.96597335        2.81034881       -4.37820350
      1       -5.61787819       12.08001087       -4.92298663
      1      -11.71734400       -6.11702029        8.05478458
      1       -5.34552473      -10.43532665        4.92656675
      1        5.60881406        9.33999984       -1.42163103
      1       -2.67807978       10.40881031        5.16480056
      1        8.68419272       13.05352490        1.24402477
      1       -2.34303222       -9.63836986        1.51073413
      1        3.12039077       -4.09856148        7.12245277
      1        4.94296409        2.56725075       -9.96885677
      1       10.53800306      -13.39534573       -3.74256268
      1        0.23368450      -12.79992007       -8.58031804
      1       -0.23834965        9.69805105       -6.28362120
      1       13.02700245       -9.52648142        3.61445522
      1       -4.98460089       -8.51015938        9.29133777
      1      -10.15270450        3.14183980      -12.24960191
      1       -0.31944610       -5.35848434        5.48862774
      1        4.89907492       -5.92991346      -13.51508452
      1      -11.05716801       -8.81561440       -4.86719609
      1      -10.83389665        2.83232038        3.40594224
      1        9.85122529      -11.14905960       12.41810206
      1        8.33203831        6.10105773       12.66777295
      1      -12.09993845       -0.63297345        3.71031023
      1       10.86901464        6.63266189       -7.45683564
      1        7.02473371       -0.66825709       -4.75881596
      1       -5.81073537        2.93815130       -9.56789920
      1       10.95265615        0.51022306        1.41367114
      1       10.90415979        7.18143204       -0.01929123
      1       10.78412650       -2.60279599        9.03521647
      1        4.58937539        0.80108239       11.55131396
      1        8.95484051       -8.98030052       -4.52942126
      1        1.15356141       13.03233397       -1.41585130
      1       -4.10379802       11.05883067       -8.08338759
      1      -13.35287290        7.70726025      -13.13309293
      1        6.73269530        4.97120896       -2.02861622
      1      -12.70396944       -7.32229331       -1.76658503
      1       10.08323492        4.88355516        9.07882232
      1        1.18906442       -9.34254902        0.87768182
      1        7.61720384        2.49408427        1.54822900
      1       -3.25986643       -7.65127893       -5.31670366
      1       -0.06521777       -6.17489184       14.77583460
      1        6.95721544       -5.83107227       11.16845227
      1        4.67776396       -3.10107760       -8.25023823
      1        1.81278718       -8.75101345        3.14870412
      1        5.72075578       11.80024702        9.45100945
      1       -0.37437309       11.79218141        7.40627274
      1       -4.41569492        4.44821973        0.41797565
      1        2.27814526        3.24510104      -12.63353361
      1       -8.99140642        0.74737203       -4.41455320
      1        8.14506301       11.66494948        9.39120517
      1        5.37120700        0.13713747      -10.43544527
      1       -7.37998781       -5.78989030       -6.23799699
      1        7.13569589        5.17676247        3.68262809
      1      -11.69389732       13.22801561      -11.71743522
      1       -3.13224367        7.16139126       -3.95391454
      1       -0.02410593       12.18860109       -3.27721085
      1        7.16400943        3.13874522       -9.33016546
      1       10.47329975      -10.43136712      -13.09627999
      1       13.98338808        9.77641189      -10.08602004
      1       13.39590068       -6.65953334        1.52594503
      1       -3.28275756        3.48553549      -12.77865152
      1       -1.47873056        1.93659505      -12.19242493
      1        3.00558130       10.72524239       10.80573609
      1        2.63373376       -4.30033831       11.27348488
      1        7.72502142       -7.84079390       12.24790858
      1        3.75557984      -10.93025098        7.68689882
      1       -3.96065062       -1.05355095      -11.25732454
      1        7.12400093        7.55429643        9.09159229
      1       -8.59207826        4.08501914       -6.11949398
      1       11.17371633       -8.70791123       -1.45539895
      1      -13.37739193       -0.41766746        5.79622502
      1        0.90966912       -5.64692943       -9.41277277
      1        5.62823894       -9.64325048        2.52946479
      1       -0.70615588       -2.50023866       -8.02832597
      1        9.60739238      -12.76974700        8.12692216
      1       -2.23212045        3.27058437       -2.75289166
      1       -3.70013135        5.80991778      -11.75105361
      1       11.93681426        4.58338708        2.41709042
      1        0.63091633       12.46268639      -11.92936369
      1       -7.73502778        0.37487162      -12.18399935
      1      -10.29195662        9.50309254       -7.35619923
      1       -5.16816214      -13.69472752       -3.82676316
      1      -10.02238352       -6.81424379       -3.98602157
      1       10.19775516       -7.96150430       -7.85830974
      1       13.14842189        9.49305887       11.48755132
      1       -2.20120413       10.18933056      -12.35179077
      1       -0.10389924        6.17539709       -1.26384309
      1       -4.80141003       11.77480376        8.16322493
      1      -12.68717776       -1.54818368       -3.61115026
      1        9.18074087      -13.06402366      -10.72803135
      1       -8.67380253       -4.76674360        5.14055131
      1       -9.87665769       -1.25057879        4.18015064
      1        2.99106498       -2.20963911        5.74217890
      1        9.77304724        9.84084417       -9.36104464
      1       11.45235492        5.35543450       -5.49458545
      1       -4.03362673        1.35343476        2.76786321
      1       -3.21980400       -9.12799612      -14.03228704
      1      -13.79384154       13.71005467       -8.08219315
      1        1.33470950      -11.97378594        7.73491467
      1       11.20922017        6.90368764      -11.15976229
      1       12.98178379        7.70343696        1.00306687
      1       -3.36635183       -2.92036663        8.54195171
      1      -10.58890673      -13.19095682        5.38404821
      1       -7.77513428        4.83387994       -1.61578732
      1        8.64620440        2.48428844      -12.96220326
      1       -8.79044541       -8.63617884       13.05238210
      1        8.87330478        2.08799064      -10.60940455
      1       12.76014975        5.91121715      -12.81022828
      1       -9.29343667      -12.15932988       -0.18370666
      1       -0.91082155      -13.30315887        4.68207411
      1        6.01952878       -8.48931451      -11.26987476
      1      -13.13132970        6.87807627       -6.54574520
      1        2.60301724       12.39125146       -6.87090711
      1       -8.05771341        6.38230812        4.04819147
      1       11.30808102      -13.88483490      -11.30728478
      1       -6.81701000      -11.08434469        6.67286368
      1      -12.87460034       -5.53369192       -6.75065642
      1        5.07895489       11.21023085        7.15378481
      1      -12.86970480      -10.52757985        6.25588848
      1       -2.69746053       -2.58457639      -12.57144190
      1      -10.96157180       -4.90655773       -5.22173884
      1        5.40582746       -4.48750150        7.60173031
      1        6.03182709       -6.43726375        0.18009562
      1        9.60566323        2.16132544        5.23747868
      1        2.83547708       -9.08861357       -0.77247534
      1        6.35551813      -12.81462277       11.37074515
      1       13.10387979      -11.88035864        3.79698262
      1        9.61227716       -3.25439585       -1.76046430
      1       -1.02286377        0.63147906       13.59980484
      1        9.25416438        9.79133400       -2.00539039
      1        3.96056567        9.14700069        6.89474353
      1      -10.84445175       -4.21526527       11.13084583
      1       -6.08726176        8.63149317        1.18925080
      1        1.94767493       -5.81575601        5.84103396
      1       11.46893566       -0.95843124       10.61223392
      1       13.69577107        1.76453651       12.20583034
      1        7.73421816        1.14075887        7.76360276
      1        0.26918559       12.13545078        0.57830470
      1        0.03398654        9.18446918        2.39035328
      1      -12.27710577       -7.04019479        4.89962593
      1        8.32512993       -1.98764688        3.64732866
      1      -13.50039227      -13.36789188       -4.07228636
      1       -2.95900061      -10.22263358       -8.55637192
      1        1.95456246       -2.77414878        1.59994175
      1        8.84603603        8.49080621        5.38870804
      1        1.53201068      -13.76335487       12.54545977
      1        2.16891062        6.85767700       -1.20158709
      1        4.44642226       -7.01170992      -10.06512023
      1        5.73592586      -11.44218727       -9.17174916
      1        5.07612128        1.29413204       13.83291216
      1       -0.24613281        7.18451939      -13.29778802
      1       12.95157087      -12.66876364        9.72442707
      1       -8.23288164       -4.05843684       -0.99352856
      1        5.97324998      -12.49063011      -12.70759416
      1       11.13796349       -9.13458190       -9.73003470
      1      -13.06674879       -9.48390568        9.94807556
      1       -1.17410514        7.26208898        3.10577985
      1       11.76527672       -3.40580660        2.80444797
      1       -7.16515121      -12.36481295       12.16969321
      1        7.31728325       -9.82906604        9.32500676
      1        1.57235637      -13.32567575       -6.50012943
      1      -11.63988262        9.68633516        6.18183841
      1        2.54284900       -6.39532625        3.57210032
      1       -9.59621231       13.49285822        8.78854934
      1       -1.94912074       -4.18971529       -5.43236126
      1       11.58102253       -9.58919956        7.96917288
      1       -2.08574393       -9.54054930        3.83260725
      1        8.27154070       -2.33793311       -8.87522499
      1       -5.10041641       -6.61036981       -8.94884912
      1      -12.38095122       -6.02082281        2.78442735
      1       -6.63476290       -0.79778161        3.04330679
      1       -2.59066660        1.62388597       -8.37883807
      1       -5.81370930        8.41411535        6.41578735
      1        0.80337261       -4.22145049       -1.64195344
      1       12.70858238       -9.29395303       -5.09112563
      1      -10.21353439       -5.05279051       -0.16575774
      1      -12.66296660        5.52605731        5.76108789
      1      -13.60032447       -2.15438138       12.68229250
      1       11.01799614        3.05887329       -5.71899668
      1       -2.00534106       -2.40430608       -3.58835783
      1       -6.09619962        1.05768928        1.66601430
      1       10.35484422        3.46134823       -0.91990245
      1       -9.56278262       -3.06210867      -10.37044143
      1       -6.39678836       -7.12345057      -10.84405931
      1      -11.30290487       -2.26550786       12.47362728
      1        3.37037015       -0.65084116      -11.45567791
      1        1.30286671       -9.79118139       10.13916280
      1        3.94382946      -11.27166592       -1.29368312
      1      -11.86604931        5.73805867       -8.27172960
      1       -5.70835065       -7.29688615       11.25750937
      1        3.61401657       -2.69982497        3.43054814
      1       -9.46563331        5.72972756       12.38663476
      1        9.14919336       10.71699265        1.85805961
      1       -0.69182833        5.69754439       -5.75210992
      1       -1.54333813        7.85083583       -9.22883028
      1       -0.37993555        5.36982795       13.08275199
      1       13.14442781        9.06990693       -2.53376612
      1        4.62394582        9.41545077       -5.23217801
      1       -2.92471415       -5.42658578       -1.03472715
      1        0.13984745       -9.68201279        4.63368717
      1       -4.63846796      -11.09081543       -6.94627719
      1       13.33418098       -1.76483023       -9.46799449
      1      -13.35208816      -12.49880317       -6.35357040
      1       -1.68642236      -11.81128145        0.77677069
      1        4.90018428        3.27570617       -1.45296364
      1        3.76447513       -9.06479773        6.22669254
      1       -7.35256642       10.61943231       -3.86277250
      1        9.96056166       -5.32977985       -0.57948243
      1       11.40530681       -1.66246436       -2.19328303
      1      -12.51899682       -0.22721613        9.66953196
      1        9.92942277        8.89227788      -11.53997773
      1       -9.61784427        4.44360957       -8.18617317
      1      -11.07480388       11.34377908       13.02996730
      1       -2.30337662      -13.32834446        2.52186186
      1        6.20454125        5.92923657        0.09312683
      1       13.86595381       12.17391476       -4.55549455
      1       -0.96230067       -7.34158495       -6.51651163
      1        7.88087978        5.64865706       10.31924616
      1       -5.19320266       -7.86041085       13.51906183
      1        4.27672164       12.30510938        2.22066873
      1        0.85185189       -8.92899343       -6.75628028
      1       -6.40767933      -11.50612908      -13.63553932
      1        1.77546989       -0.50075888       -9.65754700
      1      -10.68083673       -2.73489586       -4.10056545
      1       -7.67039411       -3.70571648        1.33559758
      1      -13.45486743        6.11805587       11.49717879
      1       -5.46355375       -2.37981827       -9.91984658
      1      -12.93184868       10.02095956       -3.97627777
      1       -8.22467192        7.85025525        5.95931428
      1        5.35858308       -9.03657406       -4.02212458
      1       -2.87245282        2.83956414        1.28313002
      1       12.12452888       12.93038434        9.72890459
      1        7.11494898       -2.74460473        7.43710912
      1       -8.76784956        5.71777254        7.41714289
      1       12.09869969        3.72713974      -11.83797572
      1       -4.98766634       10.02346045       11.89284283
      1        1.01841058       -8.11143785      -12.22300796
      1      -11.28230368      -13.51200842       -0.77951046
      1        3.15177774        1.16361468        3.74459534
      1        5.08127944       13.25717661        0.14976659
      1        5.82554915       -4.21565468       -6.39777237
      1       12.07421399        6.90319874       -2.13486462
      1        0.84890967      -11.82953407        5.34045054
      1       -3.09860581        0.46940816        8.17688610
      1       -3.13015934        5.28101057        7.83510277
      1       -4.72508796      -13.08547166        2.97448211
      1       -4.75619454       -9.74502654        1.23421369
      1       -6.69659884       -7.62429643       -7.52598122
      1       -2.46016572      -11.08694589       -3.31561236
      1       -2.87486965        1.64709857       -0.76077263
      1       -7.89957719      -10.82272098       -3.82271754
      1       12.91134387       -9.01688025        1.36126223
      1      -10.18328725       -6.44603280        6.18551468
      1        7.48605534       -0.99762293       10.76891080
      1        9.40320060       -2.67559423       -6.75479215
      1        6.92880016       -7.78945286        8.16393038
      1        5.53077919       -6.18302097        9.33109380
      1      -11.44294901        3.99402576        9.09779458
      1        5.21064879       10.98460845       11.91845709
      1       -6.24029485       11.86084154       -7.26549695
      1      -11.80032742       -6.27876637       11.76775559
      1       -0.07330466        9.82664502        0.05337312
      1       -5.56931098        3.80228111        5.75470226
      1       -9.68203192        7.21564192       -8.51848491
      1        4.76259073      -10.66162277       -5.69594135
      1        9.01680248       -4.80241187       10.64046480
      1       -7.40228422       -2.90910971      -11.45782899
      1        9.67443302        9.78767923        7.20756791
      1       -0.69565862        0.79887766       -5.69873885
      1        2.06756067        5.06474308        4.34926474
      1       -6.78249714        1.10105500       -1.56927124
      1        2.21555726        6.22516155      -10.36156807
      1       -4.96117468        7.71636011      -12.80376424
      1      -12.19282103       12.58979106       11.35045738
      1        3.23359383      -12.80104024       -3.07467870
      1        0.99972890       10.07708152       -3.99727465
      1       -6.48249184       -2.15614950       -6.28582407
      1       10.65372473       11.28101730       -6.04377029
      1        3.92922801        4.49729490      -11.23446338
      1        2.74437434       -7.27150797       -6.31211556
      1       -4.22616655       -1.92256378       -0.38988800
      1       -6.88258291        1.15261269       -8.28877603
      1       -0.11953579      -13.77199239       -4.80955248
      1       -9.81970442       -9.88581899       -6.61240734
      1      -13.29104392      -12.73119058        0.31553442
      1        0.71267799        7.46992522       -4.29923166
      1        4.61334063       -0.62387108        0.43031505
      1       -8.48145434       -2.28618653        8.39453570
      1       14.89095565      -13.00462186        2.61073544
      1        7.20880624       11.06736873       -1.98597987
      1      -10.23612688        4.36600492        1.71302621
      1       -7.66657562        7.08510419       -4.85806138
      1      -10.95898624       -3.87882082      -12.17374107
      1        4.00409782        9.98699774        1.87247701
      1        1.60650072       -7.48542453        9.50630580
      1       10.05153480        0.63602890        7.19254923
      1       -2.69784877        1.13805060        5.94792139
      1       -7.56025357      -10.76204424       -9.72282009
      1        1.00458818        3.04964272        0.00127406
      1        2.98847756       11.11163028       -4.88908666
      1       -3.93938110       -5.36309683       -4.92517583
      1        1.30909234        1.79529528       -9.16151128
      1      -12.72466360       -0.19339500       -9.81823398
      1       13.29336645       -6.28871481        5.44680283
      1       -1.64286305       -8.67021937       12.10927902
      1       -2.58915280       -9.36820564        9.98953018
      1        4.25665401       -2.92349015       12.37437692
      1        7.80948900       -3.28752592       13.84346927
      1       12.67163267      -10.09988613       -2.78761847
      1        2.09371620        9.47856937        5.49817449
      1       -7.32660356       13.09843075       12.39525273
      1       10.01538841        0.84838441       -7.74745658
      1       -4.16711884       -5.07628659        9.11664934
      1        8.33046309       -1.16093207       12.94500138
      1       -4.20277122        6.20574000       11.68084162
      1      -13.13191124        8.81166310        4.48009057
      1       -6.12179321       -5.36661621        7.82216841
      1       -4.03541167      -11.36403356      -14.09048313
      1        3.77661560        5.17476088       12.57899604
      1       -5.23860620       -8.90892164       -6.09739130
      1        0.77264767        3.82211201       -5.86089897
      1       10.99001525        2.27512767      -13.38107261
      1       -1.05865107       -6.32110585       12.25777418
      1       -8.07267000       -7.27908722       11.20833326
      1       -2.73803912        4.94003821       -4.62813188
      1       -7.81894277        4.45163084       11.11127131
      1       -8.62689803       -8.03582473        7.14926795
      1        8.94403936       13.07899461       13.55144989
      1       11.47520575       11.16036855        1.98839263
      1       -8.93626524       -8.45047636       -0.63907759
      1       -0.68939894      -11.93639735      -12.46462617
      1        3.45252537       -1.76343875       -3.87756311
      1       10.15078490       -5.70863790       -8.49390460
      1       -3.67175276       10.88588143        0.84920867
      1       13.68221957        5.12200523       -2.51682428
      1       -1.74408753        8.76288182       13.67373815
      1       -1.35674186        9.66612045        6.96910193
      1       -9.60902270        1.09436561        7.38266912
      1       -0.78510143       -4.88963564        3.16800352
      1        7.94925752        0.29952650       -1.32422157
      1       14.19745300        3.11036590        8.35959413
      1       -7.95462957        8.97003220       -2.07331020
      1      -11.41227981      -12.85083038       -3.05759532
      1       -7.73091235       12.65238308       10.05148365
      1       -9.66814277       13.41012742       -8.40452912
      1      -11.67084580       -3.15175632        0.00230087
      1       -1.54325983       -2.38898645        9.94397018
      1      -12.44022441        4.35182854        0.79116510
      1       12.50222818        3.03615452       -1.96492883
      1       10.28790372       -7.33310325        2.63071408
      1       -1.55187455       -2.96883096       12.22538776
      1      -11.58741065        1.00047690        2.14749489
      1       -8.54479174        0.63102994       -9.89447913
      1        6.85363243        6.73067243       -3.73404675
      1        6.62350907      -12.10787718       -5.85568758
      1        7.97399590       -2.00706474       -0.62057947
      1      -12.22438442       -7.69565304       -9.72265087
      1       10.91337251       -0.16304342       -3.99599986
      1       -0.65034141        3.74518013        1.61537712
      1       -4.67300572        5.76999827       -9.48953818
      1      -13.39926493       12.76011661        3.63614136
      1      -10.73314403      -12.19756881        3.17083492
      1        6.37318936      -13.33113170       -7.86421470
      1       -1.70864059       -7.05640459        6.51314806
      1        9.11261874        8.24616622       -7.62917084
      1        4.02689143        7.32635587       13.71356165
      1       -0.33238347       12.71215911        9.62848078
      1       -3.17224643       -7.87804664       -8.14771107
      1       12.76376693       -5.67189813        9.60341345
      1       13.12954446       -3.99531639       -6.35247355
      1       -3.66066215       10.61346975        9.95179022
      1      -10.69463587       11.81636658       -6.60068396
      1      -13.52190878       -7.10183535      -11.62817088
      1        5.82984955       -7.94588149        6.07053067
      1       -0.76609479       -7.97861212        0.58653967
      1        4.29979801       -9.97867990       -7.93414264
      1        0.96449632       10.65270195      -10.27638741
      1       11.22479224       -5.44027678        1.56251641
      1        1.17056622       -9.97964669       -4.54989766
      1        3.98207376       -0.45492147        7.05787113
      1       -1.92436227       -6.39401161      -11.52354108
      1        7.36203511        0.55046580      -13.54078628
      1        4.66299528       -0.56003660        2.91825451
      1        5.55921494        3.60473399       13.14508295
      1        5.61534742      -12.41766540        7.34726559
      1        6.32918625        0.22853914       -6.85874552
      1       -0.31461035       -9.89340433      -11.23016941
      1        9.01565402       -9.39936563       10.97849443
      1        8.10106383        1.27857829       10.15002370
      1        1.66737582        4.08773421       12.98414497
      1        5.69728449        3.33580264        4.06894426
      1        7.56584806        8.32479214       13.00349897
      1        1.15685098        7.58141278        8.72836029
      1        2.20275712        8.62504166      -11.12308037
      1       -2.70338638        2.88224773       10.91591263
      1       -8.55495547       -1.01476725       10.43174280
      1       -9.35762491        2.80033137       10.29935177
      1        7.61757622        5.46979788       -9.66471013
      1       -9.28568939      -10.42639697       -1.86772792
      1       11.98587490       10.83087987       -9.13497775
      1        5.62468597       -2.74936080       -0.01426321
      1      -13.08234596       -6.34121866       -3.86984062
      1        3.22999742      -12.16515509       12.61258179
      1       12.41733952      -13.54627563       -0.46061309
      1       -5.75958540        0.42419969       10.33045290
      1       -4.82953783        0.11033345       12.84505786
      1       10.71379794       -1.26632273       12.93770011
      1        6.70037854       10.52489377       -5.76151507
      1        0.49406882       12.64626474        4.11793320
      1        7.74421233        9.92720180        3.76593946
      1       -8.12336192       -4.57057410        8.81915080
      1       -6.87924583        8.83200755       11.02558458
      1       -5.30383400       -3.56658456        1.01121473
      1      -10.42090819       -6.87398504       -1.63586050
      1       12.82368532       -9.28901254       11.28112053
      1        3.31251728       -2.41547224      -13.21675184
      1        5.75225479       13.14302027        3.95519617
      1        7.37662122       13.09864983       -0.73427377
      1       -3.39944285       -4.92702821      -12.75383215
      1       -4.88547815       -5.06416331       11.39093324
      1        3.58713460        3.92642324       -3.46851909
      1        1.01392824       -4.68609063      -11.57245655
      1       -6.56614172       -1.79896026        6.98342548
      1        8.41606456       -2.75952665        9.46987667
      1      -11.88822194       -3.92683417        8.93668754
      1       13.09515541       -2.36424252        1.11630597
      1       -6.97673695       13.23848358      -10.99115864
      1        4.50091347        9.12365774      -10.87823952
      1      -10.66949678       -2.48979992        7.48557593
      1      -10.41309489      -12.08352814        8.88180304
      1       10.22534072        5.07933847        0.82105297
      1      -12.43489581      -12.92990344       12.08007735
      1       11.18474266        9.12003018       12.76813245
      1        4.61020374       -4.98735869        3.58131227
      1        5.02060324        7.13746574        6.07365620
      1       -2.94654862       -8.69871424       -3.11280903
      1        6.67603381       -0.38557636        4.28428761
      1        9.51382798       -0.28221459       -9.86202956
      1       -0.09023788       -0.96604470        4.01673893
      1       -8.14354506        9.36617699        0.25855747
      1        2.08599761       -4.76687196        0.29311129
      1        6.14715788       10.82790448       -8.03245509
      1        0.70677711       -6.20562629        1.78831094
      1      -10.35323559       11.98061691      -10.26230218
      1       11.20198792       -3.42061386       13.89724378
      1        4.56071986      -12.39148658        0.68781742
      1       -5.73075882        4.33285628       12.41999853
      1       -7.79424657        5.49646105      -12.20705833
      1       -7.97543147       13.10294942        2.09604663
      1        4.88919736       11.38111922      -11.72890781
      1        5.12180372        0.02544537       -3.46741604
      1       13.32330570      -12.66895187       13.31463898
      1       -4.57714671       -4.86757772       -2.68955343
      1      -10.65923749        9.19906126       11.96004916
      1       -3.12728879       -7.54345249        4.65283386
      1       -5.70453251        2.53487632       -4.88979567
      1        7.76628267      -11.32827585        7.53040238
      1        5.41499978        6.93844560        3.73329908
      1       -2.26179313       11.68246999       -2.63775447
      1       -4.82363602        1.65974020        5.04037348
      1       -5.20219459       12.10984851      -12.29143900
      1       -0.11771985       -5.66278459       -5.00300414
      1       11.55229194       -6.39266196       -1.95696932
      1      -11.82846554        2.86089672       -7.77522958
      1        7.96937211       11.41883653       -9.43223836
      1       -5.05124807       12.30233941       -0.41255584
      1       12.04353701        2.05457841        4.72861465
      1       12.53176456        4.88729754        8.32383168
      1       -5.40441110       -8.06057730        5.06439438
      1      -13.22961373       -4.73514556      -12.17889774
      1        6.73357497      -13.44443614       -3.91619812
      1       -9.65280235       -8.64577959        1.67605376
      1       -8.54937732      -12.28193259        2.14836345
      1       -2.82585811       -2.77007592        6.16890513
      1       -8.24862351       -5.48536424        2.92759093
      1      -11.54558806        4.76109519       11.50508783
      1        9.44989387      -10.61584021      -10.83026089
      1       12.28476284      -11.97466020      -12.44913958
      1       11.95875349       -7.39120577      -11.22699947
      1       -0.20198521      -12.13864699       12.96437649
      1        3.39637880       -4.51627642      -12.15098575
      1       -8.65876322       -1.62879723        2.16452265
      1       -9.89511168       -5.04210309       -9.17704173
      1       -0.59433280      -10.27367351        8.70642635
      1       -4.26311484       -2.51328003       -2.72705631
      1       -7.56283350       -0.53345496       -3.06598818
      1       -3.02109511      -12.20609037      -12.06192630
      1       -8.87491704       13.40802788        6.51350174
      1        6.59093072       -5.45985540        2.26333055
      1      -10.43850501      -13.20780570       -6.14340228
      1        2.08705546       -8.86317712       13.68675781
      1       -5.38704097        0.32596467      -12.60722334
      1       -9.95846447        5.35119788      -13.08278677
      1      -11.46305333       10.02429093       -9.47921491
      1       -5.64761113        7.05532010        9.95043934
      1       12.54649917        9.18278376        2.76485850
      1      -13.98999772       -0.09581061       13.84291674
      1        2.88938252      -12.08516545        4.17318849
      1        2.40919834      -11.36361316      -11.07340642
      1        8.85633519        8.13784502       -3.74388745
      1        8.02051473      -10.95620237       -1.35688216
      1      -10.16106351       -0.93144428       -5.63812893
      1       12.84997011        5.78000293        6.14414321
      1       13.16634227       -3.99051130        4.74049038
      1        7.07455395       -7.60563531       -4.79405824
      1        1.59659670       10.15609842       12.73300576
      1       10.04803447        5.62004102       -9.51838214
      1       -9.08773906       -2.23949230       -2.32986298
      1       -4.30384553        2.12471330        9.36969932
      1        4.07217381        5.53561359       10.21203425
      1        2.74802527      -11.70757278       -5.09589420
      1        4.34703175       12.14469024       13.87466679
      1      -11.30591516      -10.44046119       -3.06144052
      1        2.32426852       -1.05811234       -0.04021440
      1       13.02653293       -1.67428315       -7.03317500
      1       -6.87191596       -9.19795807      -13.39610351
      1        4.42550957       -4.82745512       -0.65691722
      1        4.75490142        3.35200635        6.22852456
      1      -12.87436359        8.21167265       12.41648728
      1        7.06157724        6.99813749       -7.91967528
      1        6.70624163        3.32914313        7.58118053
      1        4.92334582        8.03578998       -3.33978195
      1      -13.57093203        3.48153899      -11.03987255
      1        3.32294308        3.67153868        0.46112234
      1       -3.84916205        6.87139121        3.31109357
      1       -8.78349225       -6.58779775      -10.73382228
      1       -7.31147497       -4.58930570      -13.27878794
      1       -3.78140358        3.82633788       -8.21268596
      1        1.29662596       -3.84962374       -7.79492340
      1       12.97658208       -4.76212966       -4.03902276
      1       13.43448712       -4.18522171       13.59879614
      1        2.61783864       -1.88863616       -7.86081138
      1        3.14725009        1.57242281        6.13432893
      1       -3.21403399       11.74270756       -4.83619454
      1        8.01530262       -8.83958531       -7.69252032
      1       10.95280463       -8.49439030        9.99452498
      1        4.69379008       -5.42813544       -3.02339063
      1        3.39687436       12.90154463        6.90111879
      1       -4.11640888        2.58757173       12.85934442
      1      -10.10480776        6.43238144        2.81655511
      1       -9.76277530        2.65951551       -9.95540251
      1      -10.08922171        1.77091190       -2.40895195
      1        6.99790105        3.30956508       -5.54972147
      1       -8.73570598        1.57162367       -0.32442010
      1      -10.05787678        8.12486625        1.16133141
      1       -4.60898317       -4.28485242       -8.58843102
      1       -4.87856235       -2.36464717        2.93765876
      1       -0.05382919        7.50652612       -7.34581165
      1        7.86687835        4.84842297        1.47267221
      1        0.63105477       -4.26405780       12.69083556
      1       -6.18730480      -11.05588916        2.72106849
      1        7.72425375       11.59358028       12.01021661
      1       -0.62706993       -3.45302957        6.72656155
      1       -1.05685577       13.12237674       -7.92643908
      1        0.97797888        2.13328979        7.17820484
      1      -10.08902284        3.43604128        7.09726799
      1       -0.38013878       -2.68558325      -11.88243982
      1       -6.80011416       -5.59596422       -2.17906268
      1       13.49951034      -12.52949859        6.04676140
      1      -10.68540845       -7.25932855       13.66536253
      1       -2.18482015        0.41018727      -10.44181861
      1        2.68475848       -0.55849029       -5.78355407
      1        8.94354796       -8.88785351       -2.13920151
      1        7.46784012       -3.27570872        1.77248695
      1       13.26385076        7.49549194       -9.98472679
      1      -13.17819228       -8.02783968       -5.82652128
      1      -11.71104467        8.53360929       -5.60179039
      1       -0.46089652       -6.18091175        9.86358723
      1       -6.54827196       -8.91336591       -4.11024100
      1       -4.33011611       -3.90812017        4.66646984
      1        6.66470268       -6.71758519       -7.01889865
      1       -3.53459191      -11.35070868       11.31645964
      1       -6.97360167        6.85587151       -2.61174073
      1      -14.22340317        1.42331117        9.85726704
      1       -1.76339295        6.04868025       11.22595214
      1       13.76762684        9.85560916      -12.39436865
      1      -10.38536520        4.69356293       -4.61739829
      1       -6.24523766       -7.64286239        7.28632238
      1       -9.08548782      -10.87431975       12.25225058
      1        5.05341009      -13.48359161       13.24840337
      1       11.12255051      -12.97408897        3.13856131
      1       -6.88760215       -7.49170716        3.19375294
      1       -9.92822008       -0.11377926        0.76884374
      1       -2.26504966       -0.85180365        4.81830966
      1        0.03234120        5.08065009      -10.15483219
      1        7.40539855        4.51359579      -13.52573925
      1        9.03357537        4.41183308       -2.63477665
      1        7.50947512      -13.47570806        2.92813506
      1       11.82616515      -11.92057419        7.81697016
      1       12.21425298        1.86281926       -4.03400117
      1      -10.06481578        4.17627109       -2.33238139
      1       14.01981458        6.51945938        9.20769021
      1        3.44159907       12.29520612       -1.27006701
      1      -10.13684263        1.71172269       12.27562168
      1       -0.43759896      -10.45489913       -8.70444296
      1       -0.46016433       -0.68558709       -2.70997295
      1      -11.47173820        6.82118171      -11.95306580
      1       -1.72503549       -1.36703041       -6.14960313
      1        4.69879366       12.72222448       -8.08703511
      1       -8.18583190        9.18698555      -11.34957246
      1       -2.29012129       -4.26405152       -7.94705662
      1       11.79390624       -0.32516149        4.94183583
      1      -10.18301839        9.75415233        9.59845920
      1        1.86067388       -8.28608002       -2.87565823
      1       13.69283527       -1.78978521       10.43509873
      1        9.05019743       -6.93576011        7.35289913
      1        1.96903523       -7.75340921        7.14202282
      1       10.80233202       -7.90191516       -5.49552571
      1        7.02862253       -4.83225102      -10.72430461
      1       12.02485228        9.63506959        7.51647298
      1        5.60253248        0.88070599       -1.25885117
      1      -10.90342594      -11.85291632       13.51857481
      1      -12.59352529       11.66388462        7.27745324
      1       -5.14862761        3.99765598        8.08084398
      1        6.03967034        4.31740621        9.62522377
      1      -11.68556043      -11.02041955       -7.50324944
      1       10.69104933       -5.71123843       -4.41241451
      1      -11.49236486      -10.04069385        2.29932564
      1       -7.25593953       13.58762709       -8.57632294
      1       -3.37012940        6.46605525        0.92346373
      1        0.74905916      -13.14009593      -10.95686394
      1        1.42334385        2.94963010       -3.74922942
      1       -9.47813730       -5.63238813      -12.82117552
      1      -10.86157594       -1.21410913       -1.10832136
      1        5.86988684       -9.88256569       -1.75473672
      1        9.12987899        8.88850831        0.17741051
      1       -4.09174299       -5.63043499        1.11059881
      1       -0.00563515        3.87054886       -2.04145535
      1       11.27189682        1.06039894        9.31100012
      1        9.14926039      -12.59204376        4.44387739
      1        4.60651752       -7.61496370       -7.80257765
      1        1.12987044        2.63507930       11.08695871
      1      -13.09751188       -0.48151432       -5.82455549
      1       -9.40343896       13.99872402       -3.94149468
      1       -6.91765800       15.37292942       -0.70861329
      1       12.49438825      -12.53617225       -2.70262448
      1       -6.07648403       -9.47426903      -11.06988820
      1       -7.01234879        6.37174382       -8.62768105
      1       -0.58514848        9.70670833       11.86991526
      1        5.31700434      -13.71072752        9.38246813
      1       -2.50755516       12.09360658       -9.48098345
      1        8.14465602       -6.80510570        3.51181987
      1        1.90445008       12.88790995        2.21244999
      1       11.97018091       13.24237425        6.02671210
      1        6.69822820      -11.60323109        1.65412058
      1       -1.57945585       -7.30465254       -1.62165233
      1        7.89620380       -4.95593539       -8.49481379
      1      -11.44277679        7.56989222       -0.75649902
      1       -8.16603237       -9.56748403        3.39448071
      1        0.71961793      -11.64620806        0.55996609
      1        1.01161860       -2.28554073      -13.80322665
      1      -10.49397300       10.05885477        2.61285100
      1      -12.79166786      -13.28089994      -10.10594055
      1       12.08690713       12.76164743        3.66867482
      1       13.12993861       -7.95719949       13.18827839
      1       -6.56252049        9.02371991       -5.54435924
      1       -6.97851260        5.30337130        9.05204113
      1       -3.70922037        7.60605229       -8.30871123
      1        8.47171788       11.85355059        6.89386475
      1        7.77153292       13.76324802      -12.36085489
      1      -11.60566694       -0.33187957        7.49802507
      1        1.81167729       12.82639330       10.53038766
      1       -1.81125845       11.56184768       11.06194864
      1        8.39976622        4.96519945        7.21455685
      1       -7.65173969        4.49073335       -9.99137782
      1       10.52542726       -9.10951576        0.87923895
      1        2.02429344       -5.02386643       -5.86797684
      1        3.35246356        2.58981457       -8.19626656
      1       12.76275793        8.18393701        5.79976373
      1       -7.65858689        1.93134960       -6.05708938
      1      -12.46736448       -3.92217423        3.88097250
      1       -4.46215805        9.83576877      -11.76473431
      1        2.29499628        8.86477807        3.14972549
      1       -5.24702341       10.26306275        2.70698610
      1        4.07238793       12.70810986       -3.48669186
      1       -6.99992237       -1.43696105       12.35010973
      1        5.41185613        8.64817235       -8.66459079
      1      -10.82491893      -12.37314362       -9.26409738
      1       -6.64526226       10.42432411        7.39008579
      1      -12.02153061        5.28424212       -1.34283227
      1       -8.76266907       -9.99266095        5.80582739
      1        1.65808346       -1.93914287       -2.21412943
      1       -6.27534546        6.55875375        2.38615434
      1       -4.16890198        8.26681857       -0.37033277
      1       -8.73582268        0.56913645        5.25513622
      1       -6.69842940       11.92575075        3.74476779
      1       -4.18801451        8.24730045       -5.90301917
      1       -6.51358130       -0.07615980        5.30810811
      1       -2.54556979        8.86471481        8.83071123
      1       10.82402717       -4.56121977       -6.59058949
      1       10.63207496        6.80633102       12.30681713
      1       -5.52223578       -6.05925751      -12.78225196
      1       -8.47917040      -11.69222055       -5.99851473
      1        0.43248124        3.18419442        3.68753923
      1       10.86997621       -0.87378246       -6.30607890
      1      -12.64805111       -8.41469915      -13.37579219
      1      -11.49592521        0.32885677       -7.53281273
      1       -4.30103134        4.34498424       -1.90584495
      1      -13.12999394      -10.35335163        0.49642385
      1        8.70763560        0.56734317       -3.58753095
      1        5.50249704      -10.08860135      -13.03248289
      1        2.08438508        6.69052702       -8.05044259
      1      -11.46202463       -7.67089772        9.86095381
      1       10.20566192       -8.74151370        6.25507053
      1        1.28522752       -0.03428757       13.31877303
      1       11.48489803       10.77242668       -2.10918145
      1       -2.34085512       -8.74913600      -11.85728111
      1        2.16484116       -7.59164397      -10.18363390
      1       -8.59435218        2.55730729        3.96386996
      1        3.56187696       10.07170008       -0.52855976
      1       -3.74978673        4.86004349        4.58116185
      1       12.44625212       11.87911805       -0.14643418
      1       10.29066731       13.41869177       -7.28943406
      1       -4.41006513        8.91862820        4.48585311
      1       14.07972323        1.99005539        6.15907389
      1       -4.25851623        7.42687439        8.07399289
      1       -0.19142609      -11.72130030       -3.55603708
      1       -0.83838330        2.68853403        5.69000515
      1        0.31677777       -6.39050931       -2.76225578
      1       -1.35070580        4.70673994       -8.12693207
      1        7.39374814       -9.80608707       -9.81345787
      1        1.53186945       11.74247812        6.00511484
      1       -8.59349605        2.07048675       14.21906938
      1        7.82694247        1.97589130       -7.37052730
      1       -6.74392173      -13.43433156        6.66922821
      1       12.88305364       11.82099419        7.70215459
      1       13.87076445       -9.09136867        7.83426857
      1        1.95294794       12.20706942      -13.92168929
      1       -8.51643070       11.56388844      -11.73685844
      1        8.43680655       13.64617939       -8.74768185
      1       -4.64971079        6.74169113       -2.20167776
      1        7.07057599       -5.90530679       -3.16083975
      1        3.46217646       -6.47585225       10.65993473
      1        1.12974470        0.56272599       -4.22791766
      1        6.03953871        8.84608262        2.46026906
      1        5.60664482      -10.60184967       10.85122806
      1       10.57324755       -1.80397987        6.78020311
      1       -9.23935933       -8.37044223        9.44010769
      1        9.27067921        1.60781579        0.13914865
      1       -5.28217633        2.57420273      -11.89375774
      1        3.67054565       -7.39531908       -4.05436598
      1      -11.89154849        3.33558508        5.49019861
      1        7.11653765       -8.83330431        4.26660081
      1       -5.08684870      -10.88902716       -0.80858515
      1        3.90737730       -7.52526437       12.78928387
      1       -2.16599953        9.69587850       -1.16536390
      1        8.90343488        9.05353608        9.42918263
      1        0.39621657       -9.88974751       12.31027127
      1        3.19465556      -10.70012725      -13.29518429
      1       11.06379683       -8.09207905      -13.32018642
      1        7.57848882        1.75994362        3.85391133
      1        2.47129795      -12.69306380        1.90498341
      1        3.68357820       -9.89724287        3.96413875
      1       -8.55286649       -8.94355268       -8.39096734
      1      -13.08156165       -9.62246345       -1.76695035
      1       -9.27996240       -4.55446736       -6.93343843
      1      -10.64532607      -11.25671331        6.67212903
      1       -7.04662652        8.72709336       -9.29309604
      1       -3.27108730       13.28267681      -11.47242016
      1        8.75284404       -4.33800369       -3.71568212
      1      -13.72525436        2.05297172       -9.13539645
      1       -7.88865361        2.86664718        1.58238568
      1       10.55329108        7.24280735        9.95332878
      1       -6.74312906        5.54367447       -6.37592689
      1      -12.15054825        2.84084380       12.82434573
      1       13.39223978       11.85427714       11.40806485
      1       -7.86388535       10.32734462        9.47860851
      1        7.46583512       -0.51194758      -11.45604707
      1        4.92578673        7.72756249       10.06969222
      1       -3.11132940       -0.88130048        2.59899174
      1        3.72620637        5.99909875        0.52372978
      1        4.20459209        5.73323516       -5.61895794
      1       13.72630787       -4.12864330      -10.03764980
      1        7.33173338        7.06141426        6.77614145
      1        9.69477353       13.76600481        6.24370264
      1        5.02210352        2.27378820       -4.56118327
      1       -0.38210946        2.36710392       -7.54707150
      1       -5.60196563      -12.14775090       10.32758188
      1       -5.97688178       13.74148166        8.86015016
      1        6.35690434       12.06212328       -3.95276069
      1       -3.65334552       12.35681354        6.16427996
      1        6.13294461       -1.29508347       -8.62033878
      1       -0.32413242       -2.65563481        2.34779529
      1       -1.83878562      -13.00209374       11.38041129
      1       -2.20685611       13.68202591       -5.83813029
      1      -12.59676603       -2.36084514        2.14904712
      1        4.45803211      -13.39849851        5.43540803
      1       10.31156353        6.24085027       -3.57801608
      1       10.92771144        7.88241157        4.25109002
      1       -1.43462967        6.53808978      -11.28235135
      1       -7.65776843       -6.76704313       -4.09614696
      1        9.48158642       -4.76384152       13.03129206
      1       -6.42485219       -3.98486787        5.94012524
      1        1.57382289        9.15892208       -1.57299488
      1       10.74017491        3.43074273       -9.92286140
      1       -6.81033791        3.69541967      -13.36655295
      1       -6.69330439       -7.58336917       -0.89626183
      1       -0.05751443        6.28874183        4.98844052
      1        8.57604417      -10.78031982       -6.11463527
      1      -11.74073455        6.18717114        7.90529943
      1      -11.13684160       11.92718978       -0.63229855
      1        8.44656382      -13.12606763       -2.34434952
      1        7.59586842       -2.95294095       -5.28423049
      1       -1.14658546        7.87618448       -2.67611765
      1      -13.17383810       10.99025298        0.29762994
      1       11.70326591        3.09414795       12.37035115
      1       11.03619180       12.43849360      -13.18536839
      1        2.13743959       -9.74153524       -9.10916371
      1       13.88866520       -6.72890508        7.72088896
      1        0.65590988       11.35138358       -7.87238941
      1        0.71515400        3.72182683        8.99315092
      1       10.40063967      -13.07547354        0.89754851
      1       -0.09941148       -3.93751667        8.98221105
      1        6.19394293        5.50808819      -11.65975004
      1        0.94248585        0.92319122        2.98639704
      1        6.56936442        5.67315172       -5.87405520
      1        9.05286722        9.65925496       11.78073719
      1       -1.07223649       10.99612291        3.48041957
      1       -8.01962648       11.36216444        5.64437968
      1        2.29381939        5.46473987        8.57293132
      1      -12.22974332       -0.05353116      -12.26758512
      1        4.16912006        1.15613125       -6.47315973
      1       -1.89659661       12.29276374        1.68921327
      1        8.76096897       -3.12239041        5.72859298
      1        2.66266278        4.58488764       -7.04403583
      1        8.17905486       -2.93185350      -11.62712924
      1       -5.60063216       -0.85408453       -8.03544103
      1       -5.55147781       -4.34583017       -6.41834103
      1       10.47010236      -12.38117477       -5.98066700
      1        5.09750266       -8.59940008        0.30981840
      1       12.67465898       10.24968575       -6.98858044
      1       -3.07855620      -12.12624353       -1.23548009
      1       13.36249482       -2.83852249       -2.75955821
      1        2.26827882        0.54637589       11.15999188
      1       -3.63456564      -12.31539495       -5.09660264
      1        5.97718482       -4.44451658       12.86507956
      1       -8.56709249        8.01062954       12.61125354
      1      -10.19581818       -6.31744789        1.86877898
      1       -9.11651888       12.43758149       13.91104249
      1      -10.99669934       10.72965481       -2.77699861
      1      -12.63667906       13.52710073        5.77233852
      1       11.84353930        2.41554090       -8.07662661
      1       11.52154907       -5.14227103      -10.37722876
      1        1.92032843        8.33557312      -13.49907453
      1       -4.31454073        0.62230372       -4.86407742
      1        6.96154396       -6.59887171      -12.34636328
      1        9.08987958        4.50191502        5.05300724
      1       10.57867986       -3.28761623      -11.65928685
      1        3.42966581        5.31139035        6.40548605
      1      -13.32864726        1.53555350       -4.49150540
      1       -7.77308148        9.92238927       -7.40419122
      1       -1.75224258       13.67693669        6.74679907
      1       -0.43956139       -1.22652455      -10.03460890
      1        6.82402525        8.19962605        0.29597530
      1       11.15015707        5.49537809        4.44141990
      1       -4.91156120        0.38627563       -0.32457239
      1       -3.80788512      -10.28577780      -10.76715105
      1       -6.77996877        4.79517862        0.71908424
      1        5.34794935        8.62121810       12.20933034
      1       -2.70596295       10.06106657       -6.34120446
      1      -13.81260531      -11.34484586      -10.99530946
      1        3.31137601      -11.22947926       10.23229828
      1        4.49197704      -12.55636476      -10.85255289
      1       -6.01350487      -13.94691748        0.99431258
      1        2.90004527        0.99399010      -13.06969088
      1        3.20628852        6.61984924        2.83080624
      1       -1.12499189       -0.11496387        9.42662118
      1        7.22153167       11.46828124      -11.68622978
      1      -12.61262082       -9.26270176        4.27162687
      1       -4.79742483        9.33084403       -9.47514640
      1       13.99596071        5.81166348        2.04103889
      1        5.06097801       -1.34021690       10.74375896
      1        2.94721019        6.54716424       -3.45842396
      1        0.78848268       -0.09578325        7.99112652
      1        2.16148896       -3.28720400        9.18088991
      1       -8.82659136      -10.62497217        9.89017704
      1       -3.13589854      -11.48406386        4.68759981
      1        1.14193668      -12.46690488       -1.68806870
      1       12.50710437      -11.16883040       -6.60374840
      1       13.66701673       -5.95303283       11.95185312
      1       -1.88082795       -1.85423268        0.54421316
      1       12.29478338       -0.52570660       -0.23764119
      1        2.89316694      -13.67887577        8.97049490
      1       -8.22839484       -1.54674674      -13.33388947
      1        3.10698278        8.94180161        9.12140143
      1       -4.63729190        4.32020825       -6.02305150
      1       -2.66774020       -1.11124476       13.34979123
      1      -10.08875423        7.12749336       -4.52695121
      1       -8.54725034       -4.93610549       11.08250992
      1      -10.62941684       -1.75462704      -13.19107140
      1       -1.00504873        6.00128368        1.00151138
      1       -9.91422926      -13.41431159      -12.86759103
      1      -13.45983026        8.80243931       -0.53413197
      1       -9.94602910       -1.07576429       -9.02320987
      1       -3.59222074       -0.06380266       -7.01686829
      1        0.46030631        2.95321968      -11.13314179
      1       11.44992255       -1.17365873      -10.95399570
      1       10.57912311       -1.26549677        3.06956216
      1       -0.78569709        7.98523191       10.20035371
      1        6.24496512        2.51712971       11.01265692
      1       -7.36555446        7.71793361      -13.04316475
      1       -5.65674639       -1.24272654       -4.21655817
      1        6.69424209       11.46060154        5.34861522
      1       -3.08923523       -5.54513496        3.31236925
      1       -5.58536333       -7.51118375        1.19168446
      1       -1.31483273       10.06706219      -10.16846512
      1        5.68251132        7.71255768      -12.36217971
      1       11.50055349       12.20622025       -4.02789127
      1        8.95565189       -6.87817300      -13.79349698
      1       13.83121067        5.26607434       -4.97792620
      1      -10.21856817        8.49940946       -2.54946854
      1      -10.50957317       -3.26383498        5.23925540
      1       -1.07350536      -12.88277783        8.85520596
      1        5.72613324       -9.06616315       12.67595721
      1       11.68613117       -0.00826017      -13.11151962
      1      -11.25768160       11.88806514        9.24271161
      1       13.77299822        1.26704443       -0.90645379
      1      -10.04700807       -8.52696284      -10.22664801
      1       -8.07292692        1.03759663        9.31062401
      1        3.96967146       13.03705207      -10.29633786
      1       -7.88682997        4.37803578        5.36270930
      1        2.82767442       -0.95445768        9.19699972
      1       -6.80078075      -12.00902678       -7.76526139
      1      -12.33558554        6.68913352        3.73958290
      1      -12.84820999       10.63175167        2.67781150
      1       -5.14569932       12.16816284       13.10581681
      1      -12.89306133       11.77515274      -13.24666003
      1        8.29180238       -5.51083736        5.54803987
      1      -11.96847927      -10.57725244      -12.50185457
      1        5.85635260       -5.61738796        5.59690249
      1       12.87615871        7.88585584       -7.64958851
      1       12.39093039        2.23536122        2.37632870
      1       -1.58186980        4.49924388        9.50386108
      1      -12.27328873        0.60958393       -2.36759137
      1       12.57846243        8.38794463        9.45197102
      1      -12.26517683       -5.44122580       -9.01369820
      1       -6.25749080        3.18067649       -2.62232349
      1       -2.55290080       -6.92091292        8.79442342
      1       10.41098031       -6.23671765        9.30593362
      1        8.90668064        9.57212454       -5.69078990
      1      -10.36269973        8.20225065        7.68361654
      1       10.13644610        2.80030780       10.46782628
      1       -3.94627728        8.16435460       12.99925249
      1       -7.26559012      -12.95505980       -3.02784725
      1       13.55207983       -5.99090950       -0.70186839
      1       13.51766667       -3.50427441        8.80118158
      1      -12.56319131      -11.83119035        9.97418530
      1        9.68312779       13.48915587        9.91931080
      1       -6.53777806      -10.43188164        8.98650222
      1       -0.93104760        1.41809602       11.30582054
      1        6.35699863       -0.57576943        6.70912299
      1        8.72891477      -13.16567400       11.79370527
      1        8.03839163       -6.76888081       -1.17509583
      1        7.72461282        9.16796595      -12.56153452
      1       -9.32736898       11.42054189        0.94593682
      1        3.95192701        7.85456052       -6.96095953
      1       11.92316781       13.19610637       -9.03568661
      1       -1.40916935       -6.19875731       -9.04381848
      1        0.41525578        8.12922972        6.50073726
      1       -9.51873877       11.66965542       -4.38511767
      1        4.74123338       -4.60928217      -10.18290309
      1       11.44216992       10.09579275      -12.92482174
      1       -2.20794725        1.06334565       -3.79448915
      1       -6.81661055       -3.85728830       12.32010069
      1       -1.65003492       12.40233833      -12.95641572
      1      -10.69446547       -0.38136383       11.23120515
      1        0.87704062        0.74802353        0.59494880
      1      -13.19851763       11.77844971       -6.78393194
      1       -4.90655380       -1.13547338        8.59780918
      1      -12.38825593        3.53332939       -5.47905083
      1       -3.75255408       13.50187732       -1.97124531
      1       12.96115100      -10.38975108       -8.93793789
      1       -1.78282481        4.85345278        5.88031216
      1      -12.93835726        5.75737512      -10.41105092
      1       11.63382284       -7.85510756        4.57067942
      1        3.52886770        3.38828534        2.91743593
      1        8.59389830      -10.38036206        5.44738553
      1      -12.24804740        2.33878127      -12.67267601
      1        3.97320819       -3.98425253       -4.77412477
      1       -9.98560414      -10.91629607      -10.98146480
      1       13.05561305       -2.46696361        6.57598476
      1       -5.36384465       13.47892021        4.90791075
      1       -5.19256897       -8.96225480       -2.20331730
      1       -8.79697256       -2.20925777       -7.08130451
      1       12.43313854        5.35764322       12.71611533
      1      -13.37552005        2.17402898        1.13699136
      1       -9.58829599        9.74685363        4.90099809
