 run_id:         1004
 total_energy:   -4102.5663000878812     
 P   27.848118434861512        27.848118434861512        27.848118434861512     
      1       -0.14431709       -8.77929187        6.84537793
      1      -13.06908343       -9.11575417       -8.06959073
      1       -7.78737863      -12.46086167      -11.85508377
      1      -10.21238723        8.39061306      -10.64671897
      1       13.10225524       12.86965023       13.49812044
      1        8.91386794      -11.10378514        0.72843316
      1      -13.86197234       -3.69552796       -0.72762291
      1       -2.89252031       -4.84019823       12.81703940
      1        0.76640806       -1.54083028        6.21614843
      1       -1.07601728        0.08581481       -0.51190844
      1       -1.44721458       -3.52637058       -1.24476416
      1       -2.72047212       12.88167651       12.70566454
      1       12.14048800      -11.48624366       11.63291371
      1        8.95507014        2.80838285       -4.38974080
      1       -5.61115948       12.05809285       -4.93438174
      1      -11.84531718       -6.14646203        8.16898120
      1       -5.30089861      -10.42332500        4.91187624
      1        5.60697901        9.33590884       -1.43225992
      1       -2.69715441       10.42577525        5.17458294
      1        8.66243774       13.05139858        1.23360303
      1       -2.33507417       -9.62362984        1.56097816
      1        3.11315608       -4.09477779        7.13464833
      1        4.94181339        2.56034217       -9.94173834
      1       10.54160040      -13.40935791       -3.77762179
      1        0.24401410      -12.82453281       -8.57465049
      1       -0.24282019        9.67828016       -6.29102793
      1       12.90887881       -9.55564402        3.52520375
      1       -4.79665226       -8.37254985        9.44491738
      1      -10.11215038        3.23137726      -12.22631817
      1       -0.33222610       -5.33404218        5.53990282
      1        4.89280387       -5.92298304      -13.50316189
      1      -11.05152014       -8.82112565       -4.89071551
      1      -10.86858520        2.76859934        3.38739451
      1        9.89124179      -11.13760815       12.40450902
      1        8.37051639        6.11698309       12.67394261
      1      -12.03707217       -0.70919089        3.79603683
      1       10.90731493        6.63724007       -7.47099023
      1        7.00497649       -0.67226438       -4.76416754
      1       -5.67616757        2.75015718       -9.44386087
      1       10.93775573        0.49562720        1.38846599
      1       10.90645991        7.17689987       -0.03218209
      1       10.76589400       -2.61043802        9.00508603
      1        4.53602273        0.84666782       11.54436177
      1        8.96540556       -8.97400467       -4.55713220
      1        1.14738263       13.02271602       -1.40516062
      1       -4.07422977       11.05475751       -8.09563804
      1      -13.34190027        7.71114062      -13.13562394
      1        6.73028456        4.96825488       -2.03807002
      1      -12.70917429       -7.33036569       -1.79972070
      1       10.11573252        4.88050787        9.06407376
      1        1.19323923       -9.35169762        0.90344587
      1        7.61412390        2.48868743        1.52640214
      1       -3.20121422       -7.70523533       -5.26670295
      1       -0.06596325       -6.18685765       14.83466028
      1        6.93926819       -5.83493768       11.17836269
      1        4.66046256       -3.10177746       -8.24760314
      1        1.78633041       -8.75169508        3.18159194
      1        5.75056589       11.81461820        9.45237281
      1       -0.36140076       11.77210075        7.40457445
      1       -4.42720371        4.43963655        0.46640268
      1        2.31436258        3.21183928      -12.56154605
      1       -8.90570553        0.74931902       -4.30704139
      1        8.17491749       11.67909374        9.38457647
      1        5.35990713        0.13444228      -10.43479650
      1       -7.30685253       -5.85876841       -6.19917612
      1        7.15206661        5.17185762        3.66494855
      1      -11.66304825       13.26284505      -11.75142034
      1       -3.14344421        7.17066055       -3.94336838
      1       -0.02848014       12.17592889       -3.26691318
      1        7.17276085        3.13536116       -9.33114897
      1       10.49435281      -10.43087034      -13.10711317
      1       14.01298396        9.78641581      -10.09910686
      1       13.31126334       -6.65737633        1.41634019
      1       -3.34137102        3.45926405      -12.76724830
      1       -1.50740892        1.94259367      -12.18557384
      1        3.06377728       10.75199835       10.80544276
      1        2.65497996       -4.30616460       11.28758436
      1        7.72930389       -7.84114170       12.25240136
      1        3.75323473      -10.92404915        7.70919295
      1       -4.01373326       -1.04066782      -11.21343272
      1        7.21012565        7.56022418        9.08559595
      1       -8.83449854        3.98046007       -6.27113885
      1       11.17907827       -8.71271642       -1.47851629
      1      -13.37146204       -0.44620328        5.82456901
      1        0.91852655       -5.62891632       -9.39650200
      1        5.59616859       -9.63997246        2.55028955
      1       -0.72095729       -2.47540195       -7.98623028
      1        9.61706358      -12.76128056        8.12470386
      1       -2.24926441        3.32022726       -2.73720351
      1       -3.68399388        5.79903408      -11.79835315
      1       11.94059115        4.57321242        2.39907262
      1        0.64271881       12.43512495      -11.93222218
      1       -7.80165808        0.39535207      -12.15085862
      1      -10.23894617        9.52011830       -7.38973978
      1       -5.15812461      -13.72383757       -3.81961018
      1       -9.99292663       -6.83574261       -4.00688462
      1       10.19759918       -7.96551887       -7.88384643
      1       13.17350723        9.51680805       11.47136173
      1       -2.13441632       10.11719389      -12.45671664
      1       -0.11472664        6.17714708       -1.21526777
      1       -4.80720130       11.81043117        8.16228492
      1      -12.65622079       -1.58183182       -3.65638804
      1        9.19968360      -13.06765647      -10.73734429
      1       -8.28293651       -4.89065972        4.98064337
      1       -9.87009658       -1.51220578        4.31594763
      1        2.98135124       -2.19217227        5.77145321
      1        9.79181418        9.83654846       -9.36612099
      1       11.45063829        5.35455028       -5.50793125
      1       -4.02853228        1.34467663        2.80764412
      1       -3.19730809       -9.10545482      -13.95542384
      1      -13.77299310       13.70961559       -8.10998811
      1        1.33110287      -11.97218748        7.76302378
      1       11.25168416        6.90584355      -11.15838319
      1       12.98957974        7.68947980        0.98437691
      1       -3.34302958       -2.93794140        8.60578911
      1      -10.60662133      -13.09224563        5.36007153
      1       -7.77826312        4.83079046       -1.59221267
      1        8.66956466        2.48600813      -12.96292981
      1       -8.75634827       -8.60626490       13.05788432
      1        8.88844150        2.09473713      -10.61462190
      1       12.77924432        5.91321886      -12.82342772
      1       -9.31552436      -12.16830629       -0.23045950
      1       -0.89862208      -13.31464327        4.70440785
      1        6.02062279       -8.48944218      -11.26535247
      1      -13.04549854        6.84237556       -6.59758420
      1        2.59699115       12.36787785       -6.88342281
      1       -8.08727044        6.35137335        4.06881442
      1       11.33248190      -13.87660728      -11.32190036
      1       -6.86165270      -10.92971838        6.60696299
      1      -12.85178585       -5.51584747       -6.75321730
      1        5.10589021       11.23099536        7.15482284
      1      -12.90727556      -10.49064136        6.21427674
      1       -2.72194864       -2.55063168      -12.53068773
      1      -10.91871488       -4.91305431       -5.21879458
      1        5.39416154       -4.48651676        7.61416111
      1        6.01833458       -6.44526603        0.17656992
      1        9.59259736        2.15876601        5.21691500
      1        2.83911176       -9.10524639       -0.75400483
      1        6.37377880      -12.80965768       11.37979178
      1       13.05092430      -11.90044178        3.75178097
      1        9.60066824       -3.25062046       -1.78133740
      1       -1.04239322        0.67033094       13.59391428
      1        9.25531535        9.78858720       -2.02206734
      1        4.02594635        9.16917260        6.82226008
      1      -10.83826954       -4.22196716       11.16136456
      1       -6.09957537        8.61729002        1.20637634
      1        1.93186973       -5.81360169        5.87115867
      1       11.46078268       -0.96935766       10.58111019
      1       13.67304379        1.77086620       12.16905980
      1        7.74493323        1.13779763        7.75456867
      1        0.25263018       12.13192703        0.58813988
      1        0.01703443        9.17054586        2.40522910
      1      -12.61267197       -7.05120959        4.69538962
      1        8.29725314       -1.99957590        3.63046458
      1      -13.50113809      -13.37587853       -4.10124210
      1       -2.94706406      -10.25155885       -8.54752807
      1        1.94790855       -2.76407060        1.63012005
      1        8.88015577        8.50694977        5.37501916
      1        1.54753597      -13.77283429       12.55917782
      1        2.16198808        6.85564605       -1.18913786
      1        4.44609761       -7.01186192      -10.05807607
      1        5.74633512      -11.44854974       -9.16902022
      1        5.07786121        1.30619083       13.82656028
      1       -0.18916522        7.09839317      -13.42347460
      1       12.99439707      -12.63821980        9.70246948
      1       -8.21504389       -4.08052282       -1.00879180
      1        5.99209820      -12.49645213      -12.69698669
      1       11.14686011       -9.13896638       -9.74859634
      1      -12.97033517       -9.43459755        9.91728102
      1       -1.18367828        7.24721529        3.16315700
      1       11.75106733       -3.41291240        2.75190883
      1       -7.14920558      -12.31187264       12.13847728
      1        7.32170151       -9.82827127        9.33643772
      1        1.57668983      -13.34661035       -6.49551286
      1      -11.65989230        9.74809649        6.14359133
      1        2.52906670       -6.39720419        3.60503296
      1       -9.59056395       13.59412892        8.75125528
      1       -1.90189571       -4.20925380       -5.39010437
      1       11.57073578       -9.58588782        7.96549159
      1       -2.12353655       -9.52936261        3.89496061
      1        8.25108514       -2.34047175       -8.88637496
      1       -5.07264237       -6.62397775       -8.92255811
      1      -12.46863663       -5.99029115        2.62406553
      1       -6.61021443       -0.84214285        3.07261063
      1       -2.70033098        1.66434233       -8.39559373
      1       -5.91340579        8.48341263        6.38683060
      1        0.82856249       -4.22683629       -1.61667929
      1       12.71241615       -9.29224809       -5.12331579
      1      -10.20869562       -5.05917559       -0.21835358
      1      -12.65251551        5.50544577        5.73808030
      1      -13.64440483       -2.18992581       12.64283142
      1       11.00970870        3.05737795       -5.73564302
      1       -1.95188398       -2.43615306       -3.55468824
      1       -6.08908935        1.02964237        1.70846546
      1       10.35695591        3.45540332       -0.93439961
      1       -9.70139825       -2.88437936      -10.26202406
      1       -6.40236442       -7.10331658      -10.79860495
      1      -11.34508757       -2.27623138       12.47502852
      1        3.35147095       -0.65270802      -11.44470921
      1        1.31145922       -9.78656940       10.17768397
      1        3.94406669      -11.28709168       -1.28330297
      1      -11.59242017        5.85634357       -8.31213395
      1       -5.63138568       -7.21771431       11.38687045
      1        3.59949883       -2.68510545        3.45744670
      1       -9.52866065        5.76452793       12.35394219
      1        9.15365048       10.71847567        1.83823791
      1       -0.72078345        5.71171619       -5.74191977
      1       -1.56202372        7.80799974       -9.26731938
      1       -0.11745964        5.29935658       12.88469078
      1       13.14953826        9.05998404       -2.55693263
      1        4.62284811        9.40821573       -5.23723277
      1       -2.89795355       -5.44598001       -0.96402806
      1        0.11318299       -9.67408114        4.68000206
      1       -4.61576918      -11.12576747       -6.93615204
      1       13.30069420       -1.77509900       -9.53868915
      1      -13.34330737      -12.50056945       -6.37879837
      1       -1.69433113      -11.80121520        0.80979694
      1        4.88752342        3.28288486       -1.44740092
      1        3.73975485       -9.06069093        6.25086473
      1       -7.35082498       10.59547359       -3.89116166
      1        9.93872719       -5.33072898       -0.61361037
      1       11.40503984       -1.67482021       -2.21786021
      1      -12.52420547       -0.26590364        9.63769633
      1        9.96065537        8.89082079      -11.54500119
      1      -10.41618188        3.79647239       -8.05761397
      1      -11.05569481       11.38960481       13.00554073
      1       -2.33197595      -13.31248716        2.55095007
      1        6.20808134        5.92781283        0.08404283
      1       13.87675250       12.16370330       -4.58351509
      1       -0.94111898       -7.36264032       -6.49483409
      1        7.94699634        5.65389440       10.32485904
      1       -5.16728066       -7.82064445       13.62814522
      1        4.26932964       12.30176868        2.21781331
      1        0.86706068       -8.94750430       -6.74103089
      1       -6.38449014      -11.48567532      -13.65253928
      1        1.75381104       -0.49493949       -9.64372615
      1      -10.64810591       -2.75221815       -4.07749198
      1       -7.60576424       -3.68410977        1.26764722
      1      -13.45917210        6.13872432       11.47500106
      1       -5.49513976       -2.37609744       -9.84982212
      1      -12.92540980       10.00754758       -4.00661820
      1       -8.30006912        7.85823719        5.95832440
      1        5.36141363       -9.04443596       -4.02680940
      1       -2.87285186        2.83381002        1.32090151
      1       12.14935412       12.96351668        9.71449225
      1        7.10021636       -2.74450948        7.43085873
      1       -8.87896929        5.67219784        7.34186438
      1       12.18358648        3.73227916      -11.81422604
      1       -4.97203750        9.98893903       11.84569483
      1        1.02405580       -8.12709637      -12.19094856
      1      -11.30444785      -13.52221014       -0.81174262
      1        3.13056746        1.19015152        3.78595357
      1        5.07449869       13.25023008        0.14548974
      1        5.81323802       -4.21934542       -6.39977157
      1       12.07224181        6.89847839       -2.14767399
      1        0.84197087      -11.82616392        5.36886943
      1       -3.09639730        0.48894010        8.22695896
      1       -3.43242475        5.34603890        8.00677758
      1       -4.76638161      -13.11317864        2.92412206
      1       -4.73422480       -9.71864109        1.24173792
      1       -6.65072332       -7.67464133       -7.50612378
      1       -2.45009824      -11.11565792       -3.28813674
      1       -2.86708164        1.66114360       -0.73777963
      1       -7.86344392      -10.85446512       -3.82893579
      1       12.82887309       -9.01845044        1.27089878
      1      -10.82975532       -6.25918909        6.05961780
      1        7.48196321       -1.00147079       10.75947424
      1        9.38340917       -2.69303408       -6.76933053
      1        6.90946057       -7.79625788        8.17174384
      1        5.52128333       -6.18709245        9.33828426
      1      -11.45379920        3.95823255        9.06489263
      1        5.25795613       11.00984166       11.94076082
      1       -6.21232172       11.85445259       -7.28610185
      1      -11.73794014       -6.31817230       11.75797903
      1       -0.08390240        9.81924681        0.06635629
      1       -5.60359378        3.76989516        5.75501335
      1       -9.71201519        7.30656918       -8.58692183
      1        4.76575470      -10.67331052       -5.69525650
      1        8.98987005       -4.80332532       10.63860330
      1       -7.49519820       -2.80980446      -11.33470834
      1        9.70889685        9.80577040        7.19207516
      1       -0.72148517        0.81678363       -5.67796856
      1        2.09289867        5.07346046        4.36399961
      1       -6.76517608        1.10184917       -1.51665541
      1        2.21912243        6.21544950      -10.35705620
      1       -4.90660288        7.71260031      -12.89236838
      1      -12.17366088       12.63892788       11.32793304
      1        3.23288809      -12.81321698       -3.06858732
      1        0.99773188       10.07194033       -3.99687330
      1       -6.22759924       -2.27429038       -6.09777335
      1       10.67307391       11.26531629       -6.07051240
      1        3.95572102        4.49521805      -11.20147521
      1        2.74746976       -7.27454117       -6.30095616
      1       -4.18045893       -1.91743539       -0.33265223
      1       -6.99476563        1.06534690       -8.23316831
      1       -0.11424590      -13.78963667       -4.80351403
      1       -9.80699621       -9.89081785       -6.62620825
      1      -13.32233145      -12.73875115        0.27245476
      1        0.68864388        7.47215333       -4.29697061
      1        4.60278998       -0.61538370        0.44837465
      1       -8.45983823       -2.27774238        8.39718357
      1       14.85117338      -13.00665345        2.56837024
      1        7.20726449       11.06248744       -1.99664399
      1      -10.23876097        4.32056974        1.72121527
      1       -7.69551688        7.07227659       -4.88558739
      1      -10.97516410       -3.83304459      -12.10909922
      1        4.01060813        9.98636870        1.85660735
      1        1.59839759       -7.47805125        9.54283470
      1       10.05229759        0.63407251        7.16780982
      1       -2.67993844        1.18166442        6.01455659
      1       -7.54839881      -10.75993577       -9.72379240
      1        0.99577257        3.06729869        0.03632364
      1        2.98500224       11.10082799       -4.89536324
      1       -3.85014877       -5.42525403       -4.85037336
      1        1.26923182        1.79484398       -9.13963770
      1      -12.85674520       -0.15468309      -10.08719075
      1       13.10536471       -6.29214332        5.45620522
      1       -1.60202220       -8.64782848       12.20278616
      1       -2.54751168       -9.44903567       10.14190988
      1        4.25318683       -2.90790567       12.39389792
      1        7.80662227       -3.28796535       13.83462108
      1       12.66153484      -10.10694093       -2.82638229
      1        2.13905096        9.50796631        5.45370778
      1       -7.29391954       13.13987828       12.36517579
      1        9.98809083        0.82642159       -7.76008011
      1       -4.19003174       -5.09025475        9.18285333
      1        8.32545727       -1.16203418       12.93380086
      1       -4.51981320        6.10537402       11.56711594
      1      -13.12636736        8.81643437        4.45073302
      1       -6.17160603       -5.43833335        7.93101001
      1       -4.01096635      -11.33704915      -14.08250094
      1        3.89628285        5.20258853       12.57838553
      1       -5.18405593       -8.94601002       -6.07619166
      1        0.72661594        3.81961912       -5.85651088
      1       11.01702387        2.29742731      -13.36561260
      1       -1.05019178       -6.28832254       12.31452934
      1       -7.98345540       -7.21979796       11.26789902
      1       -2.78800934        4.95183240       -4.63461300
      1       -7.96674138        4.41521242       11.08314278
      1       -8.59239632       -7.37977290        5.80809318
      1        8.97596832       13.09856646       13.54465978
      1       11.48018331       11.14646548        1.96256112
      1       -8.93876432       -8.46274010       -0.68843634
      1       -0.68277896      -11.95417174      -12.44900537
      1        3.44137892       -1.75769493       -3.86149181
      1       10.14174899       -5.71624860       -8.52118302
      1       -3.68101324       10.88105258        0.85927991
      1       13.67921718        5.11614977       -2.51871751
      1       -1.70969376        8.65930868       13.55595034
      1       -1.35400496        9.64942872        6.95243072
      1       -9.63029044        1.00856953        7.37079182
      1       -0.78188872       -4.88522450        3.21479341
      1        7.93122359        0.30069047       -1.33878754
      1       14.18400763        3.09131375        8.32679780
      1       -7.95065063        8.95496046       -2.08788596
      1      -11.41407583      -12.86077837       -3.08902330
      1       -7.73219497       12.73593350       10.01847633
      1       -9.63843050       13.42944412       -8.42930162
      1      -11.66720329       -3.16344083       -0.03272373
      1       -1.52621182       -2.34071116       10.00517000
      1      -12.44020767        4.31248897        0.79153389
      1       12.50707649        3.02049424       -1.96945031
      1       10.21378819       -7.33700295        2.59370634
      1       -1.52288281       -2.92836816       12.28278021
      1      -11.60776380        0.90460920        2.16802503
      1       -8.71011287        0.75888466       -9.90653222
      1        6.84673774        6.72825494       -3.74145686
      1        6.63002436      -12.11360369       -5.86743897
      1        7.95750181       -2.00558408       -0.64165018
      1      -12.20420980       -7.67368182       -9.72163234
      1       10.88416159       -0.18288233       -4.01298939
      1       -0.65180640        3.73781086        1.67294655
      1       -4.70600170        5.76236505       -9.56560294
      1      -13.41064484       12.76624482        3.61584406
      1      -10.78214219      -12.18219539        3.11977657
      1        6.38267209      -13.34294030       -7.87015527
      1       -1.72691888       -7.03860253        6.55677613
      1        9.13426339        8.23728803       -7.63735791
      1        4.08855720        7.34878239       13.71602726
      1       -0.30804848       12.68669589        9.62896175
      1       -3.15731768       -7.90778234       -8.12481349
      1       12.71876947       -5.67437288        9.62684042
      1       13.12169561       -4.00016818       -6.39001486
      1       -3.63636211       10.58540170        9.91324647
      1      -10.67899190       11.83100461       -6.63248575
      1      -13.50513865       -7.10120388      -11.62807407
      1        5.80290821       -7.94502873        6.08370953
      1       -0.74972568       -7.97814818        0.63093523
      1        4.31130035       -9.98570956       -7.93006065
      1        0.91969239       10.60804994      -10.28584500
      1       11.17152747       -5.44840719        1.52998510
      1        1.17810775       -9.99706289       -4.53464783
      1        3.98594064       -0.43911161        7.06355548
      1       -1.91984480       -6.38624254      -11.45783824
      1        7.36773260        0.55690634      -13.54916678
      1        4.63564192       -0.54010793        2.93798399
      1        5.62983816        3.60576163       13.14005891
      1        5.61216490      -12.40932953        7.35469998
      1        6.30733865        0.22864945       -6.85968503
      1       -0.30194840       -9.91599386      -11.20461718
      1        9.03102861       -9.39152873       10.98069813
      1        8.10789961        1.26921427       10.14032779
      1        1.86928565        4.04981422       13.05592381
      1        5.71439588        3.33186977        4.05950343
      1        7.61828134        8.34591178       13.00835855
      1        1.34816848        7.67076449        8.61440782
      1        2.20233979        8.60604208      -11.13457048
      1       -2.94081728        2.85092506       11.03820230
      1       -8.59525415       -1.04100067       10.45584784
      1       -9.44513591        2.72478943       10.29745710
      1        7.64202334        5.46618804       -9.65985380
      1       -9.28859460      -10.43927373       -1.91323011
      1       12.00678633       10.82621522       -9.14843380
      1        5.61257782       -2.74255554       -0.01137880
      1      -13.06642088       -6.33391814       -3.89996088
      1        3.24233947      -12.17143167       12.62801237
      1       12.38355477      -13.55186178       -0.49171178
      1       -5.80182857        0.37192951       10.33229766
      1       -4.89046863        0.04359241       12.87172563
      1       10.70513551       -1.27451002       12.90763374
      1        6.70544121       10.51177370       -5.76822079
      1        0.49112279       12.63756454        4.11978514
      1        7.75944426        9.93205903        3.75360393
      1       -8.13440789       -4.53482549        8.88416957
      1       -6.93992533        8.90660969       11.00126036
      1       -5.24317964       -3.56137221        1.06314122
      1      -10.42506052       -6.88556322       -1.67298286
      1       12.88925763       -9.25712971       11.24820563
      1        3.27293898       -2.40283656      -13.21828470
      1        5.73759877       13.13358626        3.96125690
      1        7.36750958       13.09915576       -0.75235078
      1       -3.38906174       -4.90051952      -12.67965213
      1       -4.86037181       -4.97957222       11.47769285
      1        3.56973858        3.93132989       -3.46420406
      1        0.99861253       -4.65645301      -11.55212783
      1       -6.52036287       -1.84466626        7.00833475
      1        8.40302455       -2.76617072        9.46042858
      1      -11.91650096       -3.93323319        8.98645876
      1       13.10066599       -2.36376427        1.08582000
      1       -6.92577744       13.26271742      -11.01018591
      1        4.50162651        9.11600492      -10.87112098
      1      -10.62132265       -2.62808251        7.46506546
      1      -10.35969042      -11.95833418        8.82105967
      1       10.22940290        5.07361566        0.80538170
      1      -12.39882385      -12.88218515       12.04458202
      1       11.21951681        9.13418178       12.75927927
      1        4.58572480       -4.97957923        3.59514220
      1        5.09387689        7.15539320        6.03591467
      1       -2.91814883       -8.72842731       -3.05830062
      1        6.66313079       -0.38634432        4.27729240
      1        9.48792655       -0.28565857       -9.88635383
      1       -0.06313573       -0.93369008        4.08480552
      1       -8.14585867        9.34888530        0.24818549
      1        2.09149382       -4.76141958        0.32800249
      1        6.15391204       10.81719071       -8.03688350
      1        0.70432773       -6.19645500        1.82412416
      1      -10.31260661       12.02379289      -10.30150915
      1       11.20410040       -3.42904823       13.86811060
      1        4.54727206      -12.40632359        0.70436287
      1       -5.91656111        4.23980781       12.39127560
      1       -7.75363474        5.59724328      -12.28573126
      1       -8.00941126       13.09987418        2.08008825
      1        4.90163338       11.37283376      -11.71863087
      1        5.11166105        0.02844821       -3.45927384
      1       13.36124771      -12.64388529       13.29120806
      1       -4.53330434       -4.89296877       -2.63506616
      1      -10.67512574        9.24864615       11.92939277
      1       -3.20204080       -7.55461020        4.75017737
      1       -5.72632940        2.57152500       -4.87187063
      1        7.76295257      -11.32959394        7.54194072
      1        5.43891774        6.94028108        3.70008052
      1       -2.26608192       11.66402902       -2.63029211
      1       -4.82077658        1.62907293        5.08114839
      1       -5.18198616       12.07666712      -12.33423488
      1       -0.08370703       -5.69091455       -4.97826343
      1       11.52098587       -6.39709418       -1.99755404
      1      -12.05127154        2.26587242       -7.37453341
      1        7.98152451       11.40923270       -9.43157755
      1       -5.06436049       12.27947156       -0.41737394
      1       12.00884877        1.98669349        4.70411700
      1       12.55614890        4.89808939        8.31078618
      1       -5.51052425       -8.07705347        5.23465380
      1      -13.22814439       -4.73522237      -12.18576164
      1        6.73571850      -13.46018273       -3.93679575
      1       -9.70961221       -8.64387933        1.59110615
      1       -8.60609193      -12.28611264        2.10299880
      1       -2.78081236       -2.73362338        6.23977025
      1       -8.18255968       -5.51708531        2.73633371
      1      -11.58515258        4.75061734       11.48411791
      1        9.45649925      -10.61825807      -10.84558505
      1       12.31307334      -11.96719689      -12.46868523
      1       11.97204580       -7.39694517      -11.24159353
      1       -0.19133901      -12.15504698       12.98207829
      1        3.37780380       -4.50308805      -12.14895520
      1       -8.65184048       -1.70142465        2.23991700
      1       -9.89784597       -4.93959397       -9.12573255
      1       -0.58913333      -10.27854041        8.75959787
      1       -4.19178717       -2.53712475       -2.65218367
      1       -7.48634135       -0.55980244       -2.99818015
      1       -3.01703747      -12.23004786      -12.06264714
      1       -8.87740591       13.50711632        6.47450504
      1        6.55358179       -5.46281473        2.26318530
      1      -10.42620223      -13.20735532       -6.15917666
      1        2.10511492       -8.86898466       13.72223153
      1       -5.44028590        0.33008259      -12.58000125
      1       -9.93998822        5.40313616      -13.11126581
      1      -11.43586005       10.08723996       -9.50060140
      1       -5.88233202        7.08112170        9.88293592
      1       12.55773919        9.17511743        2.73952865
      1      -14.06962024       -0.11392099       13.74310445
      1        2.87640355      -12.08479516        4.19083029
      1        2.41619130      -11.37797897      -11.05738464
      1        8.85384722        8.13205687       -3.75569513
      1        8.03316281      -10.94679847       -1.44631794
      1       -9.88386115       -1.02367644       -5.52613866
      1       12.86689244        5.78601603        6.12890466
      1       13.14341956       -4.00444422        4.68939330
      1        7.07488844       -7.61006869       -4.80247503
      1        1.63811086       10.13372648       12.71431553
      1       10.07667887        5.61905161       -9.52544599
      1       -9.05243371       -2.25088712       -2.31307753
      1       -4.39819221        2.10185033        9.37701429
      1        4.19891506        5.59975717       10.21820505
      1        2.75278683      -11.72360274       -5.09255339
      1        4.36438094       12.14691663       13.89009891
      1      -11.31578448      -10.44994095       -3.09442520
      1        2.31112882       -1.04436260       -0.00877770
      1       12.98609085       -1.68800116       -7.09519254
      1       -6.85990379       -9.19115291      -13.36732050
      1        4.41957689       -4.82556132       -0.65193885
      1        4.79543005        3.34933790        6.22540287
      1      -12.86558123        8.22690218       12.40884833
      1        7.07527117        6.99435202       -7.91963253
      1        6.74703030        3.33566571        7.57347551
      1        4.91416075        8.02954145       -3.34456819
      1      -13.50834490        3.48600145      -10.91035053
      1        3.32037406        3.67359872        0.48114278
      1       -3.84708263        6.89371234        3.38373102
      1       -8.78189117       -6.51120193      -10.66689126
      1       -7.32889878       -4.50870463      -13.17282734
      1       -3.80969995        3.91238371       -8.19374381
      1        1.28462166       -3.83525542       -7.77036081
      1       12.98135428       -4.76275496       -4.07193657
      1       13.43245895       -4.22442955       13.57985656
      1        2.60559145       -1.87917191       -7.84794697
      1        3.13627513        1.60863252        6.18522811
      1       -3.20731231       11.71771517       -4.83562350
      1        8.01563299       -8.84001736       -7.70642528
      1       10.97013794       -8.48699278        9.99628803
      1        4.68751086       -5.43075382       -3.02050018
      1        3.40583380       12.90731885        6.90999836
      1       -4.27969008        2.50557303       12.92667649
      1      -10.10965619        6.40237691        2.80340330
      1       -9.27848388        3.07328811      -10.00792594
      1      -10.09071711        1.75914375       -2.35517115
      1        6.98126142        3.30908101       -5.55190673
      1       -8.73734109        1.52039185       -0.27658934
      1      -10.05910870        8.10677155        1.15550555
      1       -4.58027073       -4.29904850       -8.56297679
      1       -4.81854547       -2.37312738        2.99647986
      1       -0.07374620        7.49605527       -7.36705418
      1        7.87281394        4.84139159        1.45511741
      1        0.66900493       -4.30162225       12.71210046
      1       -6.10176148      -11.03941830        2.72865185
      1        7.76313780       11.61342517       12.00414889
      1       -0.58900039       -3.40993553        6.78252793
      1       -1.05196440       13.09945110       -7.93454879
      1        1.00645925        2.25800241        7.31149556
      1      -10.13618577        3.33939817        7.03891532
      1       -0.39846326       -2.65795025      -11.86062249
      1       -6.76690568       -5.62347093       -2.16094630
      1       13.48241264      -12.50430172        6.00957895
      1      -10.64280177       -7.23391710       13.69584459
      1       -2.22742217        0.42500312      -10.42985706
      1        2.66902808       -0.55450657       -5.76641324
      1        8.95095934       -8.87105108       -2.17174503
      1        7.44056147       -3.28852755        1.76041769
      1       13.32650933        7.49058875      -10.00378087
      1      -13.16918799       -8.02805198       -5.84757882
      1      -11.67951274        8.53883983       -5.63705053
      1       -0.46117909       -6.15937792        9.91829606
      1       -6.49982069       -8.95312035       -4.08877659
      1       -4.23116009       -3.90263789        4.72527292
      1        6.66319842       -6.71825133       -7.02301444
      1       -3.52077410      -11.41638133       11.34278647
      1       -6.98314608        6.83740775       -2.63158509
      1      -14.22056421        1.40090805        9.82435509
      1       -0.53100245        5.62552916       10.54603252
      1       13.79407501        9.87169625      -12.40763861
      1      -10.42429959        4.67454673       -4.59850965
      1       -6.76956191       -7.71910881        7.51314554
      1       -9.05705816      -10.81115014       12.18637216
      1        5.07172894      -13.48342787       13.25772255
      1       11.07869779      -13.00273687        3.10733717
      1       -7.00479341       -7.59606943        3.30037672
      1       -9.90898787       -0.18193140        0.82591957
      1       -2.23543208       -0.81059540        4.88733222
      1        0.03016149        5.07926549      -10.16863147
      1        7.45263091        4.52567449      -13.51446239
      1        9.03188673        4.40887238       -2.64591221
      1        7.49488847      -13.49895362        2.94007122
      1       11.83471906      -11.91191878        7.80627127
      1       12.16601593        1.84595989       -4.02849897
      1      -10.06141152        4.16429434       -2.31556561
      1       14.05799265        6.52939094        9.17827341
      1        3.43547260       12.28670473       -1.27298798
      1      -10.21688759        1.69526052       12.30073236
      1       -0.42688942      -10.48097360       -8.68438972
      1       -0.45034734       -0.67714471       -2.69488090
      1      -11.45170388        6.85563143      -11.96766444
      1       -1.75812006       -1.34416463       -6.10986651
      1        4.70379647       12.71041895       -8.08409510
      1       -8.11676013        9.23509208      -11.37908270
      1       -2.27305910       -4.26232955       -7.89510923
      1       11.77306728       -0.38167755        4.89751002
      1      -10.20930513        9.83009438        9.57105125
      1        1.87064869       -8.30383115       -2.85821071
      1       13.68171530       -1.81607857       10.39635730
      1        9.02141066       -6.94273312        7.35035025
      1        1.94967006       -7.74824533        7.17674127
      1       10.80944412       -7.89566373       -5.52665349
      1        7.01257254       -4.83270262      -10.72857404
      1       12.05863097        9.65141209        7.50125261
      1        5.58688833        0.88706044       -1.25058704
      1      -10.86080302      -11.80962096       13.47885666
      1      -12.59076934       11.72722011        7.24764823
      1       -5.34977345        3.94164953        8.09884181
      1        6.11337363        4.32695547        9.62561310
      1      -11.67403986      -11.01813207       -7.51862335
      1       10.69006660       -5.71134529       -4.43441839
      1      -11.54694976      -10.03479043        2.23996369
      1       -7.22480004       13.58971249       -8.59292560
      1       -3.38901532        6.45937082        0.98448047
      1        0.76002231      -13.16560680      -10.95125508
      1        1.39994515        2.96343721       -3.73867705
      1       -9.48348180       -5.58021162      -12.76144960
      1      -10.82372307       -1.22473880       -1.09289453
      1        5.86792776       -9.89978205       -1.76783178
      1        9.13469864        8.88689109        0.16080892
      1       -4.08764654       -5.65521526        1.17933512
      1       -0.01623276        3.88388308       -2.01308612
      1       11.27197471        1.05252655        9.28697198
      1        9.13100599      -12.60131183        4.44280305
      1        4.60618745       -7.62058907       -7.79615522
      1        1.12754594        2.71047955       11.14789602
      1      -13.18305042       -0.54830381       -5.81002919
      1       -9.39360344       13.98605282       -3.95551607
      1       -6.92242996       15.37185475       -0.70754168
      1       12.48971118      -12.54369919       -2.73508685
      1       -6.06985476       -9.45590665      -11.05140681
      1       -7.31518319        6.41071273       -8.63945928
      1       -0.51097721        9.62931311       11.79648734
      1        5.32833276      -13.70107654        9.39143291
      1       -2.50051244       12.08452793       -9.50424215
      1        8.09725050       -6.80581838        3.51250492
      1        1.89641135       12.88167849        2.21490821
      1       11.97225691       13.25328644        6.00640500
      1        6.65286853      -11.62035318        1.71536492
      1       -1.55463193       -7.31756892       -1.57814307
      1        7.88767795       -4.96370706       -8.50434238
      1      -11.44175801        7.55680667       -0.76288753
      1       -8.25542882       -9.73689012        3.21622737
      1        0.71126771      -11.65206730        0.57788975
      1        0.96331358       -2.26355944      -13.80997637
      1      -10.50429023       10.05161460        2.59047002
      1      -12.76349359      -13.26752374      -10.12695292
      1       12.07252242       12.74555911        3.64939404
      1       13.16283499       -7.96945169       13.18835409
      1       -6.56187604        9.00054068       -5.57464880
      1       -7.16501970        5.27880133        9.02633164
      1       -3.71666968        7.55434055       -8.32033792
      1        8.48698718       11.85976987        6.89000105
      1        7.79051414       13.75213061      -12.36492050
      1      -11.57806252       -0.46889454        7.48445169
      1        1.83158789       12.82633310       10.54025228
      1       -1.77092667       11.49317728       11.03728996
      1        8.44027471        4.96863258        7.19865366
      1       -7.34802282        4.51084366      -10.13136031
      1       10.41147073       -9.11853136        0.84994138
      1        2.03552569       -5.02324463       -5.85871858
      1        3.32441950        2.58597824       -8.18468903
      1       12.78191385        8.18959838        5.78534678
      1       -7.68964689        1.93837707       -6.01757466
      1      -12.47920316       -3.92659413        3.81310245
      1       -4.38278123        9.81197693      -11.82768542
      1        2.29763237        8.86795484        3.12173196
      1       -5.27325908       10.27899374        2.70283727
      1        4.06869876       12.69590081       -3.49175821
      1       -7.06004897       -1.43026897       12.39324510
      1        5.41442889        8.63495896       -8.65929113
      1      -10.80040014      -12.35633913       -9.28070780
      1       -6.67969359       10.50319071        7.37021747
      1      -12.02368653        5.26821248       -1.33592585
      1       -8.80401633       -9.85718385        5.60573555
      1        1.65707190       -1.93224739       -2.18631797
      1       -6.28149034        6.54432161        2.42368189
      1       -4.17519408        8.24577885       -0.34305085
      1       -8.75224872        0.43796887        5.26322329
      1       -6.70245169       11.97287403        3.73502407
      1       -4.18968906        8.22794676       -5.91844588
      1       -6.49930055       -0.12413511        5.33805925
      1       -2.53840370        8.79867655        8.80768441
      1       10.81601626       -4.57262760       -6.61675726
      1       10.66041148        6.82388001       12.28645285
      1       -5.52592446       -5.99425712      -12.70372015
      1       -8.46432370      -11.69540538       -6.00660563
      1        0.40620716        3.22066939        3.77945515
      1       10.84400274       -0.89194097       -6.32566393
      1      -12.61188889       -8.40156868      -13.37520864
      1      -11.29171535       -0.02879810       -7.15095656
      1       -4.31197953        4.36038384       -1.86257413
      1      -13.18423245      -10.35950767        0.44869362
      1        8.68757204        0.56439384       -3.60052719
      1        5.51444745      -10.09515842      -13.02239915
      1        2.07229006        6.68294482       -8.04828330
      1      -11.22846833       -7.69770772        9.84889168
      1       10.16314148       -8.75994285        6.25854436
      1        1.26231352       -0.00903104       13.29211974
      1       11.48852256       10.76314697       -2.13514765
      1       -2.32186946       -8.74701326      -11.78861159
      1        2.16375694       -7.58959234      -10.15712256
      1       -8.64311971        2.45950981        3.97876359
      1        3.55925457       10.06376639       -0.53776241
      1       -3.73937428        4.98158461        4.80548213
      1       12.43968647       11.87462639       -0.17326015
      1       10.30838343       13.40950361       -7.31029825
      1       -4.44625260        8.95652301        4.49399641
      1       14.02878981        1.96029165        6.13087558
      1       -4.42073528        7.51266317        8.07565768
      1       -0.18349762      -11.74159547       -3.54385694
      1       -0.83389129        2.76738856        5.82602571
      1        0.33736878       -6.40257186       -2.73042116
      1       -1.36772943        4.72432743       -8.13696018
      1        7.39969364       -9.81281706       -9.82214343
      1        1.54585811       11.74945189        6.00176286
      1       -8.65553184        2.06551887       14.22454304
      1        7.81341916        1.96943839       -7.37027324
      1       -6.75542505      -13.30983462        6.64351174
      1       12.89377145       11.84768687        7.68727314
      1       13.86029982       -9.07928931        7.83018609
      1        1.97002905       12.18526637      -13.92338015
      1       -8.46782190       11.60349235      -11.77101019
      1        8.44820649       13.63968448       -8.75853234
      1       -4.66237081        6.74779440       -2.19345644
      1        7.06309674       -5.90449549       -3.17602160
      1        3.46827628       -6.48324673       10.68054510
      1        1.11483840        0.57554904       -4.22046155
      1        6.05326061        8.85415200        2.44174270
      1        5.61442072      -10.60148115       10.86397679
      1       10.54755923       -1.80598577        6.75368339
      1       -8.84238750       -8.17089805        9.27940504
      1        9.26474094        1.60311902        0.11663798
      1       -5.34479723        2.57441464      -11.84160711
      1        3.67199885       -7.40607274       -4.04473161
      1      -11.94126291        3.29337005        5.45176565
      1        7.08372865       -8.83472706        4.27980483
      1       -5.07843874      -10.90013838       -0.78301443
      1        3.91557099       -7.52968265       12.80956218
      1       -2.17824931        9.68442160       -1.14615209
      1        8.96243905        9.07593788        9.42207568
      1        0.41826421       -9.89713172       12.35437948
      1        3.20895079      -10.71255315      -13.27645030
      1       11.08044831       -8.09266144      -13.33563705
      1        7.57960008        1.74768843        3.83041227
      1        2.46056609      -12.69836242        1.92254032
      1        3.65895766       -9.89363761        3.98946783
      1       -8.53314014       -8.94228804       -8.39235290
      1      -13.09467341       -9.62888128       -1.80797171
      1       -9.18531076       -4.59922780       -6.87966008
      1      -10.65215539      -11.12042099        6.61122292
      1       -6.92616714        8.74704223       -9.35223807
      1       -3.24381483       13.24226713      -11.51867322
      1        8.74815222       -4.34011153       -3.73444862
      1      -13.72875245        1.94621179       -9.06258280
      1       -7.89701953        2.82603491        1.61606842
      1       10.59939106        7.25253313        9.93126152
      1       -6.96834707        5.47969935       -6.45210938
      1      -12.20662468        2.86679152       12.85128114
      1       13.41749568       11.88192713       11.38932460
      1       -7.89718415       10.41315535        9.45469648
      1        7.44777954       -0.51701799      -11.46801344
      1        5.03395579        7.78757674       10.06570332
      1       -3.06869437       -0.87091501        2.65624931
      1        3.73156076        5.99870664        0.52251178
      1        4.18669159        5.72770981       -5.61539794
      1       13.71309137       -4.13850602      -10.05337742
      1        7.38887595        7.07207117        6.76662685
      1        9.69996440       13.77338239        6.24258680
      1        5.00782949        2.27646250       -4.55390820
      1       -0.45729254        2.36699895       -7.55226193
      1       -5.59140336      -12.09118875       10.29347448
      1       -5.97361312       13.81312953        8.82048968
      1        6.35146777       12.05027951       -3.96326533
      1       -3.66722350       12.38560124        6.16134423
      1        6.11549902       -1.29633522       -8.62123363
      1       -0.31552926       -2.63842350        2.41501216
      1       -1.81391214      -13.04837166       11.39376654
      1       -2.19615507       13.65671766       -5.83790708
      1      -12.58005332       -2.32331095        2.10293843
      1        4.45756190      -13.39321011        5.44158077
      1       10.30957943        6.23712210       -3.59079246
      1       10.95025741        7.88624048        4.23586077
      1       -1.40825408        6.51442878      -11.37091217
      1       -7.62098063       -6.81686698       -4.06692475
      1        9.47477123       -4.76721192       13.02267081
      1       -6.26204844       -4.03977833        6.02047781
      1        1.56170573        9.15495755       -1.56882983
      1       10.76687270        3.42847416       -9.93420914
      1       -6.89156557        3.68646673      -13.34102674
      1       -6.68237385       -7.59795817       -0.85282356
      1       -0.05444234        6.27728346        5.04876054
      1        8.58218696      -10.78448067       -6.13198958
      1      -11.68516344        6.17591263        7.86166700
      1      -11.14168956       11.91841809       -0.65913415
      1        8.45493852      -13.14091942       -2.37847049
      1        7.58184122       -2.95529015       -5.29303378
      1       -1.15078009        7.86194799       -2.65091507
      1      -13.17912580       10.98668352        0.26963375
      1       11.69497733        3.10258256       12.36444067
      1       11.06718786       12.45036091      -13.20028119
      1        2.14648199       -9.74834363       -9.09207998
      1       13.77999805       -6.72230704        7.72524611
      1        0.64966891       11.32049542       -7.89135822
      1        0.85075941        3.97309539        9.14096188
      1       10.35855496      -13.06871808        0.86349703
      1       -0.09357315       -3.90919045        9.04014253
      1        6.21926261        5.50698523      -11.65114212
      1        0.91806088        0.96970779        3.03605414
      1        6.55476169        5.67176825       -5.87951990
      1        9.09387451        9.68137406       11.77484592
      1       -1.08540084       10.99432306        3.48786898
      1       -8.04827059       11.43836280        5.62124060
      1        2.48611752        5.56268957        8.54841289
      1      -12.33187572        0.01704924      -12.44501720
      1        4.15066061        1.15814265       -6.46243651
      1       -1.91437604       12.30284287        1.70453686
      1        8.73493340       -3.12813468        5.71392174
      1        2.63010123        4.57748778       -7.03104327
      1        8.16210797       -2.93736543      -11.63880378
      1       -5.65917441       -0.91027516       -7.93960549
      1       -5.43292994       -4.46675450       -6.35872432
      1       10.47920874      -12.38433254       -6.00903377
      1        5.10092514       -8.61499010        0.31062780
      1       12.70592726       10.23090789       -7.00784875
      1       -3.07541537      -12.14501928       -1.20698360
      1       13.37278291       -2.83871434       -2.79537516
      1        2.19799876        0.57488330       11.09768667
      1       -3.61927567      -12.34331338       -5.07985811
      1        5.96720979       -4.43956935       12.87324504
      1       -8.59985641        8.05001530       12.57764793
      1      -10.22331562       -6.31529878        1.81256839
      1       -9.08551926       12.47769719       13.88094339
      1      -10.99459171       10.71735063       -2.80083794
      1      -12.63607289       13.58087572        5.73772080
      1       11.81876956        2.37684532       -8.07935699
      1       11.51241291       -5.15152651      -10.40271481
      1        1.94946235        8.31019384      -13.51724072
      1       -4.30095663        0.67407738       -4.83285867
      1        6.95935693       -6.60027570      -12.34620538
      1        9.10882552        4.50325022        5.03295678
      1       10.55943859       -3.30645792      -11.69161840
      1        3.51963723        5.33087724        6.37110592
      1      -13.39156722        1.47355681       -4.43968630
      1       -7.71636240        9.91038170       -7.46018917
      1       -1.74154970       13.66199855        6.76271325
      1       -0.47125921       -1.20604025      -10.00354155
      1        6.83009638        8.19822578        0.28022790
      1       11.16678936        5.49930938        4.42350509
      1       -4.88762746        0.38609470       -0.28219402
      1       -3.80752050      -10.30604004      -10.75643367
      1       -6.79860479        4.77400240        0.75481700
      1        5.40810521        8.65228269       12.21982720
      1       -2.70646512       10.03993556       -6.34950425
      1      -13.78535167      -11.33312444      -11.01618780
      1        3.31810785      -11.22646901       10.25232071
      1        4.50434579      -12.56695443      -10.84577422
      1       -6.04949500      -13.97342270        0.97587912
      1        2.90152169        0.97639754      -13.07495629
      1        3.21576206        6.62677006        2.82577355
      1       -1.12339780       -0.04172908        9.50852867
      1        7.23414807       11.45939286      -11.68248645
      1      -12.73739744       -9.29298358        4.18432850
      1       -4.66651615        9.32196622       -9.52067717
      1       14.00238290        5.79452252        2.02525066
      1        5.04951127       -1.30186388       10.78289698
      1        2.92541442        6.55239215       -3.45349494
      1        0.83956335        0.00783380        8.13288012
      1        2.17725266       -3.29076156        9.20094524
      1       -8.74038722      -10.50283359        9.82342784
      1       -3.10902010      -11.51452548        4.71689784
      1        1.14360496      -12.47637559       -1.67071586
      1       12.51664389      -11.17014999       -6.63183234
      1       13.71096879       -5.98888379       11.93138157
      1       -1.84546039       -1.84329435        0.58182005
      1       12.28410601       -0.53641166       -0.26011226
      1        2.90240350      -13.67586134        8.98059491
      1       -8.29982454       -1.52810239      -13.30767603
      1        3.25752877        9.02306396        9.07545352
      1       -4.74636289        4.39662088       -6.03416510
      1       -2.68458174       -1.08773169       13.37677433
      1      -10.10137222        7.11539069       -4.52696417
      1       -8.52955598       -4.89820094       11.15024172
      1      -10.69457491       -1.73382083      -13.19860530
      1       -1.02062355        5.99225512        1.05352731
      1       -9.88197721      -13.37228635      -12.89563654
      1      -13.45744114        8.79381820       -0.55378791
      1      -10.58066243       -0.73368894       -9.37650616
      1       -3.63331902       -0.04075312       -6.99544727
      1        0.44504933        2.94350685      -11.12206583
      1       11.40838713       -1.18973948      -10.99132727
      1       10.54714457       -1.29116814        3.02840617
      1       -0.57696719        7.97114911       10.03166009
      1        6.25568809        2.51038471       11.00107133
      1       -7.31511261        7.80342761      -13.11606885
      1       -5.54004015       -1.22212552       -4.09910057
      1        6.71169893       11.46442704        5.34321358
      1       -3.07615351       -5.57744077        3.37820870
      1       -5.62636376       -7.51150255        1.27582861
      1       -1.37154946       10.03000837      -10.21265984
      1        5.71498080        7.71850619      -12.34208211
      1       11.51126363       12.19497567       -4.05496336
      1        8.96109177       -6.87878853      -13.79117409
      1       13.81957633        5.29411339       -4.98714554
      1      -10.21753550        8.48899436       -2.55546143
      1      -10.47452781       -3.73696922        5.32984713
      1       -1.05792117      -12.90209441        8.87112200
      1        5.73497896       -9.06870955       12.68876349
      1       11.64723075       -0.00576596      -13.13375424
      1      -11.25115324       11.97673218        9.20736617
      1       13.77749040        1.24277897       -0.90902938
      1      -10.02146200       -8.48708192      -10.22259554
      1       -8.11737644        0.99280191        9.30975885
      1        3.97743890       13.02821168      -10.29173183
      1       -7.93032694        4.30946087        5.34020915
      1        2.90805642       -0.98525013        9.20939681
      1       -6.78354715      -12.01274839       -7.76881481
      1      -12.33396715        6.68074933        3.72427037
      1      -12.85330491       10.64112571        2.64886966
      1       -5.12268400       12.14320726       13.06043147
      1      -12.86935281       11.79834274      -13.26422778
      1        8.26185994       -5.51535689        5.54800841
      1      -11.93253892      -10.56618925      -12.51855095
      1        5.82693252       -5.61681023        5.60891381
      1       12.93682940        7.86607530       -7.67132051
      1       12.37460801        2.21753372        2.36227098
      1       -2.78173180        5.06409058       10.29163777
      1      -12.25941541        0.55180410       -2.34917842
      1       12.62267175        8.40334209        9.43404971
      1      -12.25506147       -5.41831254       -9.01306091
      1       -6.25780645        3.18116134       -2.58753219
      1       -2.55578672       -6.88575838        8.83034398
      1       10.37215521       -6.23998138        9.30577323
      1        8.91736513        9.56566487       -5.70252518
      1      -10.41059383        8.28444927        7.65764443
      1       10.14527102        2.79518321       10.45175110
      1       -3.92627399        8.06075432       12.86222016
      1       -7.25448288      -12.98397389       -3.02090204
      1       13.52844069       -5.98161427       -0.78271669
      1       13.47622893       -3.52450600        8.77209035
      1      -12.51061932      -11.78066969        9.93406758
      1        9.70662897       13.50429661        9.91768251
      1       -6.43413587      -10.30674577        8.92068738
      1       -0.98299803        1.56030608       11.34210376
      1        6.35538518       -0.57022137        6.70260752
      1        8.75403022      -13.14620611       11.78894443
      1        8.02166300       -6.76974464       -1.19109557
      1        7.74989215        9.16426236      -12.55609997
      1       -9.33721144       11.40591567        0.92386703
      1        3.94244497        7.84867943       -6.96260988
      1       11.94345407       13.19191461       -9.05462511
      1       -1.38732747       -6.19654135       -8.98346107
      1        0.46723179        8.17202772        6.45148720
      1       -9.51348737       11.65769909       -4.40895041
      1        4.72569143       -4.60759696      -10.18295614
      1       11.46718970       10.10608151      -12.93102190
      1       -2.20618497        1.11511440       -3.76391999
      1       -6.82176508       -3.82252775       12.40959461
      1       -1.62019327       12.35296255      -12.99198057
      1      -10.73619807       -0.39431705       11.23232380
      1        0.87002925        0.76923211        0.63838304
      1      -13.17827629       11.77682841       -6.81231792
      1       -4.87891815       -1.15793010        8.61690196
      1      -12.46393946        3.49492864       -5.32918177
      1       -3.75020081       13.48323693       -1.95795260
      1       12.97827685      -10.38502128       -8.96065606
      1       -1.76838276        4.92987372        6.16799766
      1      -12.83780769        5.77819053      -10.35921636
      1       11.53274387       -7.89226781        4.53055680
      1        3.53410377        3.39764874        2.93982583
      1        8.56019493      -10.39305142        5.44820066
      1      -12.21727674        2.41400319      -12.62197389
      1        3.97315513       -3.97623776       -4.76327448
      1       -9.95872489      -10.88607662      -10.98714871
      1       13.03557421       -2.48552678        6.53600743
      1       -5.37839123       13.53163730        4.91210227
      1       -5.17186639       -8.97114904       -2.16123105
      1       -8.45481472       -2.33937555       -6.83138566
      1       12.44171352        5.36378032       12.70392526
      1      -13.37651242        2.12872995        1.14788621
      1       -9.59489440        9.79137429        4.87803665
