 run_id:         1009
 total_energy:   -4103.8521963484100     
 P   27.848118434861512        27.848118434861512        27.848118434861512     
      1       -0.10079961       -8.79602902        6.79094041
      1      -13.06297622       -9.10162672       -8.07868733
      1       -7.80468453      -12.47114055      -11.83825434
      1      -10.22832890        8.38520701      -10.62679071
      1       13.06758016       12.85076556       13.51665142
      1        9.02844013      -11.07893256        0.75651621
      1      -13.82707288       -3.70504626       -0.70019863
      1       -2.89537167       -4.87280305       12.73443313
      1        0.76902493       -1.55565787        6.19535128
      1       -1.08034170        0.07247582       -0.51925352
      1       -1.44809620       -3.52424605       -1.25965724
      1       -2.73296934       12.91146285       12.70347932
      1       12.07382549      -11.52478202       11.64640242
      1        8.95734823        2.80513998       -4.39843021
      1       -5.60470649       12.05759810       -4.93046254
      1      -11.75746381       -6.15464685        8.04737038
      1       -5.34427021      -10.42219220        4.95479077
      1        5.61566615        9.34075901       -1.44610623
      1       -2.67713693       10.41257365        5.18124114
      1        8.69336296       13.06014724        1.21349570
      1       -2.33576922       -9.65322940        1.52379032
      1        3.12991644       -4.10026013        7.10096714
      1        4.92263775        2.56876645       -9.96210131
      1       10.55595566      -13.39285070       -3.76035921
      1        0.23334487      -12.81106674       -8.58786907
      1       -0.24003979        9.68217556       -6.29632798
      1       13.02707917       -9.52471282        3.58956377
      1       -5.00729800       -8.54291751        9.33720867
      1      -10.12796335        3.23086565      -12.20454948
      1       -0.30277086       -5.33395059        5.51142373
      1        4.87359864       -5.91447010      -13.52400679
      1      -11.03640562       -8.81426297       -4.88195407
      1      -10.83725863        2.80394122        3.41360959
      1        9.83466072      -11.13945882       12.41274328
      1        8.33481412        6.11848663       12.66193805
      1      -12.06632672       -0.65495402        3.74880947
      1       10.89991400        6.63929697       -7.46650730
      1        7.01030954       -0.67362723       -4.77877426
      1       -5.67673279        2.74770352       -9.43713732
      1       10.96281511        0.49875876        1.38144922
      1       10.91997426        7.18495203       -0.04033854
      1       10.75032814       -2.60129575        8.98769427
      1        4.47174370        0.88818442       11.50013851
      1        8.96558007       -8.97652520       -4.54544686
      1        1.15055950       13.01347990       -1.41742992
      1       -4.07541572       11.06116729       -8.08935011
      1      -13.36583947        7.70230047      -13.11649389
      1        6.74046411        4.96793843       -2.04975455
      1      -12.67533976       -7.31988831       -1.78832691
      1       10.09182076        4.88714616        9.06255902
      1        1.19518284       -9.35344445        0.87220618
      1        7.63863176        2.48648807        1.50519372
      1       -3.20821249       -7.69780560       -5.29454942
      1       -0.07148149       -6.17198632       14.78748932
      1        6.92531366       -5.82988293       11.15792055
      1        4.64580342       -3.09832789       -8.26125089
      1        1.81189286       -8.75697664        3.14120726
      1        5.73304018       11.82258657        9.44102230
      1       -0.35851641       11.78792233        7.39154671
      1       -4.39454237        4.42538651        0.50384216
      1        2.28374155        3.22951746      -12.62535853
      1       -8.90269175        0.73464405       -4.30944716
      1        8.15270368       11.68078378        9.37402723
      1        5.33375889        0.14365101      -10.45391493
      1       -7.31513821       -5.86099034       -6.22415407
      1        7.17922451        5.17852649        3.64541666
      1      -11.68975043       13.24888345      -11.72605159
      1       -3.13024384        7.16537804       -3.93068729
      1       -0.02871188       12.17033649       -3.27618500
      1        7.15224616        3.14090110       -9.33977500
      1       10.45765769      -10.43056786      -13.10027756
      1       14.00051222        9.78354553      -10.08027837
      1       13.41773247       -6.66271122        1.51146209
      1       -3.35342049        3.46801031      -12.76911420
      1       -1.51534795        1.94750683      -12.21390953
      1        3.05410554       10.77342684       10.79685646
      1        2.64648252       -4.29900512       11.25864187
      1        7.70484307       -7.83447466       12.24059336
      1        3.75638198      -10.91749449        7.68016143
      1       -4.01865275       -1.03829606      -11.22780516
      1        7.18981886        7.56430409        9.07506055
      1       -8.83101891        3.97675528       -6.26253599
      1       11.19347143       -8.70381312       -1.47885049
      1      -13.32231666       -0.42918598        5.84619523
      1        0.90261298       -5.61735502       -9.43478186
      1        5.62769397       -9.64758935        2.50519611
      1       -0.72690260       -2.47300890       -8.01421789
      1        9.60133053      -12.76441908        8.10913608
      1       -2.24759329        3.31780656       -2.73439666
      1       -3.69381774        5.80410682      -11.79099727
      1       11.95385305        4.58380950        2.38533245
      1        0.63306380       12.44598902      -11.93960041
      1       -7.80834044        0.38848597      -12.15106262
      1      -10.23590841        9.51705008       -7.37215102
      1       -5.15132384      -13.72269769       -3.82461120
      1       -9.98698999       -6.82872720       -3.98400129
      1       10.19323950       -7.96357984       -7.87404268
      1       13.14287751        9.50376943       11.48181431
      1       -2.14205798       10.12941725      -12.45728507
      1       -0.10973031        6.15487034       -1.16925916
      1       -4.79530184       11.77515140        8.17524411
      1      -12.63865232       -1.59339621       -3.65072415
      1        9.17778869      -13.06353550      -10.72765991
      1       -8.65005604       -4.79852802        5.18979592
      1       -9.84917985       -1.28421317        4.22836957
      1        2.98657705       -2.20126240        5.73757523
      1        9.78024604        9.84202107       -9.35916269
      1       11.45410106        5.35233259       -5.50843129
      1       -4.01394593        1.31595456        2.81950216
      1       -3.22344329       -9.10106391      -14.02957794
      1      -13.77882223       13.71718450       -8.09704498
      1        1.33556139      -11.96584352        7.72209292
      1       11.23486886        6.91007803      -11.14597371
      1       12.99895729        7.70172410        0.98178327
      1       -3.31973961       -2.89696687        8.56834971
      1      -10.59288802      -13.16761152        5.37356990
      1       -7.75950018        4.82951871       -1.57496619
      1        8.63056743        2.49300162      -12.96949588
      1       -8.78906577       -8.72903052       13.07287196
      1        8.86635575        2.09756742      -10.62195561
      1       12.74409196        5.91969007      -12.82134175
      1       -9.27452809      -12.16417517       -0.18991218
      1       -0.91655751      -13.30784030        4.67447283
      1        6.00459838       -8.48790093      -11.27258170
      1      -13.04634192        6.84705558       -6.58481402
      1        2.59374892       12.37562996       -6.88947755
      1       -8.05324959        6.36748363        4.06970010
      1       11.30748949      -13.87878941      -11.30604696
      1       -6.81661588      -11.09062934        6.69072927
      1      -12.84300621       -5.51991167       -6.76165592
      1        5.11873594       11.24998374        7.13224882
      1      -12.88249908      -10.52182637        6.24192868
      1       -2.73219526       -2.53865274      -12.56827210
      1      -10.90786831       -4.91798472       -5.22844487
      1        5.40942066       -4.49597692        7.57341668
      1        6.03857737       -6.43864604        0.15416445
      1        9.62697355        2.15418396        5.19901446
      1        2.84027441       -9.09680528       -0.78112149
      1        6.34791548      -12.80428018       11.36933997
      1       13.10670335      -11.87693840        3.77189334
      1        9.62652987       -3.25975615       -1.78283845
      1       -1.05231661        0.69623791       13.54440895
      1        9.26667704        9.79531129       -2.02962931
      1        4.04859784        9.18655323        6.80227232
      1      -10.98612047       -4.22449737       11.19609360
      1       -6.06827788        8.57073317        1.24018086
      1        1.95890611       -5.81742026        5.83278109
      1       11.42192280       -0.95992809       10.57590137
      1       13.63477122        1.78895682       12.18498753
      1        7.73362921        1.13220485        7.75470662
      1        0.26976393       12.10759058        0.57654016
      1        0.01250843        9.09455758        2.43144009
      1      -12.28314365       -7.04706057        4.89901669
      1        8.32281191       -2.00085969        3.60889241
      1      -13.47869595      -13.36556664       -4.09112747
      1       -2.95693017      -10.22842256       -8.57243449
      1        1.95372350       -2.76837535        1.60684870
      1        8.87976578        8.51394081        5.36090634
      1        1.53124207      -13.76273894       12.54318753
      1        2.16747199        6.84138084       -1.18410164
      1        4.43061919       -7.00606953      -10.06973618
      1        5.73133190      -11.44273920       -9.17548158
      1        5.03936056        1.31976204       13.78949029
      1       -0.20414281        7.09759834      -13.43306663
      1       12.93450899      -12.66666497        9.71153050
      1       -8.19618808       -4.09037289       -0.95671417
      1        5.96906362      -12.48605932      -12.70581887
      1       11.13869279       -9.13474092       -9.74124095
      1      -13.10806924       -9.50262380        9.93243532
      1       -1.13754675        7.15343809        3.29626767
      1       11.78560946       -3.42073299        2.77626599
      1       -7.14569375      -12.38191883       12.18742978
      1        7.30423819       -9.82835914        9.30922656
      1        1.57169899      -13.33839907       -6.50778396
      1      -11.66049788        9.72021344        6.15838452
      1        2.54458907       -6.40179113        3.56407844
      1       -9.61442816       13.52071523        8.78267915
      1       -1.91229078       -4.19929812       -5.41470402
      1       11.55370654       -9.59118628        7.95278211
      1       -2.09105622       -9.54828150        3.84714810
      1        8.23503222       -2.33659062       -8.89785419
      1       -5.09929015       -6.60481516       -8.98307469
      1      -12.36308588       -6.02397714        2.78529299
      1       -6.62355997       -0.82522809        3.10973349
      1       -2.70847454        1.66649956       -8.41234849
      1       -5.90854810        8.48031529        6.40559294
      1        0.82647763       -4.22675532       -1.63729871
      1       12.72622033       -9.28673370       -5.11166554
      1      -10.18360525       -5.07675377       -0.14448130
      1      -12.66447724        5.51751986        5.74243445
      1      -13.73541797       -2.16438279       12.65382403
      1       11.01319030        3.05539722       -5.73737669
      1       -1.95978232       -2.43506408       -3.56492552
      1       -6.08466533        1.03159334        1.72688557
      1       10.37255562        3.45509836       -0.94787679
      1       -9.71618098       -2.88941377      -10.31950004
      1       -6.41057591       -7.06149126      -10.88782947
      1      -11.44516655       -2.25313060       12.47593913
      1        3.32648458       -0.63239260      -11.48030383
      1        1.30121157       -9.78318613       10.13914759
      1        3.95156123      -11.27474305       -1.30996687
      1      -11.59613490        5.85286497       -8.29483641
      1       -5.73696147       -7.29283922       11.27949152
      1        3.61445592       -2.69393240        3.42648305
      1       -9.55777806        5.77382791       12.38076503
      1        9.16924690       10.72744955        1.82727455
      1       -0.72364264        5.70995760       -5.75007275
      1       -1.56435518        7.81325491       -9.27122920
      1       -0.15940019        5.30434268       12.86127966
      1       13.16181856        9.06836708       -2.55449072
      1        4.62501207        9.41129959       -5.24679514
      1       -2.89275661       -5.44207485       -0.98830150
      1        0.14103911       -9.68880444        4.62897886
      1       -4.61708581      -11.11817216       -6.95726849
      1       13.28420520       -1.77808521       -9.53639943
      1      -13.33304603      -12.49041912       -6.37080257
      1       -1.68081144      -11.82836476        0.78372607
      1        4.90429306        3.27879406       -1.47107597
      1        3.76543361       -9.06442278        6.20772476
      1       -7.34154991       10.59950427       -3.87779157
      1        9.97924499       -5.33257178       -0.60114803
      1       11.42858168       -1.68034321       -2.21601663
      1      -12.56509164       -0.24212852        9.66014055
      1        9.93878445        8.89061290      -11.53522719
      1      -10.42055930        3.79112739       -8.04288209
      1      -11.08434422       11.36725071       13.03125020
      1       -2.29692130      -13.36031616        2.51686923
      1        6.22817505        5.93125191        0.06979835
      1       13.88757181       12.17541852       -4.57546544
      1       -0.95583773       -7.35009658       -6.52801629
      1        7.91340328        5.65527123       10.31189260
      1       -5.20082095       -7.82369036       13.53676100
      1        4.28174853       12.30812042        2.19803758
      1        0.85523198       -8.93709355       -6.76144328
      1       -6.38010182      -11.51350870      -13.62880033
      1        1.73993222       -0.48643070       -9.66918036
      1      -10.62814321       -2.76382573       -4.07237410
      1       -7.64134231       -3.72643660        1.37192197
      1      -13.49984046        6.14318155       11.48574355
      1       -5.50890931       -2.36410757       -9.86551830
      1      -12.91336789       10.01899272       -3.99875005
      1       -8.29232843        7.85576221        5.96486191
      1        5.36497450       -9.03664127       -4.03401431
      1       -2.84965179        2.80063830        1.33200137
      1       12.11370869       12.93441825        9.72015636
      1        7.11217201       -2.75189399        7.40634793
      1       -8.87100843        5.65212587        7.33770507
      1       12.16554347        3.73842056      -11.80923550
      1       -4.97699792        9.98747485       11.86148692
      1        1.01079284       -8.11353985      -12.22459321
      1      -11.26063352      -13.51595217       -0.79451491
      1        3.16320184        1.17185387        3.73669324
      1        5.08542901       13.25677104        0.12601143
      1        5.81103679       -4.21411376       -6.41412157
      1       12.08354092        6.90488007       -2.15405036
      1        0.84957833      -11.83653855        5.32838648
      1       -3.11412824        0.47399436        8.21147270
      1       -3.46227462        5.39253634        7.92851960
      1       -4.71011079      -13.08136761        2.99661075
      1       -4.74878636       -9.76222924        1.24929635
      1       -6.65329330       -7.66268636       -7.54999950
      1       -2.45123880      -11.11560074       -3.30692713
      1       -2.86978943        1.64764820       -0.73823534
      1       -7.86257069      -10.84957698       -3.82714170
      1       12.92433989       -9.01599858        1.33661645
      1      -10.18899424       -6.46865516        6.20217089
      1        7.45518334       -0.99743241       10.74552741
      1        9.38111866       -2.69916584       -6.78161664
      1        6.91825831       -7.79495123        8.13785278
      1        5.52475551       -6.18900680        9.30541810
      1      -11.50866166        3.97849974        9.10072308
      1        5.24250291       11.01437857       11.94014895
      1       -6.21447043       11.85936764       -7.27876619
      1      -11.91713760       -6.34934607       11.76121809
      1       -0.07118634        9.78591018        0.08654467
      1       -5.54065491        3.76551642        5.77324123
      1       -9.71501856        7.30150344       -8.57069190
      1        4.76417159      -10.66362278       -5.70368735
      1        8.98147476       -4.80247364       10.62265821
      1       -7.49987665       -2.79601262      -11.36937998
      1        9.69215055        9.80944998        7.18566471
      1       -0.72515482        0.81908805       -5.68908728
      1        2.16792446        5.05965201        4.33597356
      1       -6.75630388        1.10087070       -1.51086550
      1        2.20773313        6.21637749      -10.36738521
      1       -4.91550834        7.71869763      -12.87702452
      1      -12.20804503       12.60488508       11.34901573
      1        3.23171376      -12.80614604       -3.08204581
      1        1.00900170       10.07488633       -4.00052153
      1       -6.23948908       -2.27779836       -6.10662133
      1       10.67274877       11.27472525       -6.05838442
      1        3.92885980        4.49337110      -11.23399497
      1        2.74039664       -7.27012492       -6.31614314
      1       -4.20090298       -1.93110656       -0.32635245
      1       -7.00089840        1.06456482       -8.23050860
      1       -0.11511417      -13.79219248       -4.81296278
      1       -9.80875507       -9.86373131       -6.64683048
      1      -13.27239365      -12.72916654        0.29398784
      1        0.68423022        7.48367113       -4.31012861
      1        4.61382795       -0.62195084        0.41809926
      1       -8.45169547       -2.45939464        8.63913410
      1       14.90138026      -12.99691520        2.59096395
      1        7.21751960       11.06850503       -2.00705619
      1      -10.22769008        4.33843535        1.72562739
      1       -7.68352755        7.07261056       -4.86922473
      1      -10.98090066       -3.83605299      -12.18074366
      1        4.01874395        9.99060257        1.84023714
      1        1.61636865       -7.48016658        9.50277465
      1       10.03230736        0.65135342        7.16156939
      1       -2.66302346        1.16630211        6.00410416
      1       -7.54985932      -10.74230304       -9.74665859
      1        1.01579636        3.05826710        0.02023538
      1        2.99051886       11.10687096       -4.90382288
      1       -3.85924840       -5.41921795       -4.87142211
      1        1.25967566        1.80305809       -9.16425988
      1      -12.87468009       -0.15674782      -10.08228474
      1       13.28324208       -6.29234275        5.42685614
      1       -1.64527534       -8.65734296       12.10779331
      1       -2.59157916       -9.35142068        9.98238287
      1        4.23362989       -2.89479654       12.37372422
      1        7.77755807       -3.28199571       13.82401874
      1       12.69322476      -10.09534159       -2.80903450
      1        2.16671184        9.53220387        5.43365459
      1       -7.31146870       13.08572707       12.40167466
      1        9.97686480        0.82379584       -7.76368881
      1       -4.06158289       -5.08100041        9.09338270
      1        8.29179384       -1.15524997       12.92307451
      1       -4.56075582        6.11599165       11.58378210
      1      -13.12851749        8.81565701        4.45368650
      1       -6.12889325       -5.34843918        8.01304799
      1       -4.01437819      -11.34491632      -14.09017455
      1        3.85361471        5.20803344       12.53544516
      1       -5.19200561       -8.93524134       -6.10881176
      1        0.72290017        3.81659108       -5.86641600
      1       10.98025619        2.30917878      -13.35701529
      1       -1.04420584       -6.30686840       12.26571823
      1       -8.11281546       -7.29397541       11.28297790
      1       -2.78358419        4.94746006       -4.62943489
      1       -7.99442232        4.43701834       11.10494474
      1       -8.62721706       -8.03232693        7.19249279
      1        8.94785615       13.09654245       13.55329691
      1       11.49447891       11.16512164        1.96312265
      1       -8.90864645       -8.46714910       -0.63396287
      1       -0.68703317      -11.94031319      -12.46965126
      1        3.44130849       -1.75742400       -3.88275731
      1       10.13434798       -5.71344164       -8.51404407
      1       -3.67319064       10.84689251        0.85643937
      1       13.68925330        5.11938288       -2.51983979
      1       -1.71867038        8.66951725       13.55728626
      1       -1.33487054        9.65433200        6.95818719
      1       -9.62467136        1.05595347        7.40589812
      1       -0.77966831       -4.87832244        3.19496846
      1        7.94949180        0.29413327       -1.34897546
      1       14.15161094        3.09921696        8.33516457
      1       -7.93065013        8.95567847       -2.06985772
      1      -11.38982402      -12.85392788       -3.07360046
      1       -7.75134129       12.69112538       10.05546133
      1       -9.64505026       13.44122030       -8.41671470
      1      -11.63927228       -3.17384708        0.01715040
      1       -1.50829516       -2.33303968        9.97455515
      1      -12.42589790        4.33110487        0.78911746
      1       12.52125088        3.01859353       -1.97974329
      1       10.29338726       -7.33410542        2.60414237
      1       -1.54354349       -2.93812588       12.24246591
      1      -11.58511352        0.96608315        2.16011321
      1       -8.71737762        0.74967524       -9.90455690
      1        6.84540989        6.72986194       -3.74866218
      1        6.62904012      -12.10556453       -5.86388107
      1        7.97866896       -2.01307073       -0.65275815
      1      -12.20066204       -7.66760810       -9.74888891
      1       10.89458061       -0.19192758       -4.01608774
      1       -0.62607374        3.70777391        1.66849145
      1       -4.71109647        5.76595920       -9.55586497
      1      -13.38904749       12.76828751        3.61478568
      1      -10.72206731      -12.18965203        3.15651795
      1        6.37312899      -13.33199506       -7.86876995
      1       -1.67377828       -7.05385613        6.52104879
      1        9.12521132        8.24012170       -7.63420620
      1        4.05966635        7.34431585       13.69938651
      1       -0.31701378       12.70613343        9.61553808
      1       -3.18287024       -7.88432685       -8.16033737
      1       12.71346152       -5.67864894        9.57706541
      1       13.12791204       -4.00828035       -6.38134151
      1       -3.63020699       10.58440699        9.93662024
      1      -10.67637612       11.83121316       -6.62838429
      1      -13.52382204       -7.09566802      -11.64517041
      1        5.82897874       -7.94945762        6.04070161
      1       -0.75562672       -7.98826151        0.60499907
      1        4.29491214       -9.97820702       -7.94015228
      1        0.91356588       10.61767064      -10.29319091
      1       11.24474956       -5.44956794        1.53883686
      1        1.17135359       -9.99110649       -4.55522867
      1        4.00784480       -0.46032161        7.02760491
      1       -1.93210751       -6.37505494      -11.51143200
      1        7.32837999        0.56600241      -13.56680556
      1        4.66494568       -0.55749071        2.90389413
      1        5.59302165        3.62101981       13.11218723
      1        5.61521472      -12.40313467        7.33205361
      1        6.30172118        0.22798611       -6.87321913
      1       -0.31929833       -9.89740528      -11.23462268
      1        8.99176511       -9.39545560       10.97078718
      1        8.07621533        1.27716420       10.13907228
      1        1.82188721        4.04144751       12.95553802
      1        5.75333868        3.33261322        4.03588719
      1        7.59033284        8.34768099       13.00468924
      1        1.36315771        7.73257370        8.61119827
      1        2.18804927        8.60994611      -11.14225796
      1       -2.97777986        2.87181821       11.03098027
      1       -8.63718820       -0.96122519       10.47877576
      1       -9.47734297        2.75648794       10.32475398
      1        7.62293444        5.47182342       -9.66738060
      1       -9.25856282      -10.43585446       -1.87974212
      1       11.99582313       10.82878252       -9.13389245
      1        5.62463882       -2.74651666       -0.03778564
      1      -13.05157931       -6.33405361       -3.89264874
      1        3.22269847      -12.15881638       12.60962332
      1       12.43526607      -13.54211647       -0.48310052
      1       -5.80571180        0.40393147       10.33775092
      1       -4.88930196        0.06742066       12.87533209
      1       10.67165362       -1.26397687       12.90706112
      1        6.70538993       10.52056594       -5.76945473
      1        0.48671803       12.63840013        4.10061067
      1        7.76855564        9.94261340        3.73599317
      1       -7.65723582       -4.47148352        9.68784429
      1       -6.95531519        8.90678141       11.03368218
      1       -5.27540223       -3.58025883        1.06947745
      1      -10.38953672       -6.88555922       -1.63222441
      1       12.78773104       -9.29274676       11.26401963
      1        3.25361795       -2.38974150      -13.24362021
      1        5.75983770       13.15662505        3.92551496
      1        7.38185320       13.10329221       -0.76150337
      1       -3.38602347       -4.89187516      -12.76131106
      1       -4.82260561       -5.09301223       11.33460746
      1        3.57069173        3.93308830       -3.48002211
      1        0.98229086       -4.63956085      -11.58994422
      1       -6.62966341       -1.85491876        7.10874800
      1        8.39012665       -2.76343158        9.44885314
      1      -11.93256342       -3.98626243        8.94699493
      1       13.12686781       -2.36978371        1.10632955
      1       -6.94048581       13.24966671      -10.99887902
      1        4.48705047        9.12149748      -10.87889727
      1      -10.59928020       -2.60019231        7.58130029
      1      -10.43174557      -12.06256381        8.87551529
      1       10.24659408        5.07738987        0.78789961
      1      -12.45103459      -12.92218985       12.08040441
      1       11.18733174        9.13451590       12.76748571
      1        4.60689504       -4.98634236        3.55762155
      1        5.11481245        7.17149226        6.01307092
      1       -2.91961556       -8.72699366       -3.08650142
      1        6.68833290       -0.38927612        4.25118589
      1        9.46559427       -0.28106354       -9.88709223
      1       -0.06410123       -0.93744222        4.06754370
      1       -8.11217783        9.33135403        0.27183738
      1        2.09233831       -4.76683044        0.30510466
      1        6.14506340       10.82311426       -8.03705586
      1        0.69954957       -6.20142816        1.80005316
      1      -10.33338097       12.01977585      -10.27490128
      1       11.16511934       -3.41433925       13.87611571
      1        4.56357903      -12.39432020        0.67132292
      1       -5.94471131        4.24616404       12.40773503
      1       -7.77003031        5.59817100      -12.26493251
      1       -7.96489075       13.09495744        2.08917842
      1        4.88688846       11.38070046      -11.72244035
      1        5.11519664        0.02523250       -3.47762466
      1       13.30618048      -12.66215507       13.30889018
      1       -4.53547333       -4.89160791       -2.65085956
      1      -10.69964010        9.22943090       11.95267986
      1       -3.11866068       -7.54770817        4.68748886
      1       -5.72293536        2.57016140       -4.86370912
      1        7.76523921      -11.32079340        7.51086176
      1        5.46858701        6.94903891        3.68021570
      1       -2.25871870       11.64430344       -2.62570790
      1       -4.80668199        1.61299331        5.08911428
      1       -5.18067131       12.08310044      -12.31501582
      1       -0.09270934       -5.68296099       -5.00604420
      1       11.57870509       -6.38858846       -1.97581536
      1      -12.05565610        2.25514222       -7.36805538
      1        7.97188323       11.41650819       -9.42996845
      1       -5.04400278       12.28002609       -0.39919446
      1       12.03721170        1.96728431        4.69997744
      1       12.52481411        4.90042768        8.30194348
      1       -5.39856602       -8.04149739        5.13241404
      1      -13.24028257       -4.73015757      -12.20427444
      1        6.74259477      -13.44301976       -3.92605909
      1       -9.63153980       -8.65522054        1.68282757
      1       -8.53208485      -12.28804487        2.14668019
      1       -2.80374553       -2.75089953        6.20141450
      1       -8.22516563       -5.49726384        2.96827165
      1      -11.62083639        4.76628122       11.51499837
      1        9.44416921      -10.61615511      -10.83282301
      1       12.27732961      -11.96659740      -12.45179569
      1       11.95336562       -7.39079554      -11.24061114
      1       -0.20406501      -12.13833067       12.95824696
      1        3.36310778       -4.48875297      -12.17186005
      1       -8.63927903       -1.65652481        2.20468202
      1       -9.89340557       -4.95081975       -9.19654291
      1       -0.58845393      -10.27764294        8.70396823
      1       -4.19826427       -2.53712379       -2.65330174
      1       -7.48649071       -0.56716954       -2.98621879
      1       -3.01601673      -12.21731757      -12.06681021
      1       -8.88547401       13.43595116        6.50987853
      1        6.58896119       -5.46389049        2.23877382
      1      -10.41173688      -13.18633849       -6.16109719
      1        2.08080847       -8.85984985       13.68410921
      1       -5.44677606        0.34006853      -12.58044843
      1       -9.95733158        5.40336886      -13.08670681
      1      -11.44871921       10.08082501       -9.47514536
      1       -5.90871885        7.09376428        9.90004318
      1       12.56378249        9.18664779        2.73765671
      1      -14.11648046       -0.09055359       13.76065859
      1        2.88899498      -12.08700159        4.15693442
      1        2.39975481      -11.36443679      -11.07682888
      1        8.85607760        8.13245462       -3.75813714
      1        8.03145428      -10.95127015       -1.37543770
      1       -9.88224794       -1.03612752       -5.53560721
      1       12.85372348        5.78824305        6.12266207
      1       13.17794053       -3.99187561        4.72285425
      1        7.08032088       -7.60519649       -4.80644127
      1        1.63069406       10.14441019       12.70938124
      1       10.05925751        5.61944294       -9.51937665
      1       -9.04209025       -2.26967916       -2.28703321
      1       -4.39485969        2.09923002        9.36829223
      1        4.13736027        5.59466024       10.17035394
      1        2.75043108      -11.71620689       -5.10591097
      1        4.34861393       12.15544376       13.88606005
      1      -11.28053106      -10.44279321       -3.07656113
      1        2.31951915       -1.04972907       -0.03325269
      1       12.98401773       -1.69686955       -7.09039706
      1       -6.85060864       -9.21116837      -13.39233807
      1        4.42653770       -4.82683112       -0.66858583
      1        4.82727151        3.35208745        6.19571860
      1      -12.89638250        8.22090114       12.42791976
      1        7.06397607        6.99892771       -7.92236712
      1        6.75437060        3.33514607        7.56272806
      1        4.91265021        8.03249372       -3.35382010
      1      -13.52930898        3.48851660      -10.89217661
      1        3.34349531        3.66696952        0.45866846
      1       -3.74539368        6.82638246        3.58249377
      1       -8.79335818       -6.47660448      -10.82723467
      1       -7.26702835       -4.41811174      -13.31944582
      1       -3.81161130        3.91696617       -8.19096417
      1        1.27998430       -3.83378703       -7.79946450
      1       12.99233593       -4.76901970       -4.05996679
      1       13.38039469       -4.21262779       13.58876085
      1        2.59230351       -1.87020364       -7.87085210
      1        3.20517825        1.58725800        6.12348742
      1       -3.20109642       11.71608556       -4.83260765
      1        8.01120445       -8.84035859       -7.70199242
      1       10.92137122       -8.49446046        9.97579994
      1        4.69632486       -5.42823828       -3.03528123
      1        3.41336515       12.92092696        6.88565458
      1       -4.29615384        2.52237177       12.92835251
      1      -10.08905356        6.41292035        2.81478865
      1       -9.28344705        3.06634607       -9.99188943
      1      -10.08367712        1.75761079       -2.36340445
      1        6.98172922        3.30820201       -5.55872919
      1       -8.72507778        1.55125599       -0.28336353
      1      -10.04306483        8.10909284        1.16229210
      1       -4.59595087       -4.29073751       -8.58858776
      1       -4.86769989       -2.39114616        3.00775107
      1       -0.07304902        7.49819388       -7.37416234
      1        7.89335911        4.84061460        1.43603068
      1        0.65249894       -4.28222362       12.67818032
      1       -6.18768321      -11.05809946        2.74250857
      1        7.73972083       11.61826850       11.99654549
      1       -0.59572870       -3.41727279        6.75100629
      1       -1.05292463       13.10626500       -7.93917284
      1        1.08840821        2.16059180        7.24265252
      1      -10.16146492        3.38367094        7.10884554
      1       -0.40700398       -2.63946899      -11.90316980
      1       -6.76464645       -5.62102262       -2.15878562
      1       13.49124783      -12.52227296        6.02435966
      1      -10.68903172       -7.29477074       13.62591663
      1       -2.23353841        0.43261628      -10.45187454
      1        2.66262837       -0.55309859       -5.78435466
      1        8.95945963       -8.88573254       -2.15590074
      1        7.46498778       -3.28491526        1.73787500
      1       13.31229339        7.48594111       -9.99175382
      1      -13.15623902       -8.02293207       -5.84571707
      1      -11.67379882        8.53809988       -5.62090447
      1       -0.43149468       -6.15894145        9.87447358
      1       -6.50255262       -8.94666237       -4.11255973
      1       -4.34369228       -3.92375947        4.75812623
      1        6.65648644       -6.71847240       -7.02976036
      1       -3.52355364      -11.35079448       11.31870872
      1       -6.96710810        6.83782762       -2.61538705
      1      -14.25937161        1.42033894        9.83898349
      1       -0.61921008        5.66705871       10.53630959
      1       13.76908416        9.86177143      -12.38837782
      1      -10.41670182        4.67511642       -4.59037280
      1       -6.25070893       -7.61246409        7.36822393
      1       -9.07897762      -10.93299497       12.22393204
      1        5.04750651      -13.47348062       13.24921916
      1       11.12857501      -12.97276419        3.11270393
      1       -6.86079805       -7.49407750        3.23624523
      1       -9.90881414       -0.14534309        0.80114477
      1       -2.24029772       -0.82714068        4.86763757
      1        0.02137425        5.07998697      -10.18049475
      1        7.41488088        4.53026249      -13.52858453
      1        9.04044908        4.40645959       -2.65499615
      1        7.51861407      -13.46928277        2.89682897
      1       11.81882886      -11.91807178        7.79912496
      1       12.17274576        1.83970225       -4.03529829
      1      -10.04495193        4.16392985       -2.30829975
      1       14.01829690        6.52529062        9.18781823
      1        3.44238559       12.28925836       -1.28750519
      1      -10.25468249        1.71578997       12.32260076
      1       -0.43924992      -10.46524759       -8.71183645
      1       -0.45767902       -0.67768924       -2.70719871
      1      -11.47211722        6.85289184      -11.94775955
      1       -1.75756841       -1.34488515       -6.12949183
      1        4.69801721       12.71916003       -8.08909374
      1       -8.12948375        9.22636803      -11.35232236
      1       -2.28568001       -4.25696589       -7.92430136
      1       11.79731041       -0.39757819        4.88575769
      1      -10.22769828        9.78599447        9.58905536
      1        1.86771817       -8.29656425       -2.88277381
      1       13.64031821       -1.80282416       10.39669617
      1        9.03440444       -6.93945579        7.32288401
      1        1.98037318       -7.75145859        7.13751593
      1       10.81330146       -7.90049099       -5.51627035
      1        6.99229536       -4.82963822      -10.73448874
      1       12.03895506        9.64539981        7.50037150
      1        5.60425937        0.88224018       -1.27184378
      1      -10.90768895      -11.85835498       13.51224345
      1      -12.60750859       11.69282776        7.26142255
      1       -5.36719213        3.93632537        8.13881715
      1        6.07722421        4.33856887        9.59514654
      1      -11.67302499      -11.00738247       -7.52539326
      1       10.70009224       -5.71361351       -4.43085655
      1      -11.48470037      -10.03631917        2.28718204
      1       -7.23083450       13.59619995       -8.58468746
      1       -3.36241787        6.42977519        1.11131951
      1        0.74698775      -13.15302358      -10.96530754
      1        1.40026527        2.96301611       -3.74812235
      1       -9.48029583       -5.51952114      -12.98672813
      1      -10.82512778       -1.23979519       -1.08467796
      1        5.87803032       -9.88481311       -1.76980024
      1        9.14802981        8.89423189        0.15225774
      1       -4.06651240       -5.64434945        1.15691924
      1       -0.01295549        3.87825445       -2.01482921
      1       11.24100542        1.06463441        9.28861375
      1        9.15414293      -12.58758677        4.41653566
      1        4.59772764       -7.61439209       -7.80966570
      1        1.00492667        2.84760307       10.92451851
      1      -13.17957309       -0.56255477       -5.80470809
      1       -9.38487741       13.99350505       -3.96505407
      1       -6.90159191       15.35238200       -0.70606513
      1       12.51464089      -12.53206208       -2.72432871
      1       -6.07136070       -9.42731937      -11.07552354
      1       -7.31487776        6.40703937       -8.62506371
      1       -0.52096285        9.64967130       11.80082286
      1        5.32138488      -13.69227209        9.37234332
      1       -2.50367788       12.08995483       -9.50184596
      1        8.14737663       -6.80785927        3.48164543
      1        1.90449279       12.87848611        2.20034779
      1       11.96618101       13.24872286        6.00510290
      1        6.70598716      -11.60012881        1.62325075
      1       -1.55733464       -7.31826443       -1.60300296
      1        7.87714355       -4.96338839       -8.51162967
      1      -11.42733517        7.56289751       -0.75772223
      1       -8.15086827       -9.55660728        3.41618453
      1        0.72249140      -11.65677408        0.55124777
      1        0.95286850       -2.23776594      -13.85543462
      1      -10.48592508       10.05400469        2.59395673
      1      -12.77417569      -13.25903679      -10.11280216
      1       12.09695113       12.76525855        3.64712943
      1       13.08833481       -7.97663574       13.17898251
      1       -6.55202790        9.00155798       -5.56008382
      1       -7.18201330        5.28481037        9.04568472
      1       -3.71432686        7.55544021       -8.31267096
      1        8.47474888       11.86744972        6.87766355
      1        7.76675711       13.76397308      -12.35872683
      1      -11.55328015       -0.44207552        7.54088431
      1        1.82355915       12.84588839       10.52150585
      1       -1.77194479       11.52105671       11.04193649
      1        8.44303773        4.96835461        7.18364391
      1       -7.35467166        4.50573174      -10.11561772
      1       10.53861604       -9.10652170        0.85400021
      1        2.03024391       -5.01791191       -5.88297314
      1        3.31404740        2.58826128       -8.19950066
      1       12.77393061        8.19169801        5.78314526
      1       -7.68672085        1.93428363       -6.01035272
      1      -12.43953899       -3.92848049        3.89861228
      1       -4.38681638        9.81683414      -11.81350670
      1        2.31274272        8.86125371        3.11049906
      1       -5.24154575       10.23664011        2.72165445
      1        4.07430463       12.70505911       -3.50366886
      1       -7.06990060       -1.37411624       12.36359424
      1        5.40588211        8.64246101       -8.66702113
      1      -10.80169920      -12.34268413       -9.28894568
      1       -6.68192477       10.48386558        7.39435470
      1      -12.01038738        5.27625380       -1.33980016
      1       -8.75605345       -9.98231550        5.82840760
      1        1.65635531       -1.93261757       -2.20866683
      1       -6.19764555        6.50887358        2.48551603
      1       -4.12803081        8.19122278       -0.28629285
      1       -8.72001301        0.54461256        5.29448175
      1       -6.69109498       11.92155157        3.73989588
      1       -4.18001664        8.22667981       -5.90624295
      1       -6.50432520       -0.12644327        5.39496664
      1       -2.52939229        8.81582204        8.81439486
      1       10.82064303       -4.57560968       -6.60921759
      1       10.62359368        6.82798943       12.28797075
      1       -5.52663500       -5.96991672      -12.80970570
      1       -8.46544393      -11.66437205       -6.01932016
      1        0.46039022        3.21456337        3.75207779
      1       10.84051985       -0.89674991       -6.33082066
      1      -12.67445961       -8.40911987      -13.40382362
      1      -11.29642587       -0.04149679       -7.15672616
      1       -4.29407956        4.36507814       -1.83395260
      1      -13.11336766      -10.35032734        0.47552096
      1        8.69676418        0.55857826       -3.61182399
      1        5.49212894      -10.08683290      -13.03441596
      1        2.07200055        6.68277065       -8.05631284
      1      -11.51790678       -7.69634988        9.84985252
      1       10.19624182       -8.74205734        6.22892383
      1        1.24268046        0.01723661       13.21326849
      1       11.50211481       10.77258377       -2.13097146
      1       -2.33709580       -8.73310409      -11.85671936
      1        2.14914972       -7.57977066      -10.18553139
      1       -8.60233028        2.53084984        3.99581339
      1        3.56647087       10.06607344       -0.55203663
      1       -3.54352891        5.07714951        5.27515558
      1       12.46539591       11.88305297       -0.17093743
      1       10.30201468       13.41709057       -7.29850912
      1       -4.41898913        8.93119007        4.53105574
      1       14.04473462        1.96914333        6.13957555
      1       -4.43393788        7.54849710        8.11020185
      1       -0.18505010      -11.74068931       -3.56113192
      1       -0.74609663        2.68078627        5.78425533
      1        0.33125155       -6.39816845       -2.75747942
      1       -1.37050991        4.72600640       -8.14385889
      1        7.38609586       -9.80540033       -9.82114222
      1        1.55020429       11.76647251        5.98490484
      1       -8.67580139        2.06875416       14.23897977
      1        7.80350687        1.97231562       -7.38123096
      1       -6.74136127      -13.43683823        6.67616240
      1       12.87489647       11.83704149        7.68907368
      1       13.84135331       -9.10052838        7.81940944
      1        1.95576348       12.19833433      -13.93262568
      1       -8.49083622       11.58993589      -11.73868730
      1        8.43878937       13.64461926       -8.74749475
      1       -4.64617145        6.74910413       -2.17690939
      1        7.07639366       -5.90359403       -3.17412643
      1        3.47071784       -6.47533677       10.65229250
      1        1.11283852        0.57517587       -4.23227908
      1        6.06661278        8.86488223        2.42093745
      1        5.59744297      -10.59497313       10.84420505
      1       10.54691755       -1.77434578        6.74178116
      1       -9.28001360       -8.34194336        9.47797417
      1        9.28942088        1.59806947        0.10080159
      1       -5.35309239        2.58005221      -11.83602270
      1        3.67389231       -7.39886446       -4.06234883
      1      -11.92818400        3.31364295        5.47602734
      1        7.11730629       -8.83489897        4.23737615
      1       -5.07352028      -10.90891582       -0.79588597
      1        3.89912255       -7.52118400       12.78497268
      1       -2.15864310        9.65645594       -1.13611643
      1        8.93625351        9.08460350        9.41718648
      1        0.39032958       -9.88533758       12.30796621
      1        3.18602083      -10.69770851      -13.29676329
      1       11.03519899       -8.09106616      -13.32351288
      1        7.61304990        1.74301479        3.80996932
      1        2.47462350      -12.70198943        1.89111964
      1        3.68553934       -9.90132030        3.94686136
      1       -8.54525709       -8.91761487       -8.43023828
      1      -13.05888186       -9.61949246       -1.78771325
      1       -9.19430191       -4.60978247       -6.92517305
      1      -10.65581082      -11.23917260        6.66721843
      1       -6.92794456        8.74405372       -9.33190823
      1       -3.24464972       13.25544173      -11.51165272
      1        8.76008381       -4.33931221       -3.73784142
      1      -13.74188997        1.94277516       -9.05047490
      1       -7.87611584        2.83704788        1.62530518
      1       10.56553691        7.25761568        9.93347961
      1       -6.96494603        5.47782391       -6.43839590
      1      -12.24618632        2.88303739       12.87690731
      1       13.37933906       11.86439240       11.40511026
      1       -7.91690995       10.38201803        9.47136675
      1        7.42506123       -0.50524702      -11.48072379
      1        5.01087384        7.78031499       10.05271277
      1       -3.09292825       -0.91307586        2.65246866
      1        3.75451807        5.99177232        0.51062520
      1        4.18034440        5.71944135       -5.61450433
      1       13.70805141       -4.13700653      -10.06601133
      1        7.39736997        7.07594613        6.75775084
      1        9.69414738       13.77670724        6.22259342
      1        5.00652244        2.27350928       -4.56759351
      1       -0.46375458        2.36744584       -7.56904825
      1       -5.59459704      -12.15576214       10.34188061
      1       -5.97444474       13.74284083        8.86899276
      1        6.35948658       12.06586795       -3.96815253
      1       -3.65115284       12.35866471        6.17648455
      1        6.09807061       -1.29085133       -8.63939258
      1       -0.30994650       -2.63774058        2.39528706
      1       -1.83552957      -13.01323334       11.37250454
      1       -2.19810294       13.65561849       -5.84279758
      1      -12.56824762       -2.36608967        2.15816119
      1        4.47024724      -13.38604249        5.41242023
      1       10.31663228        6.23935380       -3.59271735
      1       10.95033053        7.89481780        4.22401201
      1       -1.41711677        6.51947688      -11.37444050
      1       -7.61782097       -6.80643341       -4.07765705
      1        9.44944693       -4.76069154       13.01377249
      1       -6.43970070       -4.02902741        6.07427310
      1        1.56802507        9.14221510       -1.57070359
      1       10.74630276        3.42829733       -9.93268889
      1       -6.91084554        3.68937540      -13.32499842
      1       -6.66226429       -7.60292985       -0.86991799
      1        0.07320572        6.21075583        5.17361266
      1        8.58393816      -10.78060982       -6.12597017
      1      -11.73338926        6.18651532        7.88001395
      1      -11.11146260       11.92168212       -0.64829807
      1        8.46241004      -13.12043327       -2.36371399
      1        7.58411457       -2.95876492       -5.29975370
      1       -1.12942679        7.83041380       -2.63027692
      1      -13.15550333       10.99181612        0.27427122
      1       11.65389023        3.11283652       12.37140689
      1       11.03339750       12.44391168      -13.18049842
      1        2.13106045       -9.73501757       -9.11376075
      1       13.84713736       -6.74126800        7.70306591
      1        0.64782614       11.32712252       -7.89717107
      1        0.57310774        4.16041445        8.79446410
      1       10.41333923      -13.07267119        0.87005103
      1       -0.07942842       -3.90531403        9.00605922
      1        6.19373295        5.51097227      -11.66043760
      1        0.94066951        0.95418784        3.00881123
      1        6.54830772        5.67124300       -5.88432632
      1        9.06605773        9.68543402       11.77284216
      1       -1.06814238       10.95724501        3.48465504
      1       -8.03975508       11.39652244        5.62932542
      1        2.42641509        5.59563637        8.46576978
      1      -12.36514922        0.02598780      -12.44032677
      1        4.14491828        1.15949112       -6.47765318
      1       -1.89440336       12.25510580        1.69123002
      1        8.75583322       -3.12362522        5.69490579
      1        2.62580930        4.57779966       -7.03972471
      1        8.13368758       -2.93006404      -11.64597426
      1       -5.66360740       -0.90918317       -7.94398180
      1       -5.44300929       -4.46644907       -6.38207972
      1       10.48443631      -12.37720142       -5.99691851
      1        5.10245376       -8.59939733        0.28918162
      1       12.70491083       10.23743574       -6.99400573
      1       -3.07017528      -12.15311490       -1.22702651
      1       13.39859588       -2.85270168       -2.77437921
      1        2.12084125        0.66626258       10.99141562
      1       -3.62162858      -12.34066712       -5.09725640
      1        5.94547608       -4.43181764       12.84922700
      1       -8.61620330        8.04998925       12.60804405
      1      -10.16769296       -6.32906714        1.89509429
      1       -9.11175118       12.44767411       13.91134099
      1      -10.97925050       10.72302050       -2.79326152
      1      -12.63895418       13.54647073        5.75163180
      1       11.80336324        2.37535324       -8.08023368
      1       11.49951443       -5.14548194      -10.39982678
      1        1.93054372        8.31472168      -13.52507189
      1       -4.30288016        0.66869774       -4.83697186
      1        6.93306742       -6.59434373      -12.35532668
      1        9.12482924        4.49709214        5.02116800
      1       10.53106683       -3.30225619      -11.68404389
      1        3.55797689        5.33944701        6.34367972
      1      -13.38419052        1.46277533       -4.43947893
      1       -7.71327049        9.91140511       -7.44164156
      1       -1.74546749       13.67290010        6.74507853
      1       -0.48142017       -1.20200762      -10.03263681
      1        6.84396411        8.20362246        0.26326896
      1       11.16986016        5.50759486        4.40609234
      1       -4.89246934        0.37807433       -0.26682336
      1       -3.80864177      -10.27917536      -10.78382040
      1       -6.76908327        4.77469614        0.77792150
      1        5.38215204        8.65187934       12.20862631
      1       -2.70332810       10.04115978       -6.34866650
      1      -13.80978358      -11.33363767      -11.00814570
      1        3.30454681      -11.22293707       10.22833439
      1        4.48442548      -12.55509507      -10.85411779
      1       -5.99276336      -13.95634772        1.00686352
      1        2.86461423        0.98785556      -13.12361096
      1        3.24878971        6.63120033        2.80832569
      1       -1.13850601       -0.03350696        9.48330669
      1        7.22024623       11.46689004      -11.68175486
      1      -12.61597489       -9.26278497        4.25632272
      1       -4.66965368        9.32379767       -9.50753988
      1       14.01435424        5.80857388        2.02158468
      1        5.01945794       -1.26834009       10.78184018
      1        2.91472993        6.56475726       -3.45791830
      1        0.83938125       -0.02676539        8.13283575
      1        2.19254055       -3.29097138        9.16403266
      1       -8.84610911      -10.60296528        9.88154461
      1       -3.14384509      -11.49452613        4.69827028
      1        1.14467379      -12.48641924       -1.69425024
      1       12.52365997      -11.16301022       -6.62161093
      1       13.57042731       -5.97536143       11.93783438
      1       -1.85547499       -1.85636502        0.57338897
      1       12.31333017       -0.54334589       -0.25676140
      1        2.89790165      -13.66396655        8.95786600
      1       -8.32891125       -1.51219168      -13.34808428
      1        3.27822875        9.06012784        9.05910230
      1       -4.74274326        4.39445050       -6.02716433
      1       -2.68446021       -1.07829748       13.33786949
      1      -10.09008237        7.11706330       -4.51374465
      1       -8.89206394       -5.16564470       12.05388027
      1      -10.72991968       -1.71119611      -13.21947651
      1       -0.98760589        5.97582974        1.12335798
      1       -9.90265580      -13.39997224      -12.86597486
      1      -13.44263473        8.80186925       -0.55308126
      1      -10.59254005       -0.74715156       -9.38961515
      1       -3.63520650       -0.03786974       -7.00516948
      1        0.43577308        2.95062248      -11.15268462
      1       11.38492319       -1.18818948      -10.98460486
      1       10.57356209       -1.29590706        3.01467611
      1       -0.57183129        7.99976108       10.02975780
      1        6.21724079        2.52542571       10.97208350
      1       -7.32449559        7.80218165      -13.09216416
      1       -5.54749257       -1.22712381       -4.10345176
      1        6.71708782       11.48141171        5.31156869
      1       -3.08501553       -5.53751505        3.36865007
      1       -5.56459770       -7.52282707        1.22654123
      1       -1.37632921       10.03700898      -10.21456009
      1        5.69038198        7.72074050      -12.35643217
      1       11.52137063       12.20836958       -4.04693150
      1        8.93002909       -6.87118738      -13.79926389
      1       13.82360842        5.28906647       -4.98604416
      1      -10.19847252        8.49598892       -2.54493581
      1      -10.48111773       -3.29614619        5.29667593
      1       -1.07110362      -12.88714617        8.85438662
      1        5.71332203       -9.06465045       12.67350217
      1       11.60162098        0.00444867      -13.12452267
      1      -11.28321722       11.92222905        9.23237151
      1       13.79348982        1.24538578       -0.91316530
      1      -10.00755567       -8.45240266      -10.27324475
      1       -8.11545693        1.05703460        9.33783650
      1        3.96524471       13.03832413      -10.29538719
      1       -7.86648353        4.35813074        5.35992130
      1        2.94118166       -0.99089830        9.17632805
      1       -6.78909887      -11.99528329       -7.78562624
      1      -12.32447814        6.68656452        3.72674025
      1      -12.83537036       10.64061469        2.65351823
      1       -5.12318655       12.13459133       13.08098984
      1      -12.89859561       11.78793337      -13.24247040
      1        8.28957346       -5.51315211        5.51657601
      1      -11.97266379      -10.56167322      -12.51949805
      1        5.85633301       -5.62206948        5.56746319
      1       12.93183705        7.87010697       -7.65653201
      1       12.39173760        2.22802472        2.35919612
      1       -2.86108429        5.08272645       10.27336201
      1      -12.24669903        0.54623911       -2.35074510
      1       12.59130306        8.40119978        9.43904576
      1      -12.25547695       -5.41518517       -9.03199059
      1       -6.23733909        3.18259882       -2.57370820
      1       -2.49210821       -6.94352395        8.80300578
      1       10.36842129       -6.23851031        9.28453917
      1        8.91634508        9.57199468       -5.70073731
      1      -10.40654713        8.24409601        7.66705950
      1       10.11162665        2.80449980       10.45287438
      1       -3.93673177        8.06232511       12.87713280
      1       -7.24633278      -12.98283089       -3.02524272
      1       13.58006875       -5.99416053       -0.71650631
      1       13.48248920       -3.51714390        8.76659663
      1      -12.58247305      -11.83742791        9.96926714
      1        9.67731755       13.50483740        9.91018454
      1       -6.54922844      -10.44993834        9.00848807
      1       -1.02118973        1.59259011       11.28694266
      1        6.37181993       -0.58069514        6.67512906
      1        8.72011994      -13.15332915       11.78659171
      1        8.05284198       -6.76846738       -1.19307758
      1        7.73109154        9.16878907      -12.55626672
      1       -9.30141782       11.40240448        0.93086989
      1        3.94326127        7.84386511       -6.96621923
      1       11.93559193       13.19489208       -9.04218492
      1       -1.40554489       -6.18897170       -9.02653759
      1        0.51020200        8.20665255        6.45193309
      1       -9.50365852       11.66276639       -4.40586167
      1        4.70385703       -4.60142575      -10.19846400
      1       11.44430857       10.10148300      -12.92068362
      1       -2.20733227        1.11386485       -3.76930581
      1       -6.70862340       -3.74795413       12.12029142
      1       -1.63009035       12.36728271      -12.99544208
      1      -10.79303601       -0.37234693       11.25946784
      1        0.87524841        0.75937925        0.61402102
      1      -13.17660694       11.78251486       -6.80565399
      1       -4.91826338       -1.16503210        8.64490256
      1      -12.45692757        3.49088055       -5.32182202
      1       -3.74303735       13.47185805       -1.96351142
      1       12.97560444      -10.37325286       -8.94998716
      1       -1.14233292        4.80432726        6.78883418
      1      -12.84973658        5.77516046      -10.33469272
      1       11.62930017       -7.85909319        4.54683910
      1        3.58150697        3.37787142        2.90987670
      1        8.58983085      -10.38125621        5.42216332
      1      -12.23648115        2.42122882      -12.60108560
      1        3.97023055       -3.97783309       -4.77967512
      1       -9.97533049      -10.86507306      -11.00820991
      1       13.05275800       -2.45259338        6.54610403
      1       -5.36214122       13.47233670        4.91571641
      1       -5.16999438       -8.98187199       -2.18828500
      1       -8.46233510       -2.34685514       -6.85813318
      1       12.40161595        5.37075310       12.71017163
      1      -13.36498910        2.15110006        1.13633804
      1       -9.60092520        9.77140738        4.88692289
