 run_id:         1003
 total_energy:   -4102.4541531325021     
 P   27.848118434861512        27.848118434861512        27.848118434861512     
      1       -0.12545856       -8.77806000        6.80659302
      1      -13.07622641       -9.10640775       -8.05962557
      1       -7.81522383      -12.46755922      -11.84483999
      1      -10.20460506        8.37791214      -10.65450543
      1       13.08522261       12.84673678       13.51144876
      1        8.99250286      -11.08765913        0.76101190
      1      -13.83885541       -3.70531754       -0.70563780
      1       -2.93354576       -4.89522821       12.76704458
      1        0.73669695       -1.54049829        6.19824314
      1       -1.07401768        0.07835286       -0.53162033
      1       -1.44262944       -3.52093952       -1.27122907
      1       -2.75942723       12.93865392       12.72377284
      1       12.09795887      -11.51463088       11.65218684
      1        8.95943362        2.80289597       -4.38502396
      1       -5.61589617       12.06650069       -4.94393882
      1      -11.73078658       -6.11085505        8.05698287
      1       -5.34530365      -10.43555568        4.93429431
      1        5.61589058        9.33274951       -1.42485644
      1       -2.68894239       10.42269908        5.14495334
      1        8.68906490       13.04993939        1.24332161
      1       -2.33300618       -9.64240831        1.52277685
      1        3.10031943       -4.09192418        7.13315073
      1        4.94208661        2.55885546       -9.94486338
      1       10.55027015      -13.40097514       -3.75473050
      1        0.23746811      -12.80648983       -8.57931662
      1       -0.24326696        9.69722623       -6.28842387
      1       13.02322809       -9.51948847        3.60673041
      1       -4.99291042       -8.50650724        9.30776730
      1      -10.07932869        3.23294413      -12.24411527
      1       -0.32637456       -5.32631978        5.51816543
      1        4.88898822       -5.92349245      -13.51802766
      1      -11.04460259       -8.82008874       -4.86717904
      1      -10.83462011        2.83204633        3.39319676
      1        9.85442650      -11.13918865       12.41330964
      1        8.33560048        6.10241756       12.66539798
      1      -12.06388337       -0.63446523        3.71855010
      1       10.90428245        6.63538204       -7.46800197
      1        7.01498278       -0.67718418       -4.76254347
      1       -5.66482865        2.74411766       -9.44736136
      1       10.94379219        0.49252859        1.39232173
      1       10.90280820        7.17429589       -0.02494646
      1       10.78670898       -2.55497725        8.92951899
      1        4.49706864        0.85124485       11.55247003
      1        8.96950465       -8.97937958       -4.54136683
      1        1.16104487       13.02487531       -1.41851639
      1       -4.08348716       11.04527781       -8.11646761
      1      -13.34047567        7.69752657      -13.13176891
      1        6.73304994        4.96459881       -2.03013801
      1      -12.68853196       -7.32635715       -1.77442734
      1       10.05374064        4.87471316        9.07786917
      1        1.20193724       -9.34868842        0.88766742
      1        7.61379327        2.48288756        1.55333131
      1       -3.20959482       -7.70547278       -5.29005463
      1       -0.07627507       -6.17731142       14.79680442
      1        6.94622060       -5.82093223       11.15923005
      1        4.66745360       -3.10537483       -8.24851034
      1        1.81350135       -8.75072557        3.15966687
      1        5.72843759       11.81674615        9.44661232
      1       -0.35883259       11.80804037        7.39333794
      1       -4.41430769        4.44893981        0.42449559
      1        2.30276160        3.20794748      -12.56547684
      1       -8.90590099        0.74615073       -4.31844366
      1        8.15214046       11.66782062        9.38479837
      1        5.35902688        0.13178052      -10.43374629
      1       -7.31411214       -5.85838359       -6.20518153
      1        7.14602138        5.15655541        3.68760713
      1      -11.68272441       13.24212754      -11.73285965
      1       -3.13996521        7.18074176       -3.96315130
      1       -0.02115229       12.17998929       -3.27712549
      1        7.17294556        3.13277587       -9.33125994
      1       10.47610534      -10.42813122      -13.10113042
      1       14.00712955        9.78240134      -10.09590404
      1       13.40069179       -6.66561480        1.51375782
      1       -3.29896135        3.45196991      -12.73668296
      1       -1.48809971        1.91823821      -12.16647961
      1        3.06955404       10.78481247       10.78179403
      1        2.62592052       -4.30128516       11.28702663
      1        7.71921039       -7.83006493       12.24062406
      1        3.75832352      -10.91528726        7.69280259
      1       -4.01162079       -1.05455537      -11.22239609
      1        7.13877602        7.54677456        9.08696048
      1       -8.83781585        3.98073789       -6.28071293
      1       11.18786639       -8.71118469       -1.45781907
      1      -13.28428779       -0.38820306        5.83124988
      1        0.90997812       -5.63983994       -9.40474278
      1        5.62878737       -9.64307095        2.53668903
      1       -0.72402214       -2.48825168       -7.99463103
      1        9.60921787      -12.76551788        8.12755222
      1       -2.23905317        3.31378218       -2.75622878
      1       -3.64346670        5.79572309      -11.78374259
      1       11.93968699        4.57254622        2.40168761
      1        0.62536000       12.46224107      -11.92699348
      1       -7.78880758        0.40749652      -12.17761897
      1      -10.25051355        9.52404007       -7.39390779
      1       -5.16318204      -13.71453274       -3.82974767
      1       -9.99253387       -6.83357239       -3.97519385
      1       10.20058699       -7.96505002       -7.86964651
      1       13.15737281        9.49301438       11.48152245
      1       -2.16137154       10.15382058      -12.42835022
      1       -0.10172484        6.18363097       -1.25310682
      1       -4.79121110       11.77353647        8.15774165
      1      -12.65136845       -1.58772880       -3.65463279
      1        9.18718903      -13.06671616      -10.73062292
      1       -8.66476401       -4.77584684        5.14549104
      1       -9.84348004       -1.25877274        4.18494443
      1        2.95356457       -2.19601893        5.76274278
      1        9.78774768        9.83592891       -9.36285881
      1       11.44633594        5.35106451       -5.50559285
      1       -4.01590136        1.35685728        2.77595661
      1       -3.23928536       -9.10665131      -14.01569898
      1      -13.78253819       13.71281089       -8.09552275
      1        1.33274356      -11.96002156        7.73913939
      1       11.24751609        6.90252405      -11.15447764
      1       12.97978921        7.70025502        0.99511635
      1       -3.36091627       -2.93178501        8.57366168
      1      -10.59283020      -13.18231914        5.38540701
      1       -7.77674487        4.83954462       -1.62326492
      1        8.65150175        2.48617702      -12.96543774
      1       -8.80430437       -8.62003441       13.06861645
      1        8.88720506        2.09340121      -10.61710966
      1       12.77841356        5.90219254      -12.81110567
      1       -9.29167229      -12.16526142       -0.18502418
      1       -0.91077134      -13.29577948        4.68142130
      1        6.01913047       -8.48777636      -11.27002147
      1      -13.04995642        6.84053433       -6.59737169
      1        2.60105868       12.37836325       -6.87923396
      1       -8.06546403        6.39346211        4.02607461
      1       11.31622298      -13.88363825      -11.31097677
      1       -6.81959651      -11.07910001        6.68048258
      1      -12.85004450       -5.52084449       -6.74209387
      1        5.09844961       11.22907872        7.14674850
      1      -12.87278260      -10.52111011        6.25225129
      1       -2.72755569       -2.58145035      -12.52876901
      1      -10.91846377       -4.91825382       -5.20540441
      1        5.38287305       -4.49044437        7.60109279
      1        6.03270449       -6.44589470        0.17513372
      1        9.69306027        2.11941739        5.18492648
      1        2.84885899       -9.10345032       -0.76556520
      1        6.36082998      -12.80478813       11.37298898
      1       13.10154873      -11.87435413        3.79290441
      1        9.61596045       -3.26016338       -1.76907120
      1       -1.04988858        0.61441494       13.62617280
      1        9.25881883        9.78682773       -2.00951212
      1        4.00459908        9.16878289        6.82748294
      1      -10.86823070       -4.21295018       11.11949975
      1       -6.09462370        8.63742909        1.17369208
      1        1.93501382       -5.80871054        5.85477448
      1       11.45205637       -0.94329103       10.55945987
      1       13.67277060        1.78889709       12.17464614
      1        7.59645753        1.13791815        7.88438874
      1        0.27187833       12.13274705        0.57366521
      1        0.03251288        9.18752006        2.38172468
      1      -12.28174750       -7.03218758        4.89716823
      1        8.25774237       -1.99034337        3.62143807
      1      -13.49291614      -13.36952192       -4.08167051
      1       -2.95789630      -10.24105426       -8.56536492
      1        1.95261882       -2.76761242        1.61751638
      1        8.84431260        8.48169910        5.38878672
      1        1.53752068      -13.73711133       12.55078544
      1        2.17445545        6.85577226       -1.19727002
      1        4.44358811       -7.01306148      -10.06375146
      1        5.74029414      -11.44496712       -9.17250784
      1        5.05561591        1.29607386       13.83883570
      1       -0.14478263        7.22848164      -13.24394442
      1       12.95267718      -12.66445254        9.72050846
      1       -8.20578993       -4.08495899       -0.97131700
      1        5.98039236      -12.48528886      -12.70095958
      1       11.14315271       -9.13643017       -9.73898312
      1      -13.07102979       -9.47788197        9.94058070
      1       -1.17695704        7.26827557        3.10786623
      1       11.76649270       -3.42498765        2.76062241
      1       -7.16123509      -12.37764395       12.16584990
      1        7.31730094       -9.82100234        9.32389759
      1        1.57766452      -13.33598501       -6.50200453
      1      -11.64971291        9.69274855        6.17160730
      1        2.53441270       -6.39432241        3.58907481
      1       -9.58987429       13.49352499        8.79258381
      1       -1.90538840       -4.21839967       -5.40955573
      1       11.57638354       -9.58125126        7.96424101
      1       -2.08320953       -9.53980987        3.84568833
      1        8.25698906       -2.34516673       -8.88696408
      1       -5.08751131       -6.62491227       -8.94766083
      1      -12.37861676       -6.01907934        2.77824714
      1       -6.61330688       -0.79739424        3.05092093
      1       -2.70081294        1.66257549       -8.40018878
      1       -5.85042645        8.44405627        6.38298354
      1        0.83355675       -4.23069710       -1.63090615
      1       12.72110025       -9.29295272       -5.09964122
      1      -10.19558972       -5.06733596       -0.15967497
      1      -12.67413796        5.52691394        5.74885089
      1      -13.64108898       -2.16969734       12.62446062
      1       11.01156736        3.05172675       -5.73461419
      1       -1.95340283       -2.43259559       -3.58464992
      1       -6.08167908        1.06385556        1.67869416
      1       10.35454552        3.45112428       -0.92655109
      1       -9.70211379       -2.88506498      -10.27563502
      1       -6.41899613       -7.09966710      -10.82819283
      1      -11.34036547       -2.26597640       12.45359593
      1        3.35078396       -0.66005105      -11.44086721
      1        1.29462576       -9.78462601       10.15013712
      1        3.95823002      -11.28381201       -1.29220942
      1      -11.60060660        5.85038182       -8.31582535
      1       -5.72588095       -7.29364476       11.27177254
      1        3.59806926       -2.68597285        3.45305721
      1       -9.46640064        5.74219934       12.34543273
      1        9.14967674       10.71094871        1.85522879
      1       -0.71451562        5.70635180       -5.74344589
      1       -1.56808488        7.85235426       -9.22260679
      1       -0.20723542        5.35493221       13.22465440
      1       13.14502744        9.06517634       -2.54683967
      1        4.62966273        9.41056940       -5.23227631
      1       -2.88684104       -5.43958074       -0.99940830
      1        0.14108906       -9.67806485        4.64740431
      1       -4.62341182      -11.11832886       -6.94934802
      1       13.30114887       -1.77277540       -9.54038019
      1      -13.33797050      -12.49884766       -6.36382986
      1       -1.67777994      -11.81460949        0.78323177
      1        4.89346332        3.27584149       -1.44607023
      1        3.75862509       -9.05472831        6.23106987
      1       -7.35772361       10.60632547       -3.89786363
      1        9.96638336       -5.33796054       -0.59415289
      1       11.41732072       -1.68172095       -2.21057110
      1      -12.52322080       -0.21325506        9.65323069
      1        9.94917187        8.88439057      -11.54027027
      1      -10.40932248        3.79548224       -8.07473223
      1      -11.05748068       11.34508178       13.02266211
      1       -2.30467491      -13.32875880        2.52401050
      1        6.20856569        5.92016714        0.09414966
      1       13.87471918       12.17153884       -4.56849595
      1       -0.94517145       -7.36093637       -6.51325224
      1        7.87330678        5.64203048       10.32090401
      1       -5.21013791       -7.82332318       13.54153961
      1        4.28178089       12.30250851        2.21722964
      1        0.86672946       -8.94349758       -6.75248369
      1       -6.41814168      -11.48938904      -13.64202267
      1        1.75336022       -0.50374426       -9.64185239
      1      -10.63956965       -2.75498568       -4.07167732
      1       -7.64507467       -3.71813120        1.34936300
      1      -13.46281786        6.12393108       11.49134802
      1       -5.50637192       -2.38079537       -9.86693921
      1      -12.93028709       10.01150053       -3.99843651
      1       -8.25075187        7.85903411        5.93734232
      1        5.37115442       -9.04529005       -4.02439852
      1       -2.86374718        2.84326274        1.28655337
      1       12.12797112       12.93302950        9.72700881
      1        7.06758360       -2.73133824        7.45104937
      1       -8.80475910        5.69786817        7.36454124
      1       12.18322579        3.71992914      -11.81267632
      1       -4.90249834        9.91300785       11.85148932
      1        1.01392597       -8.11460315      -12.21294397
      1      -11.28297260      -13.51394746       -0.78472697
      1        3.11373301        1.18842478        3.79635873
      1        5.08970586       13.25092006        0.14656701
      1        5.82215919       -4.22217500       -6.40006336
      1       12.06893026        6.90086581       -2.14182207
      1        0.85180960      -11.82719141        5.34427894
      1       -3.10925713        0.46749602        8.20153321
      1       -3.31897348        5.32997673        7.81956865
      1       -4.72724415      -13.08590939        2.97459480
      1       -4.74644327       -9.75407912        1.24381921
      1       -6.65976527       -7.66957649       -7.52034754
      1       -2.44659823      -11.11229835       -3.30462981
      1       -2.85972870        1.65796041       -0.76288677
      1       -7.87990725      -10.84464085       -3.81821403
      1       12.90578068       -9.01972006        1.34991081
      1      -10.19041564       -6.44313207        6.19115373
      1        7.46485688       -1.00966545       10.76858854
      1        9.38998112       -2.69853086       -6.76791541
      1        6.92493351       -7.78295253        8.16221874
      1        5.51686764       -6.18372999        9.32873278
      1      -11.47661086        3.99004863        9.09053237
      1        5.25404446       11.00302218       11.95028606
      1       -6.21374204       11.85636582       -7.29569068
      1      -11.81118777       -6.27478685       11.77122403
      1       -0.07490627        9.82426078        0.04519477
      1       -5.57342042        3.80641328        5.71856096
      1       -9.72360007        7.30112071       -8.58532823
      1        4.77162037      -10.66904291       -5.69792939
      1        9.00318065       -4.78805706       10.61822973
      1       -7.50122616       -2.81897229      -11.36303310
      1        9.67581671        9.78538575        7.20229078
      1       -0.71845134        0.80810703       -5.69063950
      1        2.05896061        5.07365396        4.36202146
      1       -6.75969236        1.11069907       -1.54271730
      1        2.22157347        6.22362228      -10.35334939
      1       -4.84274884        7.66475964      -12.95830218
      1      -12.18426078       12.59210533       11.34762484
      1        3.24499515      -12.80991979       -3.07504049
      1        1.00059999       10.07123168       -4.00386393
      1       -6.23433088       -2.27366231       -6.11311008
      1       10.67331012       11.26892542       -6.05782064
      1        3.94726805        4.49418154      -11.20294970
      1        2.75180875       -7.27813475       -6.30630590
      1       -4.19404390       -1.91975169       -0.35175675
      1       -6.99605533        1.06459559       -8.24732506
      1       -0.11289551      -13.78425912       -4.81151709
      1       -9.81537373       -9.88572490       -6.61914647
      1      -13.29196905      -12.73206618        0.31110211
      1        0.70966552        7.46766391       -4.29773095
      1        4.60699606       -0.61501087        0.45144902
      1       -8.47605424       -2.30032375        8.40614863
      1       14.88820048      -13.00152186        2.60787167
      1        7.21427971       11.06283857       -1.98776615
      1      -10.23696379        4.36392142        1.69869763
      1       -7.70353181        7.08098828       -4.90018103
      1      -10.98458988       -3.82648895      -12.11896756
      1        4.01604440        9.98484007        1.85981601
      1        1.59568024       -7.47872750        9.51798340
      1        9.86003418        0.72041913        7.21003326
      1       -2.69279215        1.16063524        5.98518313
      1       -7.56147497      -10.75406038       -9.72565333
      1        1.00402246        3.05783305        0.01685720
      1        2.99065655       11.10442217       -4.89417636
      1       -3.85705791       -5.42675954       -4.87068276
      1        1.27628612        1.78743405       -9.13359409
      1      -12.85391481       -0.15407372      -10.09672307
      1       13.28742133       -6.26759434        5.43373930
      1       -1.65637892       -8.66751214       12.12510234
      1       -2.59689977       -9.36073542       10.00091570
      1        4.23718271       -2.90893223       12.38614947
      1        7.79786295       -3.29211908       13.83077895
      1       12.68158098      -10.10127560       -2.79640727
      1        2.12716447        9.51726787        5.44970138
      1       -7.29547514       13.07494917       12.38468408
      1        9.99318345        0.82350910       -7.76085832
      1       -4.17596981       -5.08323785        9.14668923
      1        8.31481923       -1.16587501       12.93726211
      1       -4.02784607        5.91518808       11.39650805
      1      -13.13974308        8.81253433        4.46887394
      1       -6.12260964       -5.37187634        7.83873308
      1       -4.04681753      -11.34323905      -14.08691479
      1        3.81090053        5.20060280       12.60122164
      1       -5.19833874       -8.94216761       -6.08747188
      1        0.73826849        3.81499169       -5.85931228
      1       11.00310664        2.29317924      -13.36112467
      1       -1.07065502       -6.32152703       12.27448270
      1       -8.08879416       -7.27723003       11.21786939
      1       -2.78944686        4.95801048       -4.64720040
      1       -7.85236315        4.43171857       11.07793735
      1       -8.63284106       -8.03320510        7.15625977
      1        8.95730764       13.08904842       13.55079833
      1       11.47404020       11.16256089        1.98266226
      1       -8.91991270       -8.46483508       -0.63226890
      1       -0.70458783      -11.93934426      -12.46269513
      1        3.45093267       -1.76410739       -3.86885494
      1       10.14354247       -5.71491898       -8.50831359
      1       -3.67077956       10.88568818        0.84500163
      1       13.67333571        5.11850048       -2.52146411
      1       -1.65902044        8.71727215       13.60512399
      1       -1.34677744        9.68931292        6.93377036
      1       -9.59085076        1.09545707        7.37822267
      1       -0.77840754       -4.87704103        3.19230993
      1        7.93865566        0.29693724       -1.33288974
      1       14.16658299        3.11688880        8.34494592
      1       -7.95839657        8.96434735       -2.09944403
      1      -11.40647993      -12.85487005       -3.06354991
      1       -7.71934912       12.63864452       10.04551145
      1       -9.64893391       13.42791976       -8.42599857
      1      -11.65118050       -3.16404081        0.00498559
      1       -1.54915414       -2.37153439        9.98312927
      1      -12.44490802        4.33891849        0.78381122
      1       12.50301028        3.02134279       -1.96998694
      1       10.27987915       -7.33701198        2.62390288
      1       -1.56344527       -2.97632930       12.25548978
      1      -11.57716885        0.99125753        2.14242246
      1       -8.70130130        0.76180094       -9.93055236
      1        6.85615135        6.72424305       -3.73626157
      1        6.63481469      -12.11210906       -5.86013872
      1        7.96378502       -2.01124840       -0.64374266
      1      -12.21831372       -7.66833570       -9.72232116
      1       10.89233048       -0.19108580       -4.00935371
      1       -0.64556255        3.74645545        1.63980180
      1       -4.69994656        5.76230359       -9.57169295
      1      -13.40130995       12.76278944        3.63235679
      1      -10.73581196      -12.19441711        3.16995976
      1        6.38118976      -13.33516776       -7.86710200
      1       -1.70894064       -7.03987901        6.53126102
      1        9.13433918        8.23822472       -7.63191442
      1        4.07940312        7.35088691       13.72750243
      1       -0.31374011       12.73279087        9.61495394
      1       -3.16551060       -7.89911594       -8.14288254
      1       12.74811514       -5.65684667        9.57869778
      1       13.12618808       -4.00347669       -6.37759353
      1       -3.61508472       10.60481852        9.92504583
      1      -10.68701155       11.83290478       -6.62465826
      1      -13.52073495       -7.09030341      -11.62967371
      1        5.82564726       -7.94255717        6.07071854
      1       -0.74850892       -7.98365292        0.60783785
      1        4.30319646       -9.98370271       -7.93446409
      1        0.92509387       10.63616262      -10.28060179
      1       11.22713180       -5.45961113        1.54346217
      1        1.18281627       -9.99348754       -4.54553129
      1        3.92982165       -0.43738743        7.06417110
      1       -1.93630640       -6.38950151      -11.50067889
      1        7.35319318        0.55423638      -13.54863788
      1        4.62870638       -0.53273744        2.94518409
      1        5.56488011        3.61275251       13.16644685
      1        5.61803188      -12.40196079        7.34553230
      1        6.31679102        0.22339526       -6.85928538
      1       -0.32125046       -9.89810128      -11.22686421
      1        9.01462961       -9.38915494       10.97596908
      1        8.05752999        1.29265258       10.23761404
      1        1.76118140        4.06596950       13.07531643
      1        5.69390598        3.32637533        4.09023900
      1        7.58977397        8.33180740       13.00671046
      1        1.28465550        7.71976970        8.63120182
      1        2.19661978        8.62257031      -11.12015993
      1       -2.90837303        2.80568005       11.02689387
      1       -8.58241393       -1.02913205       10.44319778
      1       -9.39615938        2.78223171       10.29134942
      1        7.64068504        5.46432754       -9.65687542
      1       -9.27428250      -10.43519298       -1.87088849
      1       12.00268687       10.82412901       -9.14151089
      1        5.61381128       -2.74251806       -0.01557252
      1      -13.06070043       -6.33811969       -3.87706718
      1        3.24371408      -12.15282368       12.61778502
      1       12.41537203      -13.54495586       -0.46663542
      1       -5.78713880        0.37454537       10.33392433
      1       -4.88208869        0.00622087       12.86099469
      1       10.69531695       -1.26562126       12.89185374
      1        6.71023978       10.51736879       -5.76142906
      1        0.49321927       12.65665907        4.10860842
      1        7.74640805        9.91994375        3.76387412
      1       -8.12656981       -4.58153405        8.83330353
      1       -6.82881409        8.78151880       10.98677985
      1       -5.27834278       -3.57277284        1.03488199
      1      -10.40371885       -6.88778779       -1.62928804
      1       12.82078997       -9.28087282       11.27332622
      1        3.27830664       -2.41089002      -13.21458251
      1        5.75552204       13.14407528        3.95225690
      1        7.38566582       13.09609541       -0.73837828
      1       -3.41450509       -4.91952178      -12.72772408
      1       -4.90467173       -5.06400651       11.42213108
      1        3.58020205        3.92326765       -3.46471719
      1        0.99829631       -4.67453210      -11.56283257
      1       -6.56493103       -1.80918654        6.98782985
      1        8.43086398       -2.75014868        9.44795227
      1      -11.92554308       -3.91587140        8.92936873
      1       13.11072203       -2.37018679        1.09671522
      1       -6.93576580       13.25839184      -11.00546828
      1        4.49971015        9.12199982      -10.85958149
      1      -10.65395568       -2.51667250        7.48993672
      1      -10.41162227      -12.08140355        8.88659176
      1       10.22477318        5.06984734        0.81248141
      1      -12.42936650      -12.92556135       12.07979477
      1       11.19514053        9.12043103       12.76264020
      1        4.59381411       -4.98141807        3.58937155
      1        5.02639003        7.12117114        6.06763314
      1       -2.91782832       -8.72748434       -3.08116652
      1        6.64519776       -0.36572263        4.29965074
      1        9.48850231       -0.28584437       -9.88758202
      1       -0.08407762       -0.94246067        4.06143748
      1       -8.14963696        9.36586012        0.23608170
      1        2.09610793       -4.76547284        0.31519872
      1        6.15517181       10.82208940       -8.03029521
      1        0.70580934       -6.19963104        1.80748063
      1      -10.31329935       12.01054248      -10.29584618
      1       11.19085648       -3.41416288       13.86701489
      1        4.57001667      -12.40043871        0.69247188
      1       -5.71895931        4.26501550       12.31001885
      1       -7.69684321        5.57446573      -12.32138979
      1       -7.98476492       13.10421602        2.09037002
      1        4.89711726       11.37790972      -11.71481317
      1        5.11979166        0.02211486       -3.45985930
      1       13.32622553      -12.66483819       13.30967795
      1       -4.53403163       -4.88981331       -2.65595623
      1      -10.64454188        9.20048804       11.94765401
      1       -3.12145498       -7.54234734        4.67126744
      1       -5.72726442        2.57082773       -4.89460263
      1        7.77094139      -11.32036896        7.53069564
      1        5.42180112        6.92167038        3.72998263
      1       -2.26156287       11.67361872       -2.64416540
      1       -4.80907755        1.66093833        5.04428383
      1       -5.19437143       12.05490548      -12.33063789
      1       -0.08307056       -5.69408553       -4.99322716
      1       11.56517239       -6.39697596       -1.96624658
      1      -12.04501549        2.26678686       -7.38538614
      1        7.98004227       11.41219647       -9.42916719
      1       -5.05553837       12.29647586       -0.41397610
      1       12.09222103        1.84811492        4.70564393
      1       12.50506905        4.89808305        8.31845372
      1       -5.39940258       -8.06119709        5.07821870
      1      -13.23997144       -4.72278252      -12.19174315
      1        6.74648916      -13.45319223       -3.92388069
      1       -9.64919300       -8.65284973        1.67975366
      1       -8.55074379      -12.28085104        2.14864279
      1       -2.82842969       -2.75246253        6.19839948
      1       -8.23824586       -5.49512519        2.93494516
      1      -11.55877157        4.76214031       11.49957036
      1        9.45310211      -10.61800707      -10.83562939
      1       12.28945014      -11.97057343      -12.45328212
      1       11.95929472       -7.39236621      -11.23683810
      1       -0.21415019      -12.13426480       12.96771487
      1        3.37955036       -4.51305750      -12.15201732
      1       -8.63146020       -1.63703186        2.16829162
      1       -9.90598693       -4.93766368       -9.13268269
      1       -0.60150493      -10.26526380        8.71589330
      1       -4.19081524       -2.53558771       -2.67242839
      1       -7.49024838       -0.56521897       -3.00500624
      1       -3.03774855      -12.21854368      -12.06906651
      1       -8.87859747       13.41870182        6.51474565
      1        6.56839979       -5.47391860        2.26557093
      1      -10.43295520      -13.20563156       -6.15507647
      1        2.08138788       -8.86170584       13.69454370
      1       -5.42577505        0.32711720      -12.59115662
      1       -9.90060674        5.40439911      -13.11884234
      1      -11.43759083       10.07185579       -9.51091188
      1       -5.63901442        6.97806669        9.90700076
      1       12.54186657        9.18106594        2.75636667
      1      -14.07052299       -0.10341446       13.73709556
      1        2.89201961      -12.08317356        4.17547837
      1        2.40740830      -11.36630781      -11.06978756
      1        8.85831559        8.13396014       -3.74815404
      1        8.04011787      -10.95423319       -1.38755303
      1       -9.88847172       -1.02668954       -5.53263699
      1       12.83907125        5.77998856        6.13479199
      1       13.16304666       -3.96596481        4.71501047
      1        7.08329150       -7.61057665       -4.79839454
      1        1.67516602       10.21407654       12.72893900
      1       10.07563239        5.61493348       -9.52175480
      1       -9.04865397       -2.25980214       -2.29516063
      1       -4.37909930        2.09473194        9.35998791
      1        4.04001112        5.57465399       10.22545216
      1        2.75900872      -11.71966965       -5.09743520
      1        4.36005638       12.15362375       13.89315705
      1      -11.29631574      -10.44555755       -3.06364708
      1        2.31970839       -1.05011777       -0.02153766
      1       12.98928307       -1.69350631       -7.09484304
      1       -6.88204961       -9.18142135      -13.38823025
      1        4.42850921       -4.82940162       -0.65411131
      1        4.71591184        3.35880719        6.24410285
      1      -12.86481716        8.21264858       12.41391788
      1        7.07777304        6.99342340       -7.91538644
      1        6.65595615        3.33841190        7.60642956
      1        4.92630317        8.02904055       -3.34115164
      1      -13.50041872        3.48388754      -10.92170552
      1        3.32390111        3.66656177        0.47981142
      1       -3.84790169        6.88073087        3.31118703
      1       -8.79911752       -6.51193267      -10.68033125
      1       -7.35322329       -4.51804561      -13.21293516
      1       -3.80583413        3.91639438       -8.19732238
      1        1.28205752       -3.84515238       -7.77854876
      1       12.98929570       -4.76777652       -4.05711195
      1       13.41855460       -4.19029293       13.57774235
      1        2.60796451       -1.89068210       -7.85050546
      1        3.06311965        1.61457189        6.20430410
      1       -3.21148362       11.72860802       -4.84511569
      1        8.01931093       -8.84341283       -7.69852351
      1       10.94890177       -8.48317228        9.98827405
      1        4.69936372       -5.43389542       -3.02138109
      1        3.40873138       12.91592982        6.89990917
      1       -4.21500023        2.46507469       12.95965594
      1      -10.11232270        6.43279573        2.79880911
      1       -9.25387360        3.08113738      -10.02304250
      1      -10.10071209        1.77002909       -2.38349865
      1        6.98939323        3.30407957       -5.55129469
      1       -8.72850898        1.56867039       -0.31697575
      1      -10.06311791        8.12718305        1.14696773
      1       -4.59196623       -4.30304263       -8.58077809
      1       -4.85469794       -2.36207892        2.95743703
      1       -0.06592014        7.50772369       -7.34539323
      1        7.86887441        4.83603456        1.47306278
      1        0.62860271       -4.27952597       12.71156339
      1       -6.18662816      -11.05763660        2.72849175
      1        7.74859842       11.60583609       12.00022774
      1       -0.62186035       -3.40884201        6.75840152
      1       -1.05591447       13.11727498       -7.93564670
      1        0.90787494        2.28878100        7.34567206
      1      -10.11455165        3.42937414        7.09958860
      1       -0.40145938       -2.67549142      -11.86325731
      1       -6.76545690       -5.61536822       -2.16052734
      1       13.49648504      -12.52351083        6.04321087
      1      -10.68648283       -7.22350809       13.68604121
      1       -2.22610848        0.40624234      -10.42380362
      1        2.67708270       -0.56247634       -5.77214712
      1        8.96092309       -8.88469901       -2.15242626
      1        7.41902814       -3.29160989        1.75852275
      1       13.32360948        7.48682510      -10.00016120
      1      -13.16282740       -8.02712589       -5.82838231
      1      -11.69009297        8.54436441       -5.63805708
      1       -0.46806927       -6.16973809        9.88199280
      1       -6.51113464       -8.94941332       -4.09748747
      1       -4.31725846       -3.90419612        4.68973076
      1        6.66621975       -6.72323636       -7.02216867
      1       -3.54256131      -11.34453315       11.32489893
      1       -6.98497017        6.85030927       -2.65069287
      1      -14.25700337        1.42429954        9.83098758
      1       -0.84855362        6.08026867       11.07209909
      1       13.78139614        9.85437358      -12.40411746
      1      -10.43082534        4.67940743       -4.61209603
      1       -6.24934283       -7.64636451        7.29729796
      1       -9.07870531      -10.86654223       12.26598635
      1        5.06422305      -13.47642802       13.25437260
      1       11.12121471      -12.96875963        3.13305950
      1       -6.87819648       -7.49842932        3.20473418
      1       -9.90764111       -0.12323992        0.77723288
      1       -2.26203330       -0.83059653        4.85269276
      1        0.03757472        5.07815005      -10.13942757
      1        7.41824826        4.51931652      -13.51752513
      1        9.03290300        4.40384740       -2.64071342
      1        7.51717837      -13.48211251        2.93218243
      1       11.82591602      -11.91327252        7.81436463
      1       12.16934896        1.84106951       -4.02758482
      1      -10.06634001        4.17412635       -2.32924112
      1       14.01176146        6.51566803        9.20013361
      1        3.44931210       12.28854283       -1.27340298
      1      -10.18007269        1.72547542       12.28169707
      1       -0.43648702      -10.46416144       -8.70534919
      1       -0.44074746       -0.68668869       -2.71122600
      1      -11.43721664        6.84381627      -11.97651724
      1       -1.76118299       -1.34541869       -6.12673015
      1        4.70541786       12.71687820       -8.08258206
      1       -8.10549141        9.21155481      -11.39810185
      1       -2.28169644       -4.27235750       -7.91762101
      1       11.73042904       -0.50492751        4.87281743
      1      -10.16925764        9.75422468        9.58714309
      1        1.87850994       -8.30327391       -2.86919212
      1       13.68180704       -1.78645311       10.37751509
      1        9.04250646       -6.92536980        7.34288773
      1        1.96280153       -7.74587810        7.15414767
      1       10.81527186       -7.90042729       -5.50981837
      1        7.01313815       -4.83613575      -10.73074221
      1       12.02606886        9.63595596        7.50943488
      1        5.59369279        0.88135608       -1.25029163
      1      -10.90070411      -11.84434723       13.52148641
      1      -12.59350632       11.66878345        7.27523350
      1       -5.25529677        3.95406547        8.05425752
      1        6.00265541        4.34523766        9.63824720
      1      -11.68126988      -11.01074728       -7.51693669
      1       10.70155587       -5.71739443       -4.41585885
      1      -11.49634972      -10.03889255        2.29770612
      1       -7.23532097       13.59306477       -8.59104603
      1       -3.37062024        6.46831719        0.92347230
      1        0.74169274      -13.14008861      -10.95806256
      1        1.41175734        2.95467398       -3.74638447
      1       -9.50636212       -5.58175095      -12.77440971
      1      -10.83416759       -1.22885689       -1.09453456
      1        5.88299702       -9.89420732       -1.76002193
      1        9.13274603        8.88329157        0.17343832
      1       -4.07128426       -5.63889753        1.13510740
      1       -0.00693713        3.88219183       -2.03083228
      1       11.21310769        1.09182342        9.27655348
      1        9.15278005      -12.58925500        4.44526558
      1        4.60832748       -7.62033470       -7.80249374
      1        1.02441529        2.72995577       11.14418925
      1      -13.17775812       -0.55585654       -5.81270690
      1       -9.40062506       13.99478319       -3.95209166
      1       -6.91436707       15.36217215       -0.70534074
      1       12.50220698      -12.53727542       -2.71063137
      1       -6.08716776       -9.45269177      -11.06767618
      1       -7.33190121        6.40683320       -8.64739575
      1       -0.49715069        9.77769564       11.86723728
      1        5.32345857      -13.69507997        9.38162797
      1       -2.50845349       12.10460301       -9.50100612
      1        8.13851131       -6.80133664        3.51100630
      1        1.90852681       12.88666673        2.20691382
      1       11.97173734       13.24590451        6.02226583
      1        6.69648101      -11.60891646        1.67374907
      1       -1.55121473       -7.31934548       -1.60120835
      1        7.88804113       -4.96657502       -8.50479961
      1      -11.44861322        7.56844328       -0.76704556
      1       -8.16403471       -9.56790319        3.40009172
      1        0.72848289      -11.65091119        0.56266910
      1        0.97380104       -2.27294641      -13.80239013
      1      -10.49821266       10.06191256        2.59800261
      1      -12.77836369      -13.27065643      -10.11644859
      1       12.08443941       12.76597633        3.66307930
      1       13.12713645       -7.95063263       13.18062777
      1       -6.57212855        9.01181503       -5.58308179
      1       -7.04428771        5.28435725        9.01526072
      1       -3.73036167        7.56117231       -8.31470469
      1        8.47858229       11.85432603        6.88932747
      1        7.77613491       13.75922528      -12.36091662
      1      -11.54991250       -0.35432224        7.51401917
      1        1.82264857       12.85651724       10.53439213
      1       -1.78581493       11.58292735       11.04827098
      1        8.38942129        4.92994821        7.20273488
      1       -7.31935839        4.51869285      -10.15569987
      1       10.51296612       -9.11676497        0.87540207
      1        2.03984758       -5.02802046       -5.86640736
      1        3.33119247        2.58221072       -8.18336143
      1       12.75602904        8.18316132        5.79004791
      1       -7.69422476        1.93653898       -6.03202325
      1      -12.46138042       -3.91701240        3.87256266
      1       -4.40485125        9.77790518      -11.84896654
      1        2.30122393        8.86692511        3.11975630
      1       -5.25792730       10.27025796        2.69265598
      1        4.07836219       12.69866456       -3.49142194
      1       -7.05737339       -1.46404046       12.37731241
      1        5.41843690        8.63836257       -8.65167021
      1      -10.81245335      -12.35663007       -9.27742610
      1       -6.64940485       10.44428373        7.37806185
      1      -12.02804290        5.28104581       -1.34679458
      1       -8.76524574       -9.98914786        5.81117496
      1        1.66550896       -1.93867592       -2.19817453
      1       -6.27496111        6.56704136        2.37533312
      1       -4.17488636        8.26189756       -0.37888489
      1       -8.71436656        0.57233623        5.25342270
      1       -6.70496032       11.93389467        3.73870526
      1       -4.19804868        8.24553057       -5.92374024
      1       -6.49496576       -0.07811100        5.31643837
      1       -2.50603379        8.86155652        8.80200545
      1       10.82117027       -4.57870102       -6.59970185
      1       10.63206823        6.80989691       12.29432215
      1       -5.55573018       -6.01335353      -12.75686174
      1       -8.47235462      -11.69023285       -6.00179798
      1        0.40757383        3.20501899        3.74043067
      1       10.84852517       -0.89552682       -6.32478002
      1      -12.64901752       -8.39608125      -13.38110450
      1      -11.29183915       -0.02939933       -7.16343482
      1       -4.30730717        4.36299497       -1.90012692
      1      -13.13049867      -10.35406922        0.49168124
      1        8.69612349        0.55871295       -3.59516165
      1        5.50351598      -10.08509142      -13.03117848
      1        2.07556510        6.68853613       -8.04201269
      1      -11.46906786       -7.66476182        9.86300540
      1       10.20395407       -8.73091619        6.24894777
      1        1.26080075       -0.02243555       13.29315669
      1       11.48833403       10.76985082       -2.11882680
      1       -2.34737991       -8.74460719      -11.84369914
      1        2.16124586       -7.58985648      -10.17592708
      1       -8.59760350        2.55716145        3.95432744
      1        3.56803088       10.06501031       -0.53684087
      1       -3.73097292        4.88322447        4.60054443
      1       12.44344569       11.87969269       -0.15436681
      1       10.30414140       13.41243985       -7.29659382
      1       -4.42189162        8.93174208        4.46957943
      1       14.08898023        1.98760779        6.14983846
      1       -4.30367161        7.49052078        8.04030163
      1       -0.17876389      -11.73693665       -3.55357789
      1       -0.85189265        2.73834425        5.76536883
      1        0.34284947       -6.40500439       -2.74667941
      1       -1.36629668        4.72056803       -8.12132933
      1        7.39626898       -9.80835946       -9.81865964
      1        1.54648027       11.76632005        5.99005632
      1       -8.60543829        2.09547817       14.19325163
      1        7.81908686        1.96691128       -7.37144182
      1       -6.74557358      -13.42914908        6.67250110
      1       12.88292698       11.82359228        7.69843270
      1       13.86527074       -9.08321329        7.82700079
      1        1.97081995       12.24772634      -13.90719899
      1       -8.46569732       11.58282184      -11.76161460
      1        8.44572907       13.64178742       -8.74980746
      1       -4.66213346        6.75310724       -2.21917047
      1        7.07656275       -5.90979605       -3.16560664
      1        3.45458688       -6.47424630       10.66698621
      1        1.11906528        0.56898466       -4.23520058
      1        6.04406739        8.83474355        2.45899635
      1        5.60821710      -10.59357538       10.85208552
      1       10.42186629       -1.64195674        6.73398296
      1       -9.24761655       -8.36944270        9.44655275
      1        9.26308982        1.60082744        0.13135966
      1       -5.32304887        2.57224362      -11.84414491
      1        3.68246411       -7.40590157       -4.05087910
      1      -11.89684199        3.33893087        5.47410985
      1        7.11551790       -8.82968648        4.27024745
      1       -5.07547711      -10.90826164       -0.79470099
      1        3.90105700       -7.52490913       12.79341442
      1       -2.17189525        9.69505969       -1.16494719
      1        8.91267284        9.04995725        9.42472809
      1        0.38552674       -9.88506527       12.32102263
      1        3.19610617      -10.69487981      -13.28811280
      1       11.06110549       -8.08791489      -13.32900106
      1        7.59420734        1.76098952        3.86088744
      1        2.47956452      -12.69549434        1.90734188
      1        3.68443576       -9.89487745        3.97120615
      1       -8.54683095       -8.93777299       -8.39232067
      1      -13.07298608       -9.62533995       -1.77235298
      1       -9.19528158       -4.60261924       -6.88185367
      1      -10.64906639      -11.25070327        6.67695405
      1       -6.94312214        8.73907887       -9.35635384
      1       -3.27346526       13.25596634      -11.50896750
      1        8.75993840       -4.34430382       -3.72439255
      1      -13.72389335        1.94716979       -9.07101357
      1       -7.88140405        2.86748369        1.58147996
      1       10.55794725        7.23421702        9.93877483
      1       -6.97411625        5.48233254       -6.46059897
      1      -12.18672989        2.86954600       12.84849564
      1       13.39989258       11.85539382       11.40351976
      1       -7.84243682       10.30946917        9.47447492
      1        7.44686244       -0.51920859      -11.46731387
      1        4.95266872        7.74747797       10.06766766
      1       -3.08791402       -0.87473539        2.62223968
      1        3.73132721        5.99288554        0.52626272
      1        4.19763687        5.72632527       -5.61833728
      1       13.71031551       -4.13557838      -10.05377812
      1        7.33759351        7.03977666        6.77347303
      1        9.69828279       13.77011486        6.24464994
      1        5.01658944        2.26968273       -4.55495860
      1       -0.45502870        2.36277640       -7.55320183
      1       -5.60098585      -12.14887406       10.32665016
      1       -5.96957153       13.73939871        8.85824188
      1        6.36206119       12.05593791       -3.95505220
      1       -3.65505148       12.36651722        6.15729656
      1        6.12155396       -1.29972719       -8.62178170
      1       -0.31617376       -2.63882607        2.38648259
      1       -1.84667863      -12.99333522       11.37752498
      1       -2.19885524       13.66804975       -5.84161395
      1      -12.58372801       -2.35301140        2.14205601
      1        4.46856715      -13.38932729        5.43224696
      1       10.30799731        6.23436656       -3.58576920
      1       10.92049273        7.87866875        4.24060096
      1       -1.40056293        6.55259949      -11.27004539
      1       -7.62372581       -6.80923013       -4.06690462
      1        9.47277426       -4.76114723       13.01073758
      1       -6.41790860       -3.99478118        5.95175745
      1        1.57568816        9.15547763       -1.57716073
      1       10.76685564        3.42454182       -9.93307682
      1       -6.80460166        3.69688403      -13.41197588
      1       -6.67211999       -7.60250880       -0.87889294
      1       -0.06339264        6.30697196        4.99786540
      1        8.58739764      -10.78402299       -6.12188003
      1      -11.75099948        6.18885720        7.89143479
      1      -11.14146045       11.92491202       -0.64572325
      1        8.46106357      -13.13387931       -2.35540554
      1        7.59163581       -2.96140809       -5.28785116
      1       -1.14835726        7.87660391       -2.67348942
      1      -13.17764528       10.98952054        0.28809152
      1       11.68358036        3.10643462       12.37525694
      1       11.04726011       12.43907401      -13.18804431
      1        2.13811200       -9.74351084       -9.10626277
      1       13.87853443       -6.72025579        7.70734292
      1        0.64890460       11.34159509       -7.88495940
      1        0.41998072        3.98016518        9.17196614
      1       10.39671080      -13.07128637        0.89161637
      1       -0.10938248       -3.92003017        9.01077076
      1        6.21038712        5.50654579      -11.64392159
      1        0.91437050        0.95071689        3.01231844
      1        6.56518382        5.66820184       -5.87519158
      1        9.06697276        9.66543676       11.77403895
      1       -1.07108689       11.00266006        3.47154404
      1       -8.03100435       11.37647744        5.63648167
      1        2.22911988        5.52110053        8.60220660
      1      -12.32707047        0.02117839      -12.45553169
      1        4.15904155        1.15179732       -6.46389300
      1       -1.89681390       12.29666094        1.68105937
      1        8.68762861       -3.08720673        5.71761328
      1        2.63935581        4.57761307       -7.03355541
      1        8.15675703       -2.93882984      -11.64183943
      1       -5.66326986       -0.91255722       -7.95514244
      1       -5.44102999       -4.46625280       -6.37528292
      1       10.48369861      -12.38370510       -5.99129420
      1        5.10948781       -8.61116338        0.30807007
      1       12.70250117       10.23261586       -7.00008205
      1       -3.06955382      -12.14559243       -1.22608737
      1       13.38759676       -2.84929260       -2.77618953
      1        2.16107045        0.60123478       11.08968039
      1       -3.62447361      -12.33399158       -5.09196259
      1        5.95955433       -4.43673725       12.85711146
      1       -8.53664572        8.01265443       12.56323987
      1      -10.18728622       -6.32452990        1.87626859
      1       -9.09546508       12.44424597       13.89579362
      1      -11.00000308       10.72857224       -2.79370738
      1      -12.63894196       13.53193517        5.76956658
      1       11.82406986        2.37430619       -8.08086724
      1       11.50668181       -5.14684718      -10.39601299
      1        1.99569046        8.39108584      -13.50456875
      1       -4.30421584        0.67182925       -4.84694282
      1        6.95350499       -6.59851174      -12.35488153
      1        9.11070235        4.45522787        5.04542923
      1       10.55354596       -3.30371116      -11.69065843
      1        3.39751726        5.32316651        6.43026045
      1      -13.39060100        1.46731371       -4.44896807
      1       -7.72792257        9.91727672       -7.47020314
      1       -1.75274296       13.68494131        6.74411369
      1       -0.46861353       -1.22154516      -10.00777327
      1        6.82872841        8.19093892        0.29387681
      1       11.14827133        5.49152527        4.42520851
      1       -4.88507760        0.39154880       -0.30669370
      1       -3.82102625      -10.28981287      -10.77357785
      1       -6.78094789        4.79965608        0.71311422
      1        5.37949145        8.63763036       12.20933671
      1       -2.71022869       10.05369917       -6.35966419
      1      -13.80544823      -11.33657817      -11.00306929
      1        3.31005696      -11.21521147       10.23641188
      1        4.49262767      -12.55734130      -10.85069327
      1       -6.01493731      -13.95523911        0.99858314
      1        2.88461256        0.96837057      -13.06723470
      1        3.20833507        6.61685460        2.83098475
      1       -1.15135612       -0.08132813        9.49492843
      1        7.23001222       11.46243329      -11.68121774
      1      -12.61731492       -9.25564022        4.26791306
      1       -4.68978536        9.30627610       -9.53560935
      1       13.99470702        5.80589147        2.02943077
      1        5.02531130       -1.29318261       10.78044390
      1        2.94582487        6.54469767       -3.45666091
      1        0.80012383        0.00836862        8.11751387
      1        2.15475526       -3.28737649        9.19667987
      1       -8.82861831      -10.62247923        9.90164303
      1       -3.13690601      -11.48478206        4.69308236
      1        1.15448208      -12.47482161       -1.68514932
      1       12.52041828      -11.16768806       -6.61321119
      1       13.65326848       -5.95207574       11.93015823
      1       -1.85261445       -1.84896857        0.55944166
      1       12.29522630       -0.53895548       -0.25400379
      1        2.89859058      -13.66001171        8.96802302
      1       -8.29797508       -1.52219275      -13.32066654
      1        3.22156900        9.02819877        9.07247595
      1       -4.74928935        4.40257766       -6.04502210
      1       -2.68896720       -1.14074489       13.38021232
      1      -10.10847184        7.12122299       -4.53426277
      1       -8.56935800       -4.93849265       11.09633050
      1      -10.69409016       -1.73105412      -13.21332588
      1       -1.00506784        6.00023343        1.01083416
      1       -9.89814482      -13.40883264      -12.87804592
      1      -13.46425651        8.80120500       -0.54368748
      1      -10.57326631       -0.73010738       -9.39161018
      1       -3.63742433       -0.04444922       -7.00752327
      1        0.45059157        2.94256919      -11.10758995
      1       11.40786798       -1.18804026      -10.99523969
      1       10.51194542       -1.33026295        2.98770014
      1       -0.57347056        8.18350153       10.09414109
      1        6.18742936        2.54173641       11.02673455
      1       -7.26329711        7.78361486      -13.13494303
      1       -5.54585053       -1.22344648       -4.11350567
      1        6.70692629       11.46594457        5.33945016
      1       -3.07781318       -5.54220239        3.33769849
      1       -5.56856632       -7.51850059        1.20875902
      1       -1.36503676       10.06056351      -10.19865994
      1        5.70717777        7.71827703      -12.33210317
      1       11.51006588       12.19995192       -4.04036498
      1        8.95193448       -6.87195951      -13.80140321
      1       13.81546838        5.29037595       -4.98888181
      1      -10.22613194        8.49719030       -2.56212806
      1      -10.49890917       -3.27106881        5.23706867
      1       -1.07926586      -12.87120127        8.85646087
      1        5.72477899       -9.05977992       12.67735346
      1       11.64269017       -0.00882743      -13.14281907
      1      -11.25103489       11.88716042        9.23898774
      1       13.77895774        1.24626004       -0.91425070
      1      -10.03568938       -8.48635901      -10.22260236
      1       -8.09118995        1.02114868        9.32207486
      1        3.97466417       13.03626189      -10.28963104
      1       -7.88789968        4.38819686        5.32828200
      1        2.86687847       -0.97463278        9.21531890
      1       -6.79470274      -12.00718745       -7.77014299
      1      -12.34117679        6.68965815        3.72797260
      1      -12.85161109       10.63496186        2.66869342
      1       -5.12235570       12.08578832       13.06424824
      1      -12.87943620       11.77751378      -13.25563973
      1        8.28156124       -5.49559880        5.54115156
      1      -11.96558050      -10.55826032      -12.50707039
      1        5.84790594       -5.61567458        5.59711353
      1       12.93257447        7.86632821       -7.66750169
      1       12.39079071        2.21192221        2.37330938
      1       -2.19685344        4.69825924        9.82034215
      1      -12.26054882        0.55390161       -2.35711004
      1       12.58095912        8.38924419        9.44537141
      1      -12.26354475       -5.41499144       -9.00757120
      1       -6.25622838        3.18749175       -2.61620322
      1       -2.55512640       -6.91652143        8.81319609
      1       10.39960624       -6.22734854        9.29365894
      1        8.91979311        9.56681228       -5.69582049
      1      -10.37350572        8.20809787        7.66943596
      1       10.10556825        2.80693213       10.48492294
      1       -3.78372987        7.95896713       12.79711500
      1       -7.25840685      -12.97786573       -3.02309624
      1       13.56622617       -5.99471123       -0.71253753
      1       13.46048930       -3.48339921        8.73493440
      1      -12.56338221      -11.82591993        9.97441629
      1        9.68634131       13.49243544        9.91994286
      1       -6.54247450      -10.42990420        8.99529931
      1       -1.01778837        1.46764475       11.36361471
      1        6.29484076       -0.56723917        6.72652076
      1        8.73403718      -13.15524319       11.79180903
      1        8.04331468       -6.77458904       -1.18089144
      1        7.73995575        9.16351780      -12.55743717
      1       -9.33046387       11.42073821        0.93114033
      1        3.94872204        7.84947088       -6.95601438
      1       11.93492527       13.19017616       -9.04370433
      1       -1.40242291       -6.20347491       -9.02158263
      1        0.44544702        8.18675338        6.44032591
      1       -9.52163747       11.66745378       -4.40468124
      1        4.72728185       -4.60994603      -10.18506093
      1       11.45407078       10.09464952      -12.92910551
      1       -2.20538160        1.10690856       -3.78155560
      1       -6.84899315       -3.86879648       12.35460960
      1       -1.64246984       12.38583840      -12.98329021
      1      -10.71960825       -0.37192781       11.23143025
      1        0.87375214        0.75907958        0.61633521
      1      -13.18670165       11.78067246       -6.79823169
      1       -4.90657627       -1.16031707        8.60084854
      1      -12.46775178        3.49088434       -5.33918873
      1       -3.75077546       13.48796458       -1.97145885
      1       12.97271730      -10.38195971       -8.94491244
      1       -1.79074103        4.90133282        5.96303367
      1      -12.83758084        5.77635351      -10.36815884
      1       11.63202679       -7.84508695        4.56277491
      1        3.52432232        3.39554100        2.94397523
      1        8.59617399      -10.37553564        5.44625548
      1      -12.19116283        2.41788221      -12.62647142
      1        3.97948573       -3.98416147       -4.76716384
      1       -9.97857130      -10.88528912      -10.98955727
      1       13.04588949       -2.37298486        6.50174403
      1       -5.37057140       13.48419345        4.90757888
      1       -5.16898736       -8.98221398       -2.18306231
      1       -8.46290409       -2.34295570       -6.83993699
      1       12.42801854        5.36437775       12.71730756
      1      -13.37556064        2.15434902        1.13184387
      1       -9.60011019        9.76150433        4.88864314
