 run_id:         1004
 total_energy:   -4102.5402518537476     
 P   27.848118434861512        27.848118434861512        27.848118434861512     
      1       -0.14347571       -8.77723751        6.84280270
      1      -13.06973792       -9.11684685       -8.06493132
      1       -7.78761640      -12.46643670      -11.85167001
      1      -10.21574234        8.38804808      -10.64415415
      1       13.10062641       12.86954375       13.50318025
      1        8.95843086      -11.09498501        0.74833197
      1      -13.85998349       -3.69175320       -0.72701382
      1       -2.90270889       -4.85247738       12.80836304
      1        0.75399453       -1.54479595        6.21205767
      1       -1.07915077        0.08517901       -0.51158644
      1       -1.45449501       -3.52595905       -1.23980057
      1       -2.71767722       12.87431675       12.70393462
      1       12.14814606      -11.48177992       11.63468650
      1        8.95363016        2.80773919       -4.39112115
      1       -5.60868937       12.06258147       -4.93255738
      1      -11.82549255       -6.13928360        8.16662441
      1       -5.26296159      -10.42360265        4.95586936
      1        5.60981241        9.33851351       -1.43542084
      1       -2.68490217       10.41838252        5.17214237
      1        8.67161095       13.05501099        1.23042919
      1       -2.32565503       -9.61701868        1.56296093
      1        3.10552946       -4.09449945        7.13554978
      1        4.94056489        2.55496104       -9.94255974
      1       10.53973130      -13.40140032       -3.76833614
      1        0.24327159      -12.82200611       -8.57811234
      1       -0.24173146        9.67971298       -6.29269634
      1       12.93326928       -9.55136041        3.54191973
      1       -4.81419784       -8.39173429        9.43855087
      1      -10.11517088        3.22975018      -12.22340916
      1       -0.34085388       -5.33390283        5.53695586
      1        4.89298128       -5.92732278      -13.50832096
      1      -11.05076670       -8.82045411       -4.88507799
      1      -10.86405859        2.78815949        3.38939557
      1        9.89836008      -11.13292446       12.40178807
      1        8.35971275        6.11611124       12.67580250
      1      -12.04329404       -0.69106660        3.78272681
      1       10.90379489        6.63978713       -7.47046121
      1        7.00414122       -0.67503708       -4.76359785
      1       -5.67509062        2.74581430       -9.44558450
      1       10.94163514        0.50159242        1.38134652
      1       10.90653174        7.18109223       -0.03498237
      1       10.76331776       -2.59899240        8.99183867
      1        4.52949055        0.83857507       11.55021697
      1        8.95977737       -8.97720371       -4.54785548
      1        1.15123550       13.02708411       -1.40687583
      1       -4.07329094       11.05591373       -8.09649987
      1      -13.35020600        7.70781002      -13.12840741
      1        6.72972116        4.96865479       -2.03950756
      1      -12.70463706       -7.32797521       -1.79682334
      1       10.09823073        4.87965538        9.06868232
      1        1.19569777       -9.34676913        0.90565644
      1        7.61701201        2.49028157        1.52814090
      1       -3.20355506       -7.70438210       -5.26244289
      1       -0.06701422       -6.18369372       14.82300267
      1        6.94224239       -5.83384846       11.17151926
      1        4.65991217       -3.10680955       -8.24740993
      1        1.79714113       -8.74691852        3.18121462
      1        5.75038314       11.82013601        9.45052400
      1       -0.35064856       11.76602953        7.40468056
      1       -4.42115021        4.44251323        0.45713139
      1        2.31195813        3.20624118      -12.55972303
      1       -8.90648461        0.74972446       -4.31260072
      1        8.17462826       11.68556994        9.38592106
      1        5.35871673        0.12856745      -10.43414390
      1       -7.30890386       -5.86129069       -6.19494618
      1        7.15285001        5.17040479        3.66424965
      1      -11.66562512       13.26019769      -11.74613481
      1       -3.13721998        7.17242197       -3.94953135
      1       -0.02417683       12.17924927       -3.26879017
      1        7.17024764        3.13232675       -9.33065958
      1       10.49646741      -10.42829525      -13.10759365
      1       14.00911631        9.78793614      -10.09421576
      1       13.32610200       -6.65215654        1.42331171
      1       -3.34389965        3.45416859      -12.76941028
      1       -1.51035113        1.93692958      -12.18776390
      1        3.06568368       10.75295269       10.80305747
      1        2.64281699       -4.30792480       11.28831191
      1        7.73347436       -7.83947239       12.24615819
      1        3.75955766      -10.91890225        7.70517281
      1       -4.01694936       -1.04660030      -11.21673740
      1        7.20542044        7.56104836        9.08689575
      1       -8.83362603        3.98069694       -6.27412161
      1       11.17352722       -8.70994788       -1.47853166
      1      -13.37277159       -0.42965150        5.81605750
      1        0.91542599       -5.63439149       -9.39748297
      1        5.61030615       -9.63675422        2.54132909
      1       -0.72351698       -2.47987950       -7.98915394
      1        9.62351286      -12.75489740        8.12360300
      1       -2.24489251        3.31695718       -2.74110485
      1       -3.68261298        5.79445632      -11.79884851
      1       11.94113378        4.57902068        2.39755635
      1        0.64413184       12.43552685      -11.93451075
      1       -7.80611994        0.39280590      -12.15447238
      1      -10.23923982        9.52376138       -7.38877571
      1       -5.15510216      -13.72118800       -3.81405952
      1       -9.99202593       -6.83548764       -4.00070265
      1       10.19785556       -7.96800566       -7.87832095
      1       13.16473094        9.51637855       11.47686356
      1       -2.13237528       10.11360308      -12.45698066
      1       -0.10866624        6.17619044       -1.22260969
      1       -4.79763887       11.78999536        8.15944721
      1      -12.65693421       -1.58124435       -3.65974133
      1        9.19613159      -13.06474152      -10.73631035
      1       -8.29879129       -4.90216339        4.99114631
      1       -9.87458262       -1.48712268        4.30818157
      1        2.97100951       -2.19278512        5.77152221
      1        9.78831779        9.84040881       -9.36336447
      1       11.44772334        5.35526981       -5.50965644
      1       -4.03369903        1.35019130        2.80398422
      1       -3.20425394       -9.10963434      -13.96190963
      1      -13.77691171       13.71274016       -8.10584064
      1        1.33780095      -11.97005274        7.75995219
      1       11.24555110        6.90797121      -11.15390783
      1       12.98751396        7.69660626        0.98305597
      1       -3.35791957       -2.93649547        8.60352133
      1      -10.59951296      -13.11719275        5.36639300
      1       -7.77549637        4.83568788       -1.60319575
      1        8.66232262        2.48239173      -12.96097398
      1       -8.76144418       -8.61670443       13.04816570
      1        8.88602412        2.09174237      -10.61366124
      1       12.76876197        5.91182826      -12.81776803
      1       -9.31443153      -12.17234553       -0.22531845
      1       -0.88200348      -13.31973160        4.70630250
      1        6.02063372       -8.48977775      -11.26794047
      1      -13.04760342        6.84651733       -6.59646340
      1        2.59612731       12.37107298       -6.88410441
      1       -8.07657830        6.36193461        4.05234945
      1       11.32940448      -13.87374929      -11.31792328
      1       -6.84841184      -10.95723113        6.62031061
      1      -12.85282359       -5.51782117       -6.75137386
      1        5.11662141       11.23634264        7.14881711
      1      -12.89475618      -10.49418870        6.22051458
      1       -2.72498989       -2.55805341      -12.53309075
      1      -10.92018461       -4.91438194       -5.21447032
      1        5.39025598       -4.48598425        7.60732009
      1        6.02012821       -6.43799709        0.17936603
      1        9.61315085        2.15651660        5.20874235
      1        2.83589457       -9.09592809       -0.75452776
      1        6.37742050      -12.80349076       11.37739543
      1       13.06883092      -11.89694587        3.76240950
      1        9.60189240       -3.24997343       -1.77946312
      1       -1.04903882        0.66232783       13.59264617
      1        9.25623990        9.79219876       -2.02294474
      1        4.03475334        9.17273197        6.82270773
      1      -10.84061678       -4.21332424       11.15347587
      1       -6.09118996        8.62180877        1.19668144
      1        1.92466928       -5.81036776        5.86817666
      1       11.45154397       -0.96416500       10.57803192
      1       13.66034478        1.77370979       12.17190642
      1        7.72107962        1.13245895        7.77774101
      1        0.25821152       12.13673947        0.58756803
      1        0.02575147        9.16994484        2.40168591
      1      -12.59242942       -7.04363452        4.70013771
      1        8.29951818       -1.98950164        3.62834203
      1      -13.50100515      -13.37126428       -4.09725973
      1       -2.94801904      -10.25156509       -8.54961262
      1        1.94426406       -2.76058416        1.63258480
      1        8.87479458        8.50968708        5.37644548
      1        1.55247982      -13.77238602       12.55482795
      1        2.16699538        6.85574041       -1.19274453
      1        4.44490894       -7.01403505      -10.06124949
      1        5.74466373      -11.44573634       -9.16974948
      1        5.07229855        1.29789835       13.83249397
      1       -0.18802452        7.09419865      -13.42213587
      1       12.99880438      -12.63772772        9.70695388
      1       -8.21557511       -4.07583431       -1.00587549
      1        5.99173058      -12.49251170      -12.69939103
      1       11.14641601       -9.13866604       -9.74634375
      1      -12.95300817       -9.43587867        9.92030878
      1       -1.17226497        7.24395112        3.15650708
      1       11.75510870       -3.40551348        2.75345880
      1       -7.14952841      -12.32927458       12.14196388
      1        7.33021869       -9.82074742        9.33296010
      1        1.57583321      -13.34290087       -6.49791524
      1      -11.65577852        9.73275988        6.15210161
      1        2.52888469       -6.39162295        3.60395713
      1       -9.58715316       13.57213488        8.75815055
      1       -1.90698706       -4.20671744       -5.39058002
      1       11.58583152       -9.58190748        7.96613370
      1       -2.10971689       -9.52368018        3.89441732
      1        8.25056470       -2.34689705       -8.88524429
      1       -5.07494841       -6.62830130       -8.92289861
      1      -12.45708375       -5.98178890        2.63038133
      1       -6.62041569       -0.82848105        3.07135974
      1       -2.70213236        1.66092068       -8.39926716
      1       -5.89991388        8.46921799        6.38099348
      1        0.82289325       -4.22305319       -1.61355734
      1       12.71206208       -9.29161643       -5.11575608
      1      -10.20819481       -5.05481098       -0.21492291
      1      -12.66362170        5.51703837        5.73983416
      1      -13.65073989       -2.18757972       12.63884013
      1       11.00722364        3.05797216       -5.73789474
      1       -1.95580961       -2.43752302       -3.54996159
      1       -6.09497251        1.04033648        1.70345745
      1       10.35676570        3.45919859       -0.93727344
      1       -9.70366661       -2.88878918      -10.26411759
      1       -6.40489745       -7.10771453      -10.79991397
      1      -11.35085733       -2.27029148       12.47100656
      1        3.35025600       -0.65991630      -11.44232497
      1        1.31028334       -9.78814288       10.17125526
      1        3.93879175      -11.27814892       -1.28647549
      1      -11.59476295        5.85673020       -8.30917442
      1       -5.64406391       -7.22994697       11.37915629
      1        3.59756258       -2.68268262        3.45931336
      1       -9.53432537        5.76146255       12.35758884
      1        9.15382657       10.72128944        1.83778900
      1       -0.71807888        5.70891708       -5.74579299
      1       -1.56077252        7.80607070       -9.26766124
      1       -0.11995275        5.29307248       12.88822647
      1       13.14828090        9.06589290       -2.55775351
      1        4.62372182        9.41025084       -5.23957869
      1       -2.90565390       -5.44556870       -0.95714111
      1        0.12555037       -9.67107239        4.67909855
      1       -4.61523007      -11.12330259       -6.93397695
      1       13.29773867       -1.77922253       -9.53937669
      1      -13.34692412      -12.49761076       -6.37478784
      1       -1.69074903      -11.79759346        0.81465960
      1        4.88886587        3.28179508       -1.44947885
      1        3.74773215       -9.05460702        6.24675214
      1       -7.34933060       10.59979356       -3.89243351
      1        9.94236434       -5.32930345       -0.61015494
      1       11.40567750       -1.67399276       -2.22051085
      1      -12.53574746       -0.25290575        9.63640124
      1        9.95528599        8.89295221      -11.54096351
      1      -10.41765731        3.79606447       -8.05810179
      1      -11.05820624       11.38033201       13.01258147
      1       -2.33671996      -13.30494871        2.55726135
      1        6.21033977        5.92925574        0.08218704
      1       13.87419850       12.16976969       -4.57986569
      1       -0.94576621       -7.36261574       -6.49404840
      1        7.93487332        5.65341771       10.32733782
      1       -5.17587180       -7.82644120       13.62209064
      1        4.27832100       12.30728957        2.21239048
      1        0.86413741       -8.94593038       -6.74331753
      1       -6.38693985      -11.49359302      -13.65170691
      1        1.75139184       -0.50126342       -9.64327160
      1      -10.64827126       -2.75123024       -4.07750652
      1       -7.61403036       -3.68308879        1.27581494
      1      -13.47449799        6.13998581       11.48312722
      1       -5.49905704       -2.38035287       -9.85177354
      1      -12.92577660       10.01337490       -4.00588821
      1       -8.29017192        7.85646011        5.94865370
      1        5.35888678       -9.04131612       -4.02356538
      1       -2.87127707        2.83522539        1.31748552
      1       12.15087165       12.96551007        9.71887052
      1        7.09737660       -2.74412975        7.42865015
      1       -8.87072473        5.66534872        7.33063484
      1       12.17933542        3.72971794      -11.81161229
      1       -4.96762978        9.97811679       11.84639214
      1        1.02264900       -8.12409922      -12.19960797
      1      -11.30154630      -13.52295274       -0.80924793
      1        3.12678403        1.18856960        3.78560875
      1        5.07913403       13.25652750        0.14017589
      1        5.81067476       -4.22252035       -6.39728274
      1       12.07083033        6.90374489       -2.15099335
      1        0.85340910      -11.82433654        5.36640894
      1       -3.10611122        0.48326700        8.22502361
      1       -3.42541568        5.33691765        8.00526778
      1       -4.77648167      -13.11390112        2.91500375
      1       -4.72461786       -9.70537156        1.25932177
      1       -6.65134350       -7.67593128       -7.50317542
      1       -2.45004715      -11.11342569       -3.28305165
      1       -2.86730478        1.66239870       -0.74095943
      1       -7.85912242      -10.85626544       -3.82203545
      1       12.85437742       -9.01558118        1.28934170
      1      -10.80596457       -6.25447110        6.05977993
      1        7.47340058       -1.00969251       10.76290862
      1        9.38222282       -2.69710952       -6.76792291
      1        6.91889219       -7.78844762        8.16762331
      1        5.51981391       -6.18480505        9.33326163
      1      -11.48734356        3.96908327        9.07953011
      1        5.25788897       11.01313849       11.94052427
      1       -6.20984219       11.85719105       -7.28460161
      1      -11.72721990       -6.31467548       11.75057719
      1       -0.07631491        9.82322906        0.06469386
      1       -5.59523261        3.78047111        5.74925058
      1       -9.71385839        7.30640613       -8.58357408
      1        4.76362390      -10.66880004       -5.69477605
      1        8.99429555       -4.80227960       10.63309760
      1       -7.49845182       -2.81445113      -11.33846287
      1        9.70056425        9.81141591        7.19309966
      1       -0.72112018        0.81084260       -5.68064131
      1        2.09747433        5.06998732        4.36037174
      1       -6.76471694        1.10750222       -1.52292549
      1        2.21831252        6.21288513      -10.35748513
      1       -4.90485814        7.70799085      -12.89072958
      1      -12.17451532       12.62869121       11.33324234
      1        3.23422723      -12.80945813       -3.07244576
      1        0.99901994       10.07259853       -3.99825055
      1       -6.23060680       -2.27565690       -6.09899587
      1       10.67065631       11.27116003       -6.06635971
      1        3.95339820        4.49095547      -11.20050520
      1        2.74632461       -7.27548859       -6.30306043
      1       -4.18874536       -1.91382387       -0.33249814
      1       -6.99578857        1.06232405       -8.23621150
      1       -0.11316800      -13.78550022       -4.80422930
      1       -9.80799237       -9.89049719       -6.62211718
      1      -13.31083591      -12.73541900        0.28308982
      1        0.69400439        7.47151968       -4.30184117
      1        4.60168379       -0.61249548        0.45019038
      1       -8.47458902       -2.27247136        8.39764867
      1       14.86672526      -13.00557607        2.57845748
      1        7.20924749       11.06630864       -1.99842992
      1      -10.23942298        4.33359885        1.71516255
      1       -7.69356445        7.07645095       -4.89000848
      1      -10.97601528       -3.83685409      -12.11202207
      1        4.01598190        9.99072346        1.85378302
      1        1.59155275       -7.47922452        9.53618485
      1       10.01741411        0.65045570        7.17083544
      1       -2.68758005        1.18204199        6.01395503
      1       -7.54797006      -10.76208734       -9.72146352
      1        1.00020879        3.06425049        0.03245785
      1        2.98574903       11.10286034       -4.89688163
      1       -3.85374388       -5.42440011       -4.84761062
      1        1.26764474        1.78911448       -9.14037771
      1      -12.86088637       -0.15744596      -10.08801620
      1       13.12390393       -6.28369181        5.45999708
      1       -1.60973755       -8.65685569       12.19399962
      1       -2.55342301       -9.45817122       10.13200637
      1        4.24719709       -2.91427655       12.39185713
      1        7.80513111       -3.29514244       13.83315536
      1       12.66509397      -10.10327541       -2.81730660
      1        2.14808974        9.50633853        5.45210834
      1       -7.29503575       13.12285244       12.37055503
      1        9.98565316        0.82184344       -7.76136586
      1       -4.20034113       -5.08996249        9.17872203
      1        8.32030815       -1.16840936       12.93551571
      1       -4.51762755        6.09638111       11.56778756
      1      -13.12864425        8.81766952        4.45576455
      1       -6.18342469       -5.42301025        7.93005405
      1       -4.01340780      -11.34301130      -14.08243294
      1        3.89089581        5.19969355       12.58202001
      1       -5.18472088       -8.94498543       -6.07155219
      1        0.72805057        3.81524999       -5.85976003
      1       11.00967522        2.29451479      -13.36112413
      1       -1.05917739       -6.29820961       12.30033736
      1       -7.99660075       -7.23398157       11.25055293
      1       -2.78578587        4.95144026       -4.63832174
      1       -7.97298435        4.41570222       11.07983632
      1       -8.58243544       -7.42380938        5.83408700
      1        8.97553166       13.10368098       13.54411813
      1       11.47911891       11.15493057        1.96537209
      1       -8.93330933       -8.46343238       -0.68584871
      1       -0.68228872      -11.95382558      -12.45294400
      1        3.43994428       -1.76056846       -3.86030883
      1       10.14242991       -5.71957441       -8.51876126
      1       -3.66745955       10.88120690        0.85972511
      1       13.67731885        5.12169563       -2.52358164
      1       -1.70700380        8.65475306       13.55622620
      1       -1.34419018        9.64351674        6.95192878
      1       -9.63926915        1.02841200        7.37157773
      1       -0.78915565       -4.88225970        3.21226771
      1        7.93142358        0.30137684       -1.33925480
      1       14.16065699        3.09989787        8.32711719
      1       -7.94928437        8.95838312       -2.09138425
      1      -11.41286811      -12.85851431       -3.08573008
      1       -7.72956160       12.71362826       10.02409385
      1       -9.63898685       13.42900822       -8.42576110
      1      -11.66559567       -3.15684912       -0.03293299
      1       -1.53881181       -2.34767759       10.00122496
      1      -12.43966141        4.32560474        0.78421300
      1       12.50563681        3.02557927       -1.97555480
      1       10.23235362       -7.33184058        2.59716319
      1       -1.53434565       -2.93976283       12.27759368
      1      -11.60360627        0.92721679        2.16397777
      1       -8.71196647        0.75612484       -9.90904850
      1        6.84780230        6.72889822       -3.74317425
      1        6.62716908      -12.11044610       -5.86338444
      1        7.95858882       -2.00424895       -0.64047563
      1      -12.20450846       -7.67637683       -9.71911753
      1       10.88333089       -0.18289166       -4.01562414
      1       -0.64760126        3.73448032        1.66840801
      1       -4.70582145        5.75926742       -9.56746072
      1      -13.40530582       12.76520220        3.62041011
      1      -10.76736092      -12.18044367        3.13426295
      1        6.38051462      -13.33853404       -7.86793580
      1       -1.73223618       -7.04108954        6.55461098
      1        9.13109462        8.24006169       -7.63618991
      1        4.08605421        7.34712315       13.71820816
      1       -0.30327120       12.68332032        9.62873389
      1       -3.15647012       -7.90852832       -8.12383750
      1       12.72919730       -5.67047012        9.62127799
      1       13.12030379       -4.00296184       -6.38916542
      1       -3.62860620       10.57153301        9.91439233
      1      -10.68052762       11.83423601       -6.62888378
      1      -13.50281902       -7.10295652      -11.62784696
      1        5.81325165       -7.94082811        6.07853521
      1       -0.74508814       -7.97216785        0.63147715
      1        4.30819624       -9.98397357       -7.93123102
      1        0.91965006       10.60913852      -10.28677369
      1       11.18305924       -5.44217467        1.53080136
      1        1.17570725       -9.99279015       -4.53526779
      1        3.97580406       -0.44174913        7.06557128
      1       -1.92118556       -6.38739356      -11.46792702
      1        7.36354718        0.55104798      -13.54703600
      1        4.63546924       -0.53844240        2.93996103
      1        5.62074665        3.60014025       13.14790823
      1        5.62006132      -12.40265233        7.35114756
      1        6.30668622        0.22422630       -6.85988653
      1       -0.30311977       -9.91348733      -11.21112828
      1        9.04078718       -9.38685394       10.97653040
      1        8.09450247        1.26529308       10.15874012
      1        1.86568805        4.04321902       13.05799037
      1        5.71559680        3.33025249        4.06012246
      1        7.61157067        8.34637591       13.01121908
      1        1.35208854        7.66704938        8.61308696
      1        2.20094695        8.60527676      -11.13330467
      1       -2.94458920        2.84330427       11.03781699
      1       -8.60563445       -1.03686751       10.45584526
      1       -9.46096174        2.73243308       10.29456360
      1        7.63832103        5.46425801       -9.65747434
      1       -9.28475354      -10.44175374       -1.90713953
      1       12.00316095       10.82925515       -9.14432754
      1        5.61203210       -2.73857159       -0.00970769
      1      -13.06649711       -6.33348326       -3.89721588
      1        3.24490601      -12.16815746       12.62289104
      1       12.39704369      -13.54833806       -0.48560228
      1       -5.81252997        0.37351967       10.33244220
      1       -4.89758048        0.03483016       12.86879604
      1       10.70019595       -1.27730829       12.90578692
      1        6.70474039       10.51713099       -5.76751851
      1        0.50386837       12.63422918        4.11616938
      1        7.75938856        9.93528308        3.75168763
      1       -8.15147076       -4.53136585        8.88228893
      1       -6.93608257        8.89288473       11.00551579
      1       -5.25345505       -3.55627774        1.06413113
      1      -10.42091826       -6.88450212       -1.66644723
      1       12.90169476       -9.25475409       11.24637110
      1        3.27533072       -2.40974509      -13.21624022
      1        5.74886177       13.14789249        3.94979280
      1        7.37196537       13.10081304       -0.75194756
      1       -3.39467039       -4.90623685      -12.68804720
      1       -4.87214521       -4.99208626       11.47160560
      1        3.57134553        3.92896764       -3.46668946
      1        0.99875362       -4.66304088      -11.55334366
      1       -6.53835625       -1.83657235        7.00514968
      1        8.40306432       -2.76634679        9.45701362
      1      -11.91976294       -3.92470372        8.97928912
      1       13.10282716       -2.35681807        1.08481401
      1       -6.92447972       13.25733933      -11.00741232
      1        4.49955853        9.11791424      -10.87062930
      1      -10.63381964       -2.60918583        7.46086947
      1      -10.35623991      -11.97995448        8.82715167
      1       10.23046534        5.07753640        0.80275609
      1      -12.39838535      -12.89119649       12.04940394
      1       11.20974547        9.13532317       12.76321528
      1        4.58843105       -4.97608500        3.59417095
      1        5.09451870        7.15457671        6.03506252
      1       -2.91862162       -8.72654151       -3.05371103
      1        6.66253156       -0.38073048        4.28055924
      1        9.48426968       -0.29019985       -9.88734912
      1       -0.07500018       -0.93259891        4.08308325
      1       -8.14282452        9.34978065        0.24510093
      1        2.08929568       -4.75716729        0.32934697
      1        6.15186320       10.82061090       -8.03607949
      1        0.70300932       -6.19110998        1.82580082
      1      -10.31414881       12.02178464      -10.29655600
      1       11.20574164       -3.43191932       13.86495283
      1        4.55341489      -12.39846956        0.69496599
      1       -5.92113238        4.23401541       12.38847252
      1       -7.75516777        5.59358725      -12.28410685
      1       -8.00291707       13.08559148        2.08811015
      1        4.89921922       11.37543746      -11.71899250
      1        5.11061677        0.02566413       -3.45888838
      1       13.36190545      -12.64379664       13.29559041
      1       -4.53684569       -4.89174339       -2.63174353
      1      -10.67800526        9.23831126       11.93654456
      1       -3.20131416       -7.55340295        4.74440390
      1       -5.72514577        2.57070784       -4.87859527
      1        7.77143414      -11.32170256        7.53840358
      1        5.44171743        6.94059123        3.69889876
      1       -2.26124619       11.66696419       -2.63151363
      1       -4.82519554        1.63572860        5.07737861
      1       -5.17920102       12.07224063      -12.33243229
      1       -0.08879387       -5.68807755       -4.97869110
      1       11.52541825       -6.39514142       -1.99358771
      1      -12.05269536        2.26396289       -7.37674599
      1        7.97923948       11.41402190       -9.42993396
      1       -5.05591136       12.27155526       -0.41947012
      1       12.02473698        2.00444184        4.68688838
      1       12.53523742        4.90759235        8.31222921
      1       -5.50481706       -8.07920554        5.23707113
      1      -13.22785970       -4.73743286      -12.18810281
      1        6.73337837      -13.45088176       -3.92823860
      1       -9.68757400       -8.63775140        1.59748529
      1       -8.60770109      -12.30284263        2.10664109
      1       -2.79463358       -2.73158274        6.23870579
      1       -8.17272408       -5.52870152        2.74773220
      1      -11.59869049        4.75471043       11.49522159
      1        9.45563866      -10.61580540      -10.84537355
      1       12.31239020      -11.96566858      -12.46491916
      1       11.97390185       -7.39909429      -11.24191538
      1       -0.18818434      -12.15741243       12.97871365
      1        3.37870814       -4.51076670      -12.15005194
      1       -8.65779571       -1.68966172        2.23433825
      1       -9.89856131       -4.94304908       -9.12572189
      1       -0.59014967      -10.28171839        8.75265132
      1       -4.19670542       -2.53595348       -2.65075768
      1       -7.48744078       -0.55677072       -3.00100585
      1       -3.01613493      -12.23198041      -12.06368550
      1       -8.86983474       13.48574813        6.48250995
      1        6.56031315       -5.45701747        2.26496251
      1      -10.42593677      -13.20499171       -6.15423938
      1        2.10272560       -8.86877384       13.71390704
      1       -5.44442906        0.32515129      -12.58268519
      1       -9.94337264        5.40176179      -13.10681608
      1      -11.43836031       10.08532274       -9.49872241
      1       -5.87643729        7.07261955        9.88178043
      1       12.55405429        9.18086671        2.73977037
      1      -14.07591288       -0.11383234       13.74329908
      1        2.88727438      -12.07881255        4.18726113
      1        2.41530052      -11.37609042      -11.06272475
      1        8.85322192        8.13536479       -3.75638587
      1        8.02287786      -10.95197563       -1.40402689
      1       -9.88554681       -1.02437188       -5.52904712
      1       12.85487351        5.79229086        6.12983113
      1       13.14588073       -3.99440877        4.69296175
      1        7.07312432       -7.60883194       -4.79955946
      1        1.64122366       10.13230849       12.71339340
      1       10.07260156        5.61827230       -9.52284858
      1       -9.05367288       -2.24685536       -2.31275708
      1       -4.40324678        2.09820387        9.37615190
      1        4.19305777        5.59880014       10.22155064
      1        2.75033313      -11.71933651       -5.09467089
      1        4.36526886       12.15113416       13.88892185
      1      -11.31255600      -10.44820531       -3.08788192
      1        2.31005527       -1.04255934       -0.00768222
      1       12.98361216       -1.69189828       -7.09608030
      1       -6.86636212       -9.19808693      -13.37147215
      1        4.41873580       -4.82090444       -0.64911073
      1        4.79152823        3.34595006        6.22428223
      1      -12.87480763        8.22565108       12.41619297
      1        7.07303308        6.99536313       -7.91909019
      1        6.73761437        3.33217586        7.57771666
      1        4.91619230        8.03135009       -3.34727736
      1      -13.51261903        3.48522365      -10.90687312
      1        3.32359489        3.67183501        0.47986901
      1       -3.83248999        6.89086836        3.37472392
      1       -8.78434968       -6.51524733      -10.66811734
      1       -7.33355073       -4.51355427      -13.17715471
      1       -3.80846316        3.91046981       -8.19656269
      1        1.28093676       -3.84021202       -7.77160523
      1       12.98057359       -4.76386002       -4.07020942
      1       13.43524495       -4.22620100       13.57608692
      1        2.60398493       -1.88564811       -7.84818449
      1        3.13108357        1.60635676        6.18447042
      1       -3.20514895       11.72106172       -4.83567236
      1        8.01488093       -8.84024429       -7.70261450
      1       10.98225738       -8.48320979        9.99484972
      1        4.68743472       -5.42963384       -3.01673508
      1        3.41539834       12.91127718        6.90429431
      1       -4.28533061        2.49779928       12.92534578
      1      -10.10855133        6.41134730        2.80125472
      1       -9.27724756        3.07219412      -10.00672332
      1      -10.09313097        1.76508592       -2.36563943
      1        6.98021050        3.30704610       -5.55372183
      1       -8.73812566        1.53287705       -0.28773830
      1      -10.05864991        8.10975804        1.15004301
      1       -4.58511847       -4.30316689       -8.56308108
      1       -4.83375191       -2.36570494        2.99632138
      1       -0.07188375        7.49617136       -7.36762864
      1        7.87456107        4.84316299        1.45396515
      1        0.65507574       -4.29687011       12.71531616
      1       -6.05874489      -11.01388896        2.77728735
      1        7.76123467       11.61954850       12.00359756
      1       -0.60316249       -3.41141134        6.77956363
      1       -1.05174565       13.10210630       -7.93479861
      1        1.00153010        2.25241457        7.31039738
      1      -10.15067383        3.36422120        7.07143711
      1       -0.40128437       -2.66469676      -11.86111590
      1       -6.76842579       -5.62293536       -2.15411050
      1       13.49242588      -12.50779368        6.01902040
      1      -10.64148851       -7.23700367       13.69074551
      1       -2.23028584        0.41922224      -10.43250513
      1        2.66846445       -0.55978847       -5.76722221
      1        8.94168678       -8.87998849       -2.15992594
      1        7.44311897       -3.28144530        1.76120677
      1       13.32177782        7.49160119      -10.00064401
      1      -13.16947841       -8.02906935       -5.84247175
      1      -11.68093429        8.54363832       -5.63673777
      1       -0.47579093       -6.16884634        9.90521387
      1       -6.49778686       -8.95349103       -4.08135951
      1       -4.24660569       -3.89749468        4.72396822
      1        6.66188668       -6.71810147       -7.02183133
      1       -3.51808462      -11.42600916       11.34402242
      1       -6.97892836        6.84291999       -2.63772452
      1      -14.23870309        1.40861211        9.82541638
      1       -0.53001830        5.61712152       10.54885602
      1       13.78741365        9.87014132      -12.40264933
      1      -10.42534733        4.67877217       -4.60557781
      1       -6.73180296       -7.71057313        7.52362277
      1       -9.05672926      -10.82545458       12.18125093
      1        5.07389892      -13.47941690       13.25424249
      1       11.09509595      -12.99551855        3.11622685
      1       -7.03665320       -7.63969009        3.31479074
      1       -9.91016200       -0.16614380        0.81964451
      1       -2.24803785       -0.80969554        4.88438276
      1        0.03028297        5.07526518      -10.16882025
      1        7.44574080        4.52276898      -13.51201095
      1        9.03076534        4.41017640       -2.64875198
      1        7.50427188      -13.47978924        2.92478346
      1       11.84269249      -11.90868979        7.81040696
      1       12.16458138        1.84665296       -4.03221043
      1      -10.06121792        4.17061246       -2.32298737
      1       14.03937133        6.53112524        9.18660135
      1        3.43910492       12.29089712       -1.27549521
      1      -10.22685255        1.70201438       12.30076284
      1       -0.42757299      -10.47842006       -8.68949637
      1       -0.45432849       -0.67759875       -2.69464040
      1      -11.45669367        6.85347013      -11.96373875
      1       -1.76032406       -1.34911225       -6.11259826
      1        4.70239050       12.71437941       -8.08458079
      1       -8.11841894        9.23040417      -11.37532550
      1       -2.27689605       -4.26635527       -7.89825544
      1       11.77439587       -0.36734738        4.89153576
      1      -10.20808991        9.80986105        9.57523686
      1        1.86694200       -8.29763883       -2.85936646
      1       13.67394530       -1.80799068       10.39333849
      1        9.03297734       -6.93587905        7.34714667
      1        1.95119163       -7.74617961        7.17136556
      1       10.80554663       -7.89948227       -5.51861152
      1        7.01322839       -4.83807875      -10.72981386
      1       12.04997890        9.65512329        7.50283408
      1        5.58694052        0.88640389       -1.25104632
      1      -10.85964101      -11.81772743       13.48077496
      1      -12.59002377       11.71197607        7.25582296
      1       -5.34703746        3.93907528        8.09487630
      1        6.10403109        4.32315135        9.62945884
      1      -11.67450116      -11.02000026       -7.51386560
      1       10.68837679       -5.71308477       -4.43110555
      1      -11.52538364      -10.03227053        2.25163658
      1       -7.22502983       13.59025459       -8.59043620
      1       -3.37771663        6.45920332        0.97426891
      1        0.76013787      -13.16443913      -10.95464230
      1        1.40221825        2.95988426       -3.74208851
      1       -9.48566522       -5.58548375      -12.76344520
      1      -10.82492005       -1.21701156       -1.09517031
      1        5.86490750       -9.89082122       -1.75982696
      1        9.13548256        8.89057327        0.15958111
      1       -4.10203396       -5.65177716        1.18533250
      1       -0.01208570        3.88143716       -2.01671944
      1       11.25211697        1.06022900        9.28641617
      1        9.13883826      -12.59168476        4.43845491
      1        4.60521747       -7.61940903       -7.79844492
      1        1.12356399        2.70401313       11.14939036
      1      -13.18519174       -0.55060241       -5.81396295
      1       -9.38996252       13.98993645       -3.94981609
      1       -6.91824811       15.37018409       -0.69447626
      1       12.49204293      -12.53959343       -2.72846440
      1       -6.07237127       -9.45968601      -11.05491731
      1       -7.31756918        6.41078635       -8.63895092
      1       -0.50640483        9.62215291       11.79606076
      1        5.33337830      -13.69437234        9.38781792
      1       -2.49857240       12.08484415       -9.50429854
      1        8.11064871       -6.80025133        3.50924220
      1        1.90603926       12.88648001        2.21077098
      1       11.97437989       13.25628531        6.01233316
      1        6.67307049      -11.60511862        1.67981148
      1       -1.55697894       -7.31304392       -1.57502668
      1        7.88810158       -4.96851894       -8.50504943
      1      -11.44264873        7.56322942       -0.76802747
      1       -8.28006433       -9.82770223        3.21820828
      1        0.71532757      -11.64790270        0.57973322
      1        0.96749650       -2.26829443      -13.80498137
      1      -10.50399469       10.05018167        2.59101644
      1      -12.76597434      -13.26735876      -10.12297500
      1       12.07842654       12.74930110        3.65608172
      1       13.17074926       -7.96695914       13.18657213
      1       -6.55896933        9.00484968       -5.57607832
      1       -7.16292914        5.27481971        9.02181744
      1       -3.71600975        7.55230629       -8.32158400
      1        8.48352153       11.86928436        6.88834738
      1        7.78854896       13.75494970      -12.36543392
      1      -11.58723311       -0.44878719        7.48320882
      1        1.83752511       12.82859025       10.53502914
      1       -1.76525776       11.48598165       11.03635556
      1        8.43235612        4.96266625        7.19844578
      1       -7.34562801        4.50988496      -10.13024682
      1       10.45011672       -9.11052467        0.85219426
      1        2.03231757       -5.02557352       -5.85871096
      1        3.32321661        2.58067582       -8.18595092
      1       12.77366242        8.19545747        5.78464365
      1       -7.68977978        1.93783378       -6.02193642
      1      -12.47950610       -3.91643123        3.81315106
      1       -4.38048081        9.80751105      -11.82635851
      1        2.30549634        8.86832958        3.11917539
      1       -5.26117775       10.27371639        2.70070827
      1        4.06979114       12.69930098       -3.49451265
      1       -7.06853330       -1.43676754       12.39026050
      1        5.41363254        8.63783005       -8.65942737
      1      -10.80194417      -12.35822898       -9.27672014
      1       -6.67249550       10.48296912        7.37211845
      1      -12.02398094        5.27621861       -1.34438960
      1       -8.79701689       -9.89818553        5.61448418
      1        1.65490027       -1.93063531       -2.18506180
      1       -6.26873183        6.54960101        2.41125327
      1       -4.16681854        8.24583628       -0.35084435
      1       -8.75916284        0.46271673        5.26129172
      1       -6.69422197       11.95887922        3.74056866
      1       -4.18672473        8.23085563       -5.92180934
      1       -6.50982723       -0.11157785        5.33744103
      1       -2.52877878        8.78816356        8.80603992
      1       10.81514363       -4.57590461       -6.61410473
      1       10.64794784        6.82559921       12.28729038
      1       -5.53187098       -6.00012305      -12.70813708
      1       -8.46291703      -11.69348774       -6.00102181
      1        0.40561911        3.22002324        3.77807101
      1       10.84211286       -0.89528085       -6.32667873
      1      -12.60761355       -8.40405869      -13.37370135
      1      -11.29371398       -0.03105771       -7.15410348
      1       -4.30780560        4.36207758       -1.87163463
      1      -13.16422529      -10.35664439        0.45878389
      1        8.68675205        0.56358286       -3.60151836
      1        5.51431084      -10.09213106      -13.02742587
      1        2.07356616        6.68138474       -8.04910075
      1      -11.20898447       -7.69665946        9.84237476
      1       10.17806396       -8.75355975        6.25966885
      1        1.25579643       -0.01480912       13.29665458
      1       11.48843679       10.76897249       -2.13291092
      1       -2.32479931       -8.74793687      -11.79642087
      1        2.16245241       -7.59127127      -10.16365188
      1       -8.63514820        2.47924446        3.96970009
      1        3.56328979       10.06785310       -0.54060756
      1       -3.72679261        4.97832794        4.79484507
      1       12.44254480       11.87825287       -0.17033522
      1       10.30492767       13.41455268       -7.30588440
      1       -4.43313118        8.94919687        4.48970227
      1       14.03325004        1.97728654        6.12685260
      1       -4.41192528        7.50268859        8.07532086
      1       -0.18348440      -11.73837300       -3.54283139
      1       -0.83620233        2.76322966        5.82369766
      1        0.33284238       -6.39718549       -2.73019221
      1       -1.36691886        4.72086216       -8.13780953
      1        7.39910318       -9.81010534       -9.82074066
      1        1.55617855       11.74792506        5.99992099
      1       -8.66099694        2.06531218       14.22333484
      1        7.81184437        1.96553624       -7.37073020
      1       -6.74553109      -13.33449342        6.64836445
      1       12.89320889       11.84765323        7.69203179
      1       13.87658170       -9.07668260        7.83401825
      1        1.97124013       12.18584237      -13.92607178
      1       -8.46928791       11.59878159      -11.76435190
      1        8.44604019       13.64431212       -8.75609620
      1       -4.65735930        6.75006715       -2.20098352
      1        7.06285812       -5.90565471       -3.17007790
      1        3.46198968       -6.48218463       10.67390315
      1        1.11470298        0.57170365       -4.22171396
      1        6.05572672        8.85508491        2.43978546
      1        5.61972810      -10.59587434       10.85755215
      1       10.54211195       -1.77623702        6.74427894
      1       -8.82774788       -8.18377791        9.24446404
      1        9.26492194        1.60662337        0.11368213
      1       -5.34757073        2.56967496      -11.84355081
      1        3.67001580       -7.40204794       -4.04513950
      1      -11.93551107        3.31062053        5.45835864
      1        7.09616009       -8.82976890        4.27451108
      1       -5.07644665      -10.89657194       -0.76283349
      1        3.91403540       -7.53047575       12.80146110
      1       -2.17092679        9.68681083       -1.14797419
      1        8.95541002        9.07925583        9.42406080
      1        0.41548116       -9.89940293       12.34735838
      1        3.20857999      -10.70976426      -13.28146750
      1       11.08564819       -8.09129177      -13.33870440
      1        7.58688437        1.75086150        3.83326796
      1        2.46939604      -12.69276530        1.91974745
      1        3.67251814       -9.88867813        3.98438399
      1       -8.53293660       -8.94454472       -8.38915196
      1      -13.08948650       -9.62639118       -1.79959087
      1       -9.18759209       -4.60281902       -6.87799833
      1      -10.64674250      -11.14736828        6.61789868
      1       -6.92591931        8.74610505       -9.34939713
      1       -3.24138753       13.24020000      -11.51964647
      1        8.74712744       -4.34155697       -3.73055437
      1      -13.73281449        1.94348942       -9.06145696
      1       -7.89917142        2.84174861        1.60344155
      1       10.58907581        7.25264429        9.93152808
      1       -6.96712816        5.48018645       -6.45309918
      1      -12.21874654        2.86801766       12.85691172
      1       13.41394369       11.88031010       11.39519796
      1       -7.89462537       10.39290522        9.45616377
      1        7.44618946       -0.52442372      -11.46733211
      1        5.03013517        7.78632510       10.06812015
      1       -3.08074228       -0.86808236        2.65374735
      1        3.73455395        5.99720686        0.52013204
      1        4.18754353        5.72544622       -5.61742529
      1       13.71365288       -4.14179272      -10.05547755
      1        7.38711125        7.06989885        6.76853446
      1        9.70181407       13.78065845        6.24050304
      1        5.00773032        2.27294029       -4.55550199
      1       -0.45888147        2.36182001       -7.55379411
      1       -5.58561522      -12.11784889       10.30089119
      1       -5.96773200       13.78638581        8.82650927
      1        6.35401508       12.05774834       -3.96341204
      1       -3.65630743       12.37604585        6.16023284
      1        6.11523133       -1.30185342       -8.62052039
      1       -0.32180478       -2.63614043        2.41333751
      1       -1.80878594      -13.05546384       11.39233721
      1       -2.19537535       13.66059085       -5.83768147
      1      -12.57898598       -2.31686376        2.10275936
      1        4.46755206      -13.38727972        5.43681784
      1       10.30765868        6.23945887       -3.59275145
      1       10.94321517        7.89084800        4.23355651
      1       -1.40754178        6.51114844      -11.37010414
      1       -7.62032986       -6.81750451       -4.06063792
      1        9.47654403       -4.76894661       13.01843379
      1       -6.27975222       -4.03180710        6.01728921
      1        1.56689830        9.15591277       -1.57136332
      1       10.76265659        3.42735351       -9.93234185
      1       -6.89455783        3.68349914      -13.34192318
      1       -6.68003638       -7.59732348       -0.84552262
      1       -0.04873196        6.27403309        5.04567833
      1        8.57923312      -10.78255973       -6.12736502
      1      -11.71112594        6.18284311        7.87046936
      1      -11.14017234       11.91871443       -0.65687405
      1        8.45181127      -13.13128095       -2.36710735
      1        7.58061995       -2.95870893       -5.29131308
      1       -1.14484773        7.86399478       -2.65582506
      1      -13.17780709       10.98894174        0.27291600
      1       11.68202221        3.10460242       12.36973821
      1       11.06419471       12.45297873      -13.19645245
      1        2.14427073       -9.74844138       -9.09710451
      1       13.80029340       -6.71856762        7.72685352
      1        0.64962434       11.32283420       -7.89251436
      1        0.85036771        3.96622545        9.14095130
      1       10.37743536      -13.07159057        0.87335672
      1       -0.10656488       -3.91539602        9.03533504
      1        6.21542476        5.50537625      -11.64831324
      1        0.91379144        0.96823932        3.03545092
      1        6.55518862        5.67075231       -5.88005719
      1        9.08509095        9.68369632       11.77739824
      1       -1.07507228       10.99291607        3.48608156
      1       -8.04139450       11.42009181        5.62530019
      1        2.48480780        5.55751744        8.54777756
      1      -12.33650273        0.01482539      -12.44575070
      1        4.14971392        1.15331173       -6.46322716
      1       -1.90772529       12.30858370        1.70859356
      1        8.73708223       -3.11593867        5.71199404
      1        2.63137420        4.57421756       -7.03370918
      1        8.16132137       -2.94340787      -11.64080449
      1       -5.66064478       -0.91343270       -7.94163118
      1       -5.43617675       -4.46833049       -6.35778631
      1       10.47652847      -12.38108732       -6.00223745
      1        5.09731645       -8.60472091        0.31119756
      1       12.70296380       10.23550755       -7.00346091
      1       -3.07448717      -12.14112852       -1.19972780
      1       13.37351541       -2.83851067       -2.79624471
      1        2.19347554        0.56906314       11.10460203
      1       -3.61839982      -12.33997477       -5.07677275
      1        5.96535727       -4.44308527       12.86781570
      1       -8.59914679        8.04280073       12.58292336
      1      -10.21467066       -6.30940255        1.81679532
      1       -9.08817552       12.46875071       13.88751633
      1      -10.99409313       10.72237586       -2.80092540
      1      -12.63345394       13.56727962        5.74673760
      1       11.81429580        2.37374895       -8.07886330
      1       11.51248507       -5.15533181      -10.40191277
      1        1.94847840        8.30934077      -13.51585449
      1       -4.30136273        0.67206415       -4.83682266
      1        6.96077732       -6.60289632      -12.35091428
      1        9.10805484        4.49873506        5.03355837
      1       10.55894994       -3.31231106      -11.69411199
      1        3.51991985        5.32950949        6.37018087
      1      -13.39414855        1.47347524       -4.44738576
      1       -7.71588429        9.91408205       -7.46033827
      1       -1.73064122       13.65499965        6.76074326
      1       -0.47362840       -1.21122402      -10.00589846
      1        6.83172117        8.20011882        0.27760520
      1       11.16087728        5.50350863        4.42116218
      1       -4.89054143        0.39141067       -0.28441399
      1       -3.80838276      -10.30669023      -10.75940953
      1       -6.79202041        4.78273660        0.74182275
      1        5.40252518        8.65423423       12.22134576
      1       -2.70499502       10.04339839       -6.35037872
      1      -13.78527826      -11.33181989      -11.01296368
      1        3.32237378      -11.22243451       10.24846633
      1        4.50379040      -12.56337803      -10.84835667
      1       -6.04917067      -13.98951378        0.97516263
      1        2.89572255        0.96945293      -13.07061061
      1        3.21949340        6.62542642        2.82337925
      1       -1.13278412       -0.04883641        9.50629556
      1        7.23164380       11.46246209      -11.68105512
      1      -12.71293411       -9.28800582        4.19624123
      1       -4.66628644        9.32103181       -9.51925807
      1       14.00135324        5.80244532        2.02253506
      1        5.04086145       -1.30815025       10.78101123
      1        2.92953931        6.55209765       -3.45718653
      1        0.82732971        0.00177204        8.12735265
      1        2.16409399       -3.29290517        9.20096528
      1       -8.74068957      -10.51349510        9.81815776
      1       -3.07756699      -11.51593946        4.71551769
      1        1.14521208      -12.47159653       -1.67014791
      1       12.51381309      -11.16763720       -6.62609718
      1       13.72082646       -5.98780329       11.92550815
      1       -1.85342661       -1.84090620        0.58375202
      1       12.28741161       -0.53166695       -0.26619756
      1        2.90841674      -13.67275296        8.97494430
      1       -8.30479817       -1.53188445      -13.30908585
      1        3.25851966        9.02304246        9.07371135
      1       -4.74441597        4.39667477       -6.03791400
      1       -2.69008899       -1.09700573       13.37426410
      1      -10.09982971        7.11962420       -4.53121985
      1       -8.53858721       -4.90881957       11.14691117
      1      -10.69944656       -1.73627181      -13.20045003
      1       -1.01074345        5.98933399        1.04673157
      1       -9.88232444      -13.37865644      -12.89144149
      1      -13.45853703        8.79900054       -0.55527123
      1      -10.58319897       -0.73702414       -9.37950648
      1       -3.63406299       -0.04424918       -6.99880957
      1        0.44195875        2.93838196      -11.12206259
      1       11.40460258       -1.19474073      -10.99190573
      1       10.55076447       -1.28249110        3.02392959
      1       -0.57030560        7.96160003       10.03265370
      1        6.24226549        2.50879700       11.00872232
      1       -7.31378106        7.79900746      -13.11193645
      1       -5.54214963       -1.22225086       -4.10113563
      1        6.71601281       11.47541521        5.33254014
      1       -3.08468611       -5.57134211        3.37926766
      1       -5.64297005       -7.50865341        1.29291006
      1       -1.37098479       10.02889926      -10.21223734
      1        5.71196293        7.71735177      -12.33945993
      1       11.50864768       12.20248620       -4.05080415
      1        8.96420991       -6.88042114      -13.79539437
      1       13.81683074        5.29563225       -4.99058602
      1      -10.21652168        8.49403100       -2.55965585
      1      -10.47738780       -3.70646949        5.32136293
      1       -1.05280503      -12.90507898        8.86726750
      1        5.73786196       -9.06540873       12.68324056
      1       11.64087521       -0.00919205      -13.13377460
      1      -11.25016464       11.95758619        9.21509764
      1       13.77899002        1.24874061       -0.91817978
      1      -10.02164870       -8.49095032      -10.21934039
      1       -8.12915522        0.99846603        9.31194754
      1        3.97613105       13.03214198      -10.29260950
      1       -7.91748929        4.32835956        5.32979048
      1        2.89150578       -0.98518591        9.21084820
      1       -6.78308869      -12.01254548       -7.76444869
      1      -12.33555836        6.68616766        3.72314382
      1      -12.85364883       10.63927207        2.65277837
      1       -5.11968367       12.13236473       13.06178866
      1      -12.87257076       11.79502305      -13.25882333
      1        8.27432074       -5.50705377        5.54445672
      1      -11.93000488      -10.56989229      -12.51770802
      1        5.83834971       -5.61294563        5.60322805
      1       12.93321019        7.87013406       -7.66792182
      1       12.38148099        2.22550748        2.34590118
      1       -2.77996459        5.05578142       10.29174066
      1      -12.25988824        0.55484271       -2.35758022
      1       12.61040952        8.40796116        9.43760239
      1      -12.25595381       -5.42061524       -9.01149845
      1       -6.25491242        3.18463656       -2.59589750
      1       -2.57537403       -6.89648307        8.82490288
      1       10.38281530       -6.23671081        9.30296653
      1        8.91583612        9.56996171       -5.70208855
      1      -10.40028331        8.26079239        7.65960081
      1       10.12902888        2.79786987       10.46039515
      1       -3.92268139        8.05137598       12.86402941
      1       -7.24988449      -12.98388333       -3.00848889
      1       13.53401830       -5.97922386       -0.77833341
      1       13.47211696       -3.51543678        8.76838815
      1      -12.50543959      -11.78704043        9.93980543
      1        9.70897926       13.51009999        9.91689341
      1       -6.43109931      -10.34028438        8.93226020
      1       -0.98757505        1.55209403       11.34086836
      1        6.34491080       -0.57199222        6.70532553
      1        8.75747543      -13.14020736       11.78830607
      1        8.02367754       -6.77002632       -1.18509149
      1        7.74552093        9.16592179      -12.55308756
      1       -9.33503403       11.40370217        0.92517435
      1        3.94352970        7.84780359       -6.96296469
      1       11.93954244       13.19496463       -9.05033894
      1       -1.39228615       -6.19927762       -8.99232258
      1        0.47633487        8.16800776        6.44854842
      1       -9.51209510       11.66302490       -4.40764175
      1        4.72675887       -4.61075703      -10.18430858
      1       11.46094483       10.10771490      -12.92736586
      1       -2.20606128        1.11241515       -3.76823218
      1       -6.83065328       -3.83046128       12.40392961
      1       -1.61862766       12.34936034      -12.99282847
      1      -10.74601883       -0.38535369       11.23009997
      1        0.86713202        0.76867641        0.63816328
      1      -13.18056958       11.78072764       -6.80853177
      1       -4.89545267       -1.15758231        8.61542538
      1      -12.46578443        3.49717779       -5.33325372
      1       -3.74463657       13.48555260       -1.95472670
      1       12.97676409      -10.38518524       -8.95643760
      1       -1.76401524        4.92737552        6.16516586
      1      -12.84273073        5.77775157      -10.35420173
      1       11.55172628       -7.88461547        4.53583436
      1        3.53665282        3.39385168        2.93889721
      1        8.57332574      -10.38429721        5.44619875
      1      -12.22111902        2.41248987      -12.61762204
      1        3.97018254       -3.97964022       -4.76180511
      1       -9.95784137      -10.89051315      -10.98388846
      1       13.03428933       -2.46885149        6.53394575
      1       -5.36813733       13.52226467        4.90892656
      1       -5.17039350       -8.97250541       -2.15160744
      1       -8.45761843       -2.34238689       -6.83279671
      1       12.42686663        5.36576676       12.71072409
      1      -13.37107834        2.14098273        1.13462224
      1       -9.59630904        9.78312068        4.87949035
