 run_id:         1010
 total_energy:   -4103.3450162017980     
 P   27.848118434861512        27.848118434861512        27.848118434861512     
      1       -0.12135226       -8.77752274        6.80505819
      1      -13.07654828       -9.11399213       -8.05235556
      1       -7.80809127      -12.46550239      -11.83972783
      1      -10.23328027        8.38329169      -10.63268538
      1       13.07510823       12.85588134       13.52201500
      1        9.01564495      -11.08724341        0.76428436
      1      -13.83737942       -3.71169178       -0.71108342
      1       -2.93138252       -4.87238577       12.76774491
      1        0.75571454       -1.54989471        6.18798307
      1       -1.04519576        0.11041875       -0.54607387
      1       -1.42803461       -3.50958347       -1.26461885
      1       -2.73523204       12.90981997       12.69420937
      1       12.09445479      -11.51076724       11.65636284
      1        8.96119599        2.79381194       -4.39892218
      1       -5.62073791       12.06586076       -4.93633877
      1      -11.72255406       -6.13262570        8.05362671
      1       -5.33198676      -10.43122906        4.93619266
      1        5.62104914        9.31183155       -1.41666529
      1       -2.67273280       10.41052163        5.18391597
      1        8.68513440       13.05680799        1.22150330
      1       -2.32662157       -9.64347450        1.52409344
      1        3.11588612       -4.09631856        7.11235003
      1        4.92649063        2.56196751       -9.96539910
      1       10.54402925      -13.40566383       -3.75216256
      1        0.23888451      -12.81519702       -8.59002708
      1       -0.28669171        9.67868908       -6.34303601
      1       13.02899490       -9.52381858        3.59963365
      1       -4.97787972       -8.49744580        9.31255079
      1      -10.13126972        3.22215102      -12.21675710
      1       -0.32067792       -5.32452568        5.51254194
      1        4.87553399       -5.91712365      -13.52712642
      1      -11.04139430       -8.82118838       -4.86450786
      1      -10.82537846        2.82866956        3.39790432
      1        9.85111813      -11.13493366       12.41716743
      1        8.33657447        6.11709177       12.67647508
      1      -12.08755536       -0.64315336        3.69759668
      1       10.87812303        6.63599597       -7.45361822
      1        7.03562806       -0.69426835       -4.80288840
      1       -5.72386553        2.75584544       -9.46014451
      1       10.97356497        0.49378168        1.38592853
      1       10.92756102        7.17925602       -0.02765942
      1       10.75330391       -2.61421962        9.00418183
      1        4.46630011        0.88733525       11.49836246
      1        8.95984904       -8.98765226       -4.53910721
      1        1.14326521       13.01508923       -1.41848114
      1       -4.09220109       11.06714488       -8.11190173
      1      -13.37084800        7.70158830      -13.11226980
      1        6.75799461        4.91080597       -1.98801691
      1      -12.68402624       -7.32943110       -1.77380680
      1       10.09871786        4.88475323        9.07628425
      1        1.19938497       -9.34784138        0.88472183
      1        7.65354158        2.47502073        1.52062644
      1       -3.20457722       -7.69823703       -5.28495882
      1       -0.08350514       -6.17844001       14.79310477
      1        6.93306965       -5.82925379       11.15906495
      1        4.65240552       -3.11857843       -8.27262812
      1        1.81528604       -8.74921823        3.15448903
      1        5.73766002       11.82530685        9.44933848
      1       -0.35336479       11.78511991        7.39468203
      1       -4.33597065        4.47944214        0.49432760
      1        2.28538227        3.22487944      -12.63334566
      1       -8.89032648        0.74145811       -4.30345052
      1        8.15924903       11.68409814        9.38661707
      1        5.33807656        0.13718735      -10.46928739
      1       -7.30573541       -5.85282818       -6.19856931
      1        7.18968826        5.17732048        3.67311579
      1      -11.68936806       13.24858898      -11.72402279
      1       -3.20192646        7.19217277       -3.93620191
      1       -0.05774553       12.19343929       -3.27874646
      1        7.15602937        3.13288666       -9.34783764
      1       10.46733524      -10.43068096      -13.09426626
      1       13.98740625        9.78187544      -10.07381418
      1       13.40524390       -6.66533323        1.51313825
      1       -3.36279492        3.44952414      -12.77628031
      1       -1.51925382        1.93592130      -12.21254951
      1        3.06092891       10.77398168       10.79946312
      1        2.63291270       -4.30120161       11.26552171
      1        7.71159077       -7.83397718       12.24372725
      1        3.75907863      -10.91304625        7.68951088
      1       -4.02329460       -1.04787975      -11.22612057
      1        7.19343092        7.56377262        9.08700079
      1       -8.83356328        3.97554523       -6.26482709
      1       11.18191707       -8.71531873       -1.46749869
      1      -13.38374986       -0.42840811        5.77273953
      1        0.90449220       -5.62577677       -9.43282878
      1        5.63073714       -9.64355361        2.52244276
      1       -0.72372647       -2.47227441       -8.00694093
      1        9.61127062      -12.75733892        8.12112871
      1       -2.10760222        3.49735126       -2.78312015
      1       -3.70157522        5.79133472      -11.80812913
      1       11.97265569        4.57485080        2.40712954
      1        0.62926323       12.44580161      -11.94693466
      1       -7.81740462        0.37675089      -12.15309225
      1      -10.25112308        9.52080284       -7.37830282
      1       -5.16582160      -13.71388944       -3.82667502
      1       -9.98684427       -6.83452551       -3.97289382
      1       10.19237899       -7.97131082       -7.86702273
      1       13.14460684        9.50718091       11.49181265
      1       -2.15014384       10.13317464      -12.47743803
      1        0.12664482        6.46053670       -1.17257678
      1       -4.79217212       11.77997803        8.17342814
      1      -12.64320719       -1.59174795       -3.65295406
      1        9.17405900      -13.07669910      -10.72031509
      1       -8.66439159       -4.77397731        5.14510205
      1       -9.86316318       -1.25833784        4.17650968
      1        2.97632141       -2.19824780        5.74543534
      1        9.75829057        9.82187711       -9.33249617
      1       11.44161208        5.35112395       -5.49949308
      1       -3.97067116        1.37164918        2.77725810
      1       -3.23153724       -9.10188884      -14.01664817
      1      -13.79378227       13.70621441       -8.09075596
      1        1.33590959      -11.96290550        7.73490240
      1       11.22250358        6.90499661      -11.13850416
      1       13.00355635        7.70118716        0.99045174
      1       -3.35450093       -2.92009287        8.57107457
      1      -10.59148102      -13.16535750        5.38125084
      1       -7.75123646        4.82778542       -1.57960423
      1        8.63772329        2.48506167      -12.97569173
      1       -8.79742994       -8.61643049       13.07448636
      1        8.87343885        2.09235348      -10.62926564
      1       12.74128673        5.91441820      -12.81086639
      1       -9.28460497      -12.16418526       -0.18476388
      1       -0.89875363      -13.31356776        4.68227127
      1        6.01097836       -8.49432518      -11.27267832
      1      -13.05927010        6.84702310       -6.58765635
      1        2.58304513       12.35512626       -6.87514752
      1       -8.03911533        6.38453305        4.05511832
      1       11.30682324      -13.88528624      -11.29821036
      1       -6.80815237      -11.07045524        6.68237552
      1      -12.84492756       -5.52341672       -6.73564006
      1        5.12201082       11.25196517        7.14104829
      1      -12.87233700      -10.51934444        6.24830745
      1       -2.73921028       -2.55294214      -12.56031740
      1      -10.91115509       -4.91727453       -5.19981212
      1        5.39921650       -4.49153686        7.58389422
      1        6.03882706       -6.44600159        0.17076984
      1        9.62613141        2.15832876        5.21292587
      1        2.84243676       -9.10071296       -0.77115986
      1        6.35637459      -12.80229081       11.37640707
      1       13.10502979      -11.87618174        3.78328782
      1        9.62873669       -3.27049882       -1.78141821
      1       -1.06580673        0.68463712       13.54307581
      1        9.25100900        9.77740705       -2.02025742
      1        4.05220705        9.18768167        6.80872277
      1      -10.86596374       -4.22518678       11.12304939
      1       -6.07299288        8.59071085        1.23881552
      1        1.94124500       -5.81018390        5.84233838
      1       11.43210006       -0.96884924       10.58164420
      1       13.64483847        1.77793562       12.18289238
      1        7.73830380        1.12782407        7.75475945
      1        0.25366684       12.14381010        0.58775291
      1        0.00333457        9.06628385        2.42262237
      1      -12.27397206       -7.04139453        4.89462693
      1        8.33279120       -1.99790302        3.62256471
      1      -13.49435801      -13.37647555       -4.08139536
      1       -2.95434677      -10.23938429       -8.56516844
      1        1.96340961       -2.75059888        1.60608020
      1        8.88457447        8.51351128        5.37406134
      1        1.53711899      -13.76165237       12.54498995
      1        2.69787184        7.10539979       -1.38207526
      1        4.43389686       -7.01879322      -10.06948262
      1        5.73213865      -11.45168922       -9.17084979
      1        5.03914035        1.31361183       13.78751023
      1       -0.20421278        7.09644805      -13.44561728
      1       12.95190421      -12.65606225        9.72254458
      1       -8.19766118       -4.08165798       -0.96575503
      1        5.97376654      -12.49418683      -12.69774363
      1       11.13630248       -9.14378466       -9.73366092
      1      -13.07331459       -9.47539027        9.94367634
      1       -1.14857647        7.15747196        3.34139061
      1       11.77580788       -3.41343572        2.78040206
      1       -7.15933822      -12.35650090       12.17265688
      1        7.31492358       -9.82216184        9.32212320
      1        1.57162584      -13.34842315       -6.50769270
      1      -11.65464393        9.71980656        6.16572415
      1        2.54150140       -6.39411731        3.57699347
      1       -9.60739258       13.52297529        8.78630315
      1       -1.89773681       -4.20631812       -5.41136745
      1       11.57403482       -9.58267534        7.96351786
      1       -2.07822137       -9.53937285        3.84709534
      1        8.25489645       -2.35454959       -8.91389309
      1       -5.08381513       -6.61828937       -8.94311313
      1      -12.37043554       -6.02937025        2.77498357
      1       -6.59645819       -0.78355134        3.05418182
      1       -2.68374174        1.64550246       -8.40044000
      1       -5.90190691        8.48122286        6.40618381
      1        0.84356221       -4.22218193       -1.63560364
      1       12.71816078       -9.29739631       -5.09972419
      1      -10.18756409       -5.06717568       -0.16153275
      1      -12.65623845        5.52490911        5.74724715
      1      -13.65836570       -2.18331923       12.63783592
      1       11.01394328        3.05304219       -5.74064992
      1       -1.93619687       -2.42708130       -3.57810644
      1       -6.04560823        1.07758695        1.69273627
      1       10.38607458        3.44481131       -0.93716778
      1       -9.71228654       -2.89080903      -10.26673256
      1       -6.41484203       -7.09565634      -10.82384881
      1      -11.35934297       -2.28080979       12.45354310
      1        3.32733268       -0.63635216      -11.48859675
      1        1.29682077       -9.78222636       10.14512026
      1        3.94647349      -11.28446318       -1.30061509
      1      -11.60571071        5.85220597       -8.29683416
      1       -5.71558540       -7.28605491       11.27596886
      1        3.61386465       -2.69058060        3.43727380
      1       -9.55375307        5.76058190       12.37038581
      1        9.17269964       10.73082469        1.84239519
      1       -0.79663356        5.66839381       -5.87806113
      1       -1.59319468        7.82470561       -9.32617692
      1       -0.16176959        5.29801571       12.85651586
      1       13.15151875        9.06346302       -2.54909909
      1        4.51186615        9.30902667       -5.08646208
      1       -2.87678484       -5.42729005       -0.99388473
      1        0.14618917       -9.67974686        4.64620703
      1       -4.62049822      -11.11546099       -6.94786876
      1       13.29244619       -1.78132315       -9.53761691
      1      -13.34567951      -12.50401184       -6.36110759
      1       -1.67655250      -11.82072777        0.78955392
      1        4.94246587        3.22039408       -1.43079164
      1        3.76099522       -9.05510898        6.22302448
      1       -7.35186533       10.60114628       -3.88353379
      1        9.97263082       -5.34179158       -0.59570678
      1       11.42532451       -1.68407170       -2.21932752
      1      -12.56220594       -0.23885874        9.64699908
      1        9.92954639        8.88843296      -11.52009274
      1      -10.42575697        3.79172322       -8.04480703
      1      -11.07993378       11.36759967       13.03292118
      1       -2.29937245      -13.33585286        2.53563288
      1        6.31009178        5.92417836        0.11099377
      1       13.86412406       12.16626541       -4.56945227
      1       -0.94582020       -7.35659815       -6.51709296
      1        7.91680982        5.65526770       10.32621399
      1       -5.20288905       -7.81818738       13.54562576
      1        4.27938910       12.30331904        2.20568959
      1        0.86228187       -8.94389473       -6.75587967
      1       -6.40654092      -11.48377053      -13.63537131
      1        1.74581943       -0.48938273       -9.67451668
      1      -10.62767327       -2.75480638       -4.06269239
      1       -7.63534907       -3.71095844        1.35238616
      1      -13.49491261        6.13723775       11.49414472
      1       -5.50515593       -2.37323837       -9.85257076
      1      -12.92551726       10.01461757       -3.99563663
      1       -8.28405399        7.85968368        5.96039959
      1        5.36296056       -9.04798146       -4.02774066
      1       -2.78099652        2.85668587        1.28850680
      1       12.12520681       12.94427745        9.72911200
      1        7.11014573       -2.75370467        7.41039770
      1       -8.86186121        5.65547532        7.32947875
      1       12.16541744        3.73074278      -11.80632445
      1       -4.97766257        9.98648052       11.85613036
      1        1.00785731       -8.11727722      -12.22098268
      1      -11.27160726      -13.51718765       -0.78662529
      1        3.16926417        1.17841837        3.73148101
      1        5.07834892       13.24155320        0.12834875
      1        5.81760017       -4.22744375       -6.41997578
      1       12.07447238        6.90129177       -2.14840865
      1        0.85584849      -11.83196458        5.33961737
      1       -3.12247881        0.48105580        8.19563295
      1       -3.45809577        5.38429805        7.92577438
      1       -4.71963037      -13.08660781        2.98805036
      1       -4.73953995       -9.74977690        1.24689367
      1       -6.65523703       -7.66488327       -7.51586354
      1       -2.44892621      -11.11092884       -3.30269463
      1       -2.82775409        1.69634284       -0.79468862
      1       -7.87473656      -10.84214974       -3.81631035
      1       12.91492819       -9.01999488        1.34553153
      1      -10.18096580       -6.45028065        6.18700830
      1        7.45063115       -0.99868709       10.74724034
      1        9.39211878       -2.70964694       -6.79272857
      1        6.92527228       -7.78820891        8.15313518
      1        5.52013955       -6.18571384        9.31487378
      1      -11.50616479        3.97092817        9.10053233
      1        5.24737361       11.01257944       11.94956059
      1       -6.22591407       11.85890129       -7.28583097
      1      -11.80962461       -6.28494324       11.77864780
      1       -0.13370319        9.83018009        0.10481696
      1       -5.53243730        3.78295402        5.76017783
      1       -9.72616049        7.30349156       -8.57245844
      1        4.76163626      -10.67421291       -5.69820604
      1        8.99340871       -4.80469117       10.62461391
      1       -7.50589064       -2.82034493      -11.34236569
      1        9.69557859        9.81178495        7.19745886
      1       -0.73426326        0.83946521       -5.68090333
      1        2.18432712        5.06889352        4.32406250
      1       -6.72673568        1.12410394       -1.51907708
      1        2.21211845        6.20828257      -10.36596892
      1       -4.91999273        7.71241586      -12.88839293
      1      -12.19923970       12.61356543       11.35479881
      1        3.23451534      -12.82302526       -3.07756403
      1        0.92566250       10.08734496       -4.01251184
      1       -6.21840358       -2.25939623       -6.09300253
      1       10.62830255       11.24881558       -6.04301468
      1        3.92967303        4.48507209      -11.23589024
      1        2.74566636       -7.27711828       -6.31214530
      1       -4.17041998       -1.90380253       -0.34293132
      1       -7.00566898        1.06169483       -8.22860374
      1       -0.12546165      -13.77929121       -4.81918917
      1       -9.81129762       -9.88758694       -6.61457914
      1      -13.28341742      -12.73433939        0.30327900
      1        0.42959682        7.45845318       -4.39534920
      1        4.62644153       -0.63855387        0.43184812
      1       -8.50110694       -2.30212688        8.39314227
      1       14.89464120      -12.99968570        2.59987558
      1        7.20365365       11.05265626       -2.00460460
      1      -10.21191309        4.36067278        1.70682184
      1       -7.69603207        7.07214636       -4.87393573
      1      -10.99237455       -3.83447742      -12.10951235
      1        4.01861135        9.98378186        1.85648574
      1        1.59559489       -7.47453742        9.51239711
      1       10.04281094        0.63497069        7.16917597
      1       -2.66032288        1.18208219        5.98937858
      1       -7.55675652      -10.75369771       -9.72358238
      1        1.06561354        3.14821574       -0.05297357
      1        2.93705570       11.08434691       -4.87347435
      1       -3.84726138       -5.41702965       -4.86473590
      1        1.28428183        1.80593286       -9.17133151
      1      -12.86514957       -0.16132654      -10.08610644
      1       13.29417457       -6.29157113        5.43415474
      1       -1.64914216       -8.65946692       12.12411018
      1       -2.58850926       -9.36471233       10.00410004
      1        4.22915657       -2.89843958       12.37148841
      1        7.78529971       -3.28855562       13.81776999
      1       12.68175839      -10.10493962       -2.79813505
      1        2.17067489        9.52780998        5.43647798
      1       -7.31236095       13.10398633       12.39658309
      1        9.98871648        0.81693560       -7.77585289
      1       -4.16808019       -5.07337151        9.14604317
      1        8.29761656       -1.16047684       12.92026717
      1       -4.56494412        6.10305820       11.58166830
      1      -13.12410454        8.81794662        4.46131642
      1       -6.11529958       -5.36736760        7.83838733
      1       -4.03529027      -11.33903744      -14.09009253
      1        3.85459392        5.20561383       12.53940301
      1       -5.19086637       -8.93730619       -6.08580153
      1        0.72901558        3.82161696       -5.89484908
      1       10.99090695        2.29508787      -13.35548869
      1       -1.07313573       -6.30546388       12.27715576
      1       -8.07914682       -7.27658271       11.22230225
      1       -2.79621365        5.00628800       -4.67908167
      1       -7.99848765        4.41210352       11.09222862
      1       -8.62055387       -8.03208066        7.15840238
      1        8.95418868       13.09874408       13.55597204
      1       11.49676205       11.16338916        1.97406738
      1       -8.91171882       -8.46336223       -0.63180299
      1       -0.69347012      -11.94226092      -12.47043417
      1        3.45112956       -1.77215865       -3.89349664
      1       10.13370350       -5.72159774       -8.50900739
      1       -3.68924347       10.89341904        0.87912664
      1       13.68627492        5.12179686       -2.52021278
      1       -1.72026316        8.66639218       13.54574079
      1       -1.33068781        9.65147219        6.96132088
      1       -9.63784598        1.06567070        7.37217256
      1       -0.76916461       -4.86266610        3.18778152
      1        7.97180026        0.27510939       -1.34870678
      1       14.15625499        3.09425992        8.33502567
      1       -7.94025895        8.95980179       -2.07308097
      1      -11.40466052      -12.85871957       -3.06540985
      1       -7.74283267       12.69415483       10.05310544
      1       -9.65235508       13.43050457       -8.41581127
      1      -11.64794766       -3.16876687       -0.00203355
      1       -1.54360014       -2.34316575        9.97763954
      1      -12.41733106        4.34482284        0.78375041
      1       12.52657256        3.01547755       -1.98436208
      1       10.29043931       -7.33630977        2.61670549
      1       -1.56311098       -2.95018961       12.24927545
      1      -11.56575912        0.99242631        2.14080175
      1       -8.72099135        0.74971581       -9.90477658
      1        6.74006213        6.68669119       -3.64315265
      1        6.62388217      -12.11808055       -5.85869954
      1        7.98976529       -2.02715253       -0.64102958
      1      -12.21793570       -7.67462375       -9.71337066
      1       10.90232698       -0.19826587       -4.02425784
      1       -0.56736011        3.81757074        1.60045941
      1       -4.72137286        5.75588722       -9.57398901
      1      -13.39192342       12.76669128        3.62545873
      1      -10.73104631      -12.19060957        3.16330728
      1        6.36647849      -13.34269795       -7.86180880
      1       -1.70241942       -7.03667698        6.53132860
      1        9.08573884        8.22026871       -7.60099601
      1        4.06393245        7.34059761       13.70963438
      1       -0.31287581       12.70639856        9.61732257
      1       -3.16206633       -7.89623729       -8.14263196
      1       12.75060164       -5.68314183        9.59400951
      1       13.12778697       -4.00928015       -6.37818691
      1       -3.62903458       10.58280476        9.93229637
      1      -10.69417782       11.83102042       -6.61929990
      1      -13.52413190       -7.09956808      -11.61906292
      1        5.82933200       -7.94564376        6.05894298
      1       -0.74621222       -7.97769008        0.60909765
      1        4.29494315       -9.98866337       -7.93566066
      1        0.90863503       10.61736903      -10.30290646
      1       11.23391885       -5.44920845        1.54592136
      1        1.17968313       -9.99460266       -4.54916383
      1        4.00034911       -0.45730029        7.03370661
      1       -1.94143213       -6.38037560      -11.50136360
      1        7.33209463        0.56140334      -13.57438202
      1        4.67014178       -0.55896965        2.91472861
      1        5.59366642        3.61682683       13.11606086
      1        5.62006598      -12.39750310        7.34018474
      1        6.34080052        0.18585627       -6.91684306
      1       -0.32113909       -9.90172947      -11.23127977
      1        9.00989852       -9.38883771       10.97714013
      1        8.07545866        1.27488771       10.14042846
      1        1.82075231        4.03689537       12.94940520
      1        5.75856339        3.33183636        4.04543212
      1        7.58963658        8.34568770       13.01816164
      1        1.36801421        7.72833832        8.61777983
      1        2.18477672        8.60373274      -11.13979594
      1       -2.99576953        2.85328732       11.02544242
      1       -8.61701208       -1.05313023       10.44281509
      1       -9.48008026        2.72558810       10.30843067
      1        7.60692698        5.47085720       -9.63737402
      1       -9.26968951      -10.43401146       -1.86986192
      1       11.97621480       10.81591119       -9.12145695
      1        5.63653193       -2.76039130       -0.02187560
      1      -13.05663724       -6.33998468       -3.87564159
      1        3.23249357      -12.16196197       12.61411499
      1       12.42415302      -13.54837589       -0.47361951
      1       -5.82535738        0.35762804       10.32411535
      1       -4.91676452        0.02120851       12.85635603
      1       10.67799326       -1.27124279       12.90679694
      1        6.60122309       10.41913567       -5.70227865
      1        0.49146400       12.62828388        4.10452699
      1        7.77456511        9.94620696        3.75269172
      1       -8.12060140       -4.57986759        8.83417480
      1       -6.95287842        8.90014145       11.02949572
      1       -5.26585175       -3.55843225        1.04021575
      1      -10.39888339       -6.88895432       -1.62775079
      1       12.81928947       -9.27852147       11.27815998
      1        3.24980370       -2.39571766      -13.24616542
      1        5.75901824       13.15664897        3.93229313
      1        7.37484760       13.08689162       -0.75581332
      1       -3.41749009       -4.90251991      -12.72707209
      1       -4.90100646       -5.05272387       11.42191794
      1        3.68567978        3.69260663       -3.48313260
      1        0.97983305       -4.64908519      -11.58846722
      1       -6.57754635       -1.81250381        6.98616723
      1        8.38706596       -2.76346086        9.45221340
      1      -11.90336160       -3.94328776        8.92533129
      1       13.11234311       -2.37778939        1.09476757
      1       -6.94004170       13.25608218      -11.00169558
      1        4.48203645        9.10913075      -10.84862397
      1      -10.68368081       -2.50945604        7.47486079
      1      -10.41677773      -12.05876689        8.88573722
      1       10.27461518        5.06574486        0.80395221
      1      -12.43671319      -12.90963498       12.08848406
      1       11.18872321        9.13183504       12.77828666
      1        4.60634231       -4.98330963        3.57163168
      1        5.11817843        7.17146549        6.02574253
      1       -2.91263534       -8.72274606       -3.07791587
      1        6.69103747       -0.39269086        4.26356415
      1        9.47823281       -0.28807925       -9.89961116
      1       -0.05504093       -0.91323242        4.05083288
      1       -8.11767242        9.34274605        0.26830381
      1        2.10279243       -4.75495850        0.31178743
      1        6.12665003       10.79940755       -7.98936488
      1        0.71099573       -6.19068376        1.80249761
      1      -10.33057257       12.01510350      -10.27955415
      1       11.17989485       -3.42331489       13.87066723
      1        4.56241400      -12.40858415        0.67638484
      1       -5.94943480        4.22731390       12.39826505
      1       -7.77378297        5.58901766      -12.27831273
      1       -7.97673668       13.10160766        2.09762629
      1        4.87853911       11.36813666      -11.70540423
      1        5.15909619       -0.04500096       -3.46314751
      1       13.31920650      -12.65687194       13.31897467
      1       -4.52483226       -4.87829285       -2.65008955
      1      -10.69726168        9.22799503       11.95418273
      1       -3.11271728       -7.53681512        4.66962070
      1       -5.71082656        2.58232595       -4.86232827
      1        7.77169215      -11.31605727        7.52444136
      1        5.48070607        6.95113532        3.69585014
      1       -2.29154692       11.68009100       -2.63182991
      1       -4.78649874        1.64686582        5.04578126
      1       -5.18822985       12.08230600      -12.32627259
      1       -0.08033174       -5.68820329       -4.99948041
      1       11.56718901       -6.40228001       -1.97066715
      1      -12.05957688        2.25668733       -7.36811190
      1        7.95141126       11.39619131       -9.39726637
      1       -5.06370490       12.29834354       -0.39692900
      1       12.05002036        2.04593056        4.69022860
      1       12.53153653        4.89810770        8.31068316
      1       -5.38944868       -8.05656712        5.07863013
      1      -13.24652227       -4.73312501      -12.18157275
      1        6.73915146      -13.47275679       -3.93273240
      1       -9.63906321       -8.65286770        1.67952936
      1       -8.54379540      -12.27846479        2.15012486
      1       -2.81627466       -2.73848404        6.19832421
      1       -8.23156160       -5.49104919        2.93474382
      1      -11.61783633        4.75539352       11.51046804
      1        9.44573638      -10.62720567      -10.82959747
      1       12.28055921      -11.97066025      -12.44181844
      1       11.95431698       -7.39984145      -11.22996604
      1       -0.20461840      -12.14311871       12.95929809
      1        3.36015189       -4.49514247      -12.17586864
      1       -8.61700982       -1.62789095        2.17612272
      1       -9.90491503       -4.94133496       -9.12225551
      1       -0.59678035      -10.27002837        8.71167631
      1       -4.17334244       -2.52379572       -2.66240520
      1       -7.46384067       -0.55277829       -2.98324820
      1       -3.02579260      -12.21601160      -12.07431124
      1       -8.87931506       13.44189513        6.51377944
      1        6.58932502       -5.46677688        2.25503242
      1      -10.43040434      -13.20515352       -6.14789679
      1        2.08087180       -8.86569161       13.69015502
      1       -5.45666573        0.31782044      -12.59074447
      1       -9.96276389        5.39623516      -13.09608199
      1      -11.45646211       10.07912817       -9.48401001
      1       -5.90812221        7.08494475        9.89663069
      1       12.56446725        9.18396622        2.74681153
      1      -14.08724859       -0.11343918       13.74616920
      1        2.89460591      -12.08070632        4.16755824
      1        2.40388163      -11.37165476      -11.07443081
      1        8.78152116        8.08745974       -3.71427028
      1        8.02443657      -10.96627896       -1.37099153
      1       -9.87886321       -1.02525226       -5.52216208
      1       12.86251289        5.79144607        6.13380199
      1       13.16937591       -3.99668570        4.72070197
      1        7.07631804       -7.61561256       -4.80192648
      1        1.63356397       10.14161514       12.70803190
      1       10.04425035        5.61797866       -9.50762798
      1       -9.03121330       -2.25303444       -2.28867718
      1       -4.42218746        2.08192949        9.36660946
      1        4.13789598        5.59310444       10.17468866
      1        2.75045737      -11.72964067       -5.10007971
      1        4.35174887       12.14964752       13.89763821
      1      -11.29176238      -10.44901227       -3.06351960
      1        2.32993350       -1.02960677       -0.03574916
      1       12.98978241       -1.69940818       -7.09374188
      1       -6.87386921       -9.17642561      -13.38254602
      1        4.43393976       -4.83331149       -0.66029361
      1        4.82806181        3.35028139        6.20299710
      1      -12.89493815        8.21893902       12.43270469
      1        7.01748498        6.97150501       -7.86614669
      1        6.75506091        3.33099790        7.57238231
      1        4.69360864        7.85929076       -3.15495968
      1      -13.52626748        3.48105521      -10.89958215
      1        3.38134805        3.69916249        0.44973461
      1       -3.75739340        6.83251833        3.56421415
      1       -8.79663176       -6.51275670      -10.67226307
      1       -7.35786245       -4.51494533      -13.20655158
      1       -3.84209515        3.87558437       -8.22056170
      1        1.27727476       -3.84291943       -7.79884736
      1       12.98939606       -4.77417867       -4.05770014
      1       13.40799865       -4.20613451       13.58915331
      1        2.59842508       -1.88989669       -7.88720078
      1        3.20221037        1.58878983        6.12037423
      1       -3.21859975       11.72570892       -4.84474824
      1        8.01207880       -8.85177558       -7.69853532
      1       10.94683261       -8.48784192        9.98963110
      1        4.69909963       -5.43459637       -3.02911932
      1        3.41739855       12.92290953        6.89147441
      1       -4.31378745        2.48834695       12.92267278
      1      -10.08077585        6.42661998        2.81015402
      1       -9.29672985        3.06528217       -9.99923546
      1      -10.08505471        1.76543842       -2.37267066
      1        6.98675777        3.28659395       -5.56314237
      1       -8.70507672        1.58141588       -0.30389872
      1      -10.04599676        8.12011297        1.15900324
      1       -4.58873159       -4.29648899       -8.57107706
      1       -4.83613584       -2.34617630        2.96161850
      1       -0.09734925        7.50085039       -7.45506811
      1        7.93783855        4.82297410        1.47982735
      1        0.63599164       -4.28693285       12.68540963
      1       -6.17728890      -11.05498269        2.73193376
      1        7.74502732       11.61853439       12.00435261
      1       -0.61359514       -3.40736294        6.75180584
      1       -1.06029510       13.11182547       -7.94767600
      1        1.07954310        2.15972285        7.22852413
      1      -10.15607952        3.39819303        7.10424448
      1       -0.41171900       -2.64993831      -11.89833550
      1       -6.75653489       -5.60944438       -2.15681237
      1       13.49749191      -12.51899236        6.03501731
      1      -10.68474648       -7.22878631       13.69520005
      1       -2.23416850        0.41964337      -10.44801720
      1        2.66456129       -0.58282682       -5.80008551
      1        8.95004456       -8.89699625       -2.14924477
      1        7.47760247       -3.29150553        1.75472276
      1       13.30231187        7.48305717       -9.98780165
      1      -13.16264464       -8.03182364       -5.82405385
      1      -11.68710548        8.53910294       -5.62467708
      1       -0.46283617       -6.15500437        9.88423738
      1       -6.50491533       -8.94673888       -4.09568655
      1       -4.30783805       -3.89209875        4.69326580
      1        6.65823981       -6.73323266       -7.02855332
      1       -3.52632961      -11.35307746       11.32437023
      1       -6.98167315        6.83987989       -2.61799310
      1      -14.25834988        1.41700342        9.83930959
      1       -0.62478478        5.65769530       10.53295793
      1       13.76460038        9.86185979      -12.38308045
      1      -10.41933782        4.67680110       -4.59279214
      1       -6.23764666       -7.64343714        7.29878705
      1       -9.08073837      -10.85764981       12.26804887
      1        5.05549371      -13.47985675       13.25499307
      1       11.12623740      -12.97278349        3.12399269
      1       -6.86960533       -7.49358239        3.20625410
      1       -9.88986317       -0.11639876        0.78060952
      1       -2.23561821       -0.81321971        4.85927653
      1        0.01995131        5.07837665      -10.20737708
      1        7.41578618        4.52420545      -13.51963263
      1        9.04658321        4.38252964       -2.64237306
      1        7.51734718      -13.46781351        2.90613334
      1       11.82998911      -11.91124262        7.81159506
      1       12.17375917        1.83739916       -4.03925908
      1      -10.04132261        4.16872173       -2.31039097
      1       14.02067738        6.52785179        9.19751242
      1        3.42959032       12.26153396       -1.27327765
      1      -10.24224896        1.68982251       12.31083792
      1       -0.43480829      -10.47146780       -8.70889874
      1       -0.42452027       -0.67470915       -2.72074123
      1      -11.47498643        6.84773981      -11.95079085
      1       -1.74461934       -1.33560818       -6.12164449
      1        4.69187747       12.70402117       -8.06585815
      1       -8.13532515        9.22440160      -11.36335046
      1       -2.27631014       -4.26080890       -7.91730717
      1       11.79398149       -0.33327408        4.91192177
      1      -10.22191354        9.78728453        9.59154459
      1        1.87434489       -8.30018878       -2.87482813
      1       13.65211572       -1.80531278       10.39630281
      1        9.04504083       -6.93579591        7.33894944
      1        1.96703198       -7.74388582        7.14794865
      1       10.80779325       -7.91012535       -5.50773431
      1        6.99702190       -4.83917915      -10.74479550
      1       12.04258267        9.64784582        7.51033599
      1        5.62929349        0.83993246       -1.26045085
      1      -10.90114147      -11.83657216       13.52638833
      1      -12.60177900       11.69261394        7.26945556
      1       -5.36798011        3.93002658        8.13027847
      1        6.08017963        4.34067863        9.60276190
      1      -11.68049308      -11.01725907       -7.50482116
      1       10.70020468       -5.72434100       -4.42167714
      1      -11.48929845      -10.03727290        2.29055512
      1       -7.23912369       13.59460398       -8.58652766
      1       -3.29515249        6.48394614        1.09226945
      1        0.74555669      -13.15440418      -10.96957257
      1        1.44067306        2.94336997       -3.79598025
      1       -9.50831965       -5.58453454      -12.76571265
      1      -10.82034672       -1.22831131       -1.08719716
      1        5.87377700       -9.89474484       -1.76226170
      1        9.16260607        8.89638697        0.17002592
      1       -4.06344299       -5.62827443        1.13944863
      1        0.17971417        4.15617052       -2.10309540
      1       11.24194631        1.05672064        9.29677063
      1        9.15302266      -12.58528974        4.42835224
      1        4.59944138       -7.62546190       -7.80835869
      1        0.99319338        2.83936198       10.92181354
      1      -13.17871834       -0.56115741       -5.80670578
      1       -9.39433948       13.99049472       -3.94780284
      1       -6.90750037       15.36500942       -0.70170290
      1       12.50060085      -12.54047978       -2.71463351
      1       -6.08036970       -9.44969320      -11.06197425
      1       -7.33008951        6.41226699       -8.63087216
      1       -0.51743629        9.64677030       11.79484481
      1        5.32649827      -13.68855288        9.37932816
      1       -2.51150855       12.09872056       -9.51397359
      1        8.14724055       -6.80878068        3.49925916
      1        1.90547935       12.88431702        2.20665266
      1       11.97096175       13.25278961        6.01660555
      1        6.69531446      -11.60185638        1.63551222
      1       -1.54688316       -7.31054637       -1.59979819
      1        7.87591952       -4.97663143       -8.51811750
      1      -11.43106093        7.56870949       -0.75901836
      1       -8.15258502       -9.56491740        3.40038295
      1        0.72733790      -11.65185188        0.55987272
      1        0.94734593       -2.24516266      -13.85099725
      1      -10.48891666       10.05965813        2.59797867
      1      -12.78417017      -13.27011547      -10.10601865
      1       12.09455564       12.76502206        3.65866041
      1       13.12476007       -7.96224627       13.19430877
      1       -6.58009334        9.00648052       -5.57089408
      1       -7.18088348        5.27606421        9.04073797
      1       -3.72937345        7.54818991       -8.33166536
      1        8.47994614       11.87171009        6.88920208
      1        7.76551518       13.74503944      -12.35125565
      1      -11.62801754       -0.35746691        7.48478371
      1        1.82816768       12.84568419       10.52401232
      1       -1.77007274       11.51772367       11.03757849
      1        8.44386329        4.96779947        7.20367095
      1       -7.37759985        4.51751855      -10.12315303
      1       10.52717377       -9.11388358        0.86690151
      1        2.03737668       -5.02433215       -5.88392207
      1        3.33357277        2.59498623       -8.18798318
      1       12.77825496        8.19425859        5.79199588
      1       -7.67757742        1.93815313       -6.00596820
      1      -12.46068408       -3.93009169        3.86943542
      1       -4.39394081        9.81447453      -11.82916998
      1        2.30717240        8.85420515        3.11127923
      1       -5.25035419       10.24722006        2.72875857
      1        4.04808369       12.68057997       -3.48880972
      1       -7.08100739       -1.46674731       12.37446564
      1        5.36745200        8.62408713       -8.61404734
      1      -10.81600692      -12.35718449       -9.26998851
      1       -6.67676774       10.48471166        7.39517174
      1      -12.00969759        5.28354586       -1.34666526
      1       -8.75489927       -9.98471342        5.81073257
      1        1.67640118       -1.93185993       -2.20683985
      1       -6.18106771        6.52623616        2.47483090
      1       -4.15386647        8.20591873       -0.28897407
      1       -8.72536518        0.56046292        5.25673335
      1       -6.69580680       11.93174550        3.74626180
      1       -4.21718632        8.23760499       -5.92806189
      1       -6.49645599       -0.07684914        5.32154184
      1       -2.52788809        8.81149849        8.81454530
      1       10.82426676       -4.58666718       -6.60484721
      1       10.62653634        6.82401864       12.29995302
      1       -5.55424038       -6.00681475      -12.75412739
      1       -8.46765164      -11.69179700       -5.99711549
      1        0.46840635        3.24482105        3.70400012
      1       10.84589621       -0.90289347       -6.33924649
      1      -12.64788389       -8.40176431      -13.37071535
      1      -11.29064813       -0.03548888       -7.14759169
      1       -4.22931358        4.37680430       -1.83881448
      1      -13.12361499      -10.35566971        0.48557712
      1        8.70573690        0.54484408       -3.61805351
      1        5.49844101      -10.09318765      -13.03257819
      1        2.06816180        6.66596324       -8.05329250
      1      -11.46143499       -7.67276579        9.86939195
      1       10.20577953       -8.73843478        6.24316523
      1        1.23202639        0.00987767       13.21313467
      1       11.48642474       10.76133284       -2.12512523
      1       -2.34342051       -8.73933438      -11.84410760
      1        2.15076704       -7.58844110      -10.18322741
      1       -8.59015311        2.55463313        3.97268624
      1        3.55125362       10.02658150       -0.53036030
      1       -3.53569127        5.09068452        5.26551509
      1       12.45546664       11.87696957       -0.16685162
      1       10.28555746       13.40010629       -7.28455038
      1       -4.41788848        8.93509496        4.52928175
      1       14.06380068        1.97855337        6.13371345
      1       -4.42992769        7.54173262        8.10950729
      1       -0.18299081      -11.73630581       -3.55523273
      1       -0.73853020        2.68783933        5.74871644
      1        0.34538875       -6.39636556       -2.75080107
      1       -1.39568280        4.68506683       -8.20493016
      1        7.38793313       -9.81465328       -9.81876785
      1        1.55682892       11.76245701        5.98980329
      1       -8.67739084        2.05372218       14.23237474
      1        7.81639385        1.96281292       -7.39480723
      1       -6.73862466      -13.42042836        6.67709298
      1       12.88086437       11.83967610        7.69920526
      1       13.86348609       -9.09147090        7.82800632
      1        1.95871608       12.19611962      -13.93402434
      1       -8.48571225       11.59185660      -11.74592661
      1        8.42941882       13.63003810       -8.73909528
      1       -4.66993085        6.74792296       -2.16068830
      1        7.07577684       -5.91442983       -3.16955029
      1        3.45972542       -6.47636564       10.65641785
      1        1.11787142        0.56061363       -4.26025700
      1        6.07312877        8.86864239        2.44076418
      1        5.60371912      -10.59356640       10.85017797
      1       10.56856617       -1.80238700        6.75287432
      1       -9.23695065       -8.36634998        9.44933508
      1        9.29826405        1.58772390        0.10752538
      1       -5.36520823        2.56098268      -11.84607415
      1        3.67836719       -7.40457207       -4.05775560
      1      -11.91533169        3.32542828        5.46641933
      1        7.11813183       -8.83368407        4.25727334
      1       -5.07113998      -10.90320538       -0.79120128
      1        3.89685230       -7.52513267       12.78696103
      1       -2.23107818        9.72904661       -1.10433061
      1        8.93881576        9.08574803        9.42898785
      1        0.38757383       -9.88781318       12.31534312
      1        3.19178709      -10.70203994      -13.29224562
      1       11.05382922       -8.09193237      -13.32159152
      1        7.61556308        1.73971824        3.82530428
      1        2.47744488      -12.69793474        1.90252583
      1        3.68764710       -9.89354827        3.96156978
      1       -8.54146762       -8.93803983       -8.38655408
      1      -13.07092661       -9.62771163       -1.77702737
      1       -9.18712751       -4.59750871       -6.87439131
      1      -10.64658672      -11.23627666        6.67456863
      1       -6.93715108        8.74487278       -9.34255948
      1       -3.25219656       13.25738323      -11.52524752
      1        8.75994962       -4.35255050       -3.73326508
      1      -13.73951074        1.93822291       -9.05585291
      1       -7.85183815        2.86566612        1.60641853
      1       10.56688233        7.25755001        9.94592738
      1       -6.97252829        5.48101769       -6.44727048
      1      -12.22998551        2.86374983       12.86516630
      1       13.38881381       11.86906710       11.41198202
      1       -7.91084449       10.38271896        9.47219044
      1        7.43675957       -0.51341274      -11.49170094
      1        5.01263879        7.77851058       10.06050243
      1       -3.06097005       -0.86525570        2.62649796
      1        3.86697000        6.00824459        0.50087022
      1        4.08069188        5.77888017       -5.44291125
      1       13.70328693       -4.14460605      -10.04498539
      1        7.40093615        7.07535513        6.76997220
      1        9.69894546       13.78191477        6.23550750
      1        5.06682656        2.13980169       -4.60952218
      1       -0.43844244        2.36308135       -7.58067698
      1       -5.59488790      -12.13786594       10.33309236
      1       -5.96874681       13.75309192        8.86666613
      1        6.32368727       12.03837805       -3.96044363
      1       -3.64754297       12.36123363        6.17391777
      1        6.11133816       -1.32486451       -8.67469632
      1       -0.30035706       -2.61956799        2.38562383
      1       -1.83631181      -13.01381965       11.37218624
      1       -2.20753593       13.66425018       -5.85117045
      1      -12.58397001       -2.37145819        2.13610666
      1        4.47484203      -13.38233200        5.42093329
      1       10.30031422        6.23112165       -3.57847765
      1       10.95320410        7.88971641        4.23488818
      1       -1.42469766        6.51036614      -11.39845713
      1       -7.61710597       -6.80618972       -4.06187306
      1        9.46022724       -4.76632193       13.01374722
      1       -6.41450749       -3.99376973        5.94903086
      1        1.45195656        9.24110250       -1.61466819
      1       10.74456780        3.43032786       -9.93060629
      1       -6.91614897        3.67666042      -13.33320318
      1       -6.66421817       -7.59753422       -0.87603338
      1        0.08823257        6.20649520        5.18784825
      1        8.57770661      -10.79125224       -6.12013404
      1      -11.73090792        6.18863394        7.88900788
      1      -11.12072061       11.92189478       -0.64442556
      1        8.44885935      -13.13755662       -2.36059073
      1        7.59853630       -2.97870104       -5.30987920
      1       -1.22648061        7.92404060       -2.63404140
      1      -13.16309800       10.99166285        0.27936480
      1       11.66349919        3.10431079       12.37604281
      1       11.03924160       12.44357308      -13.17813825
      1        2.13256639       -9.74365565       -9.11192240
      1       13.88220376       -6.73215080        7.70996129
      1        0.63799056       11.33069559       -7.91163577
      1        0.57254234        4.15352892        8.79016254
      1       10.40503468      -13.07733088        0.88246988
      1       -0.10423732       -3.90380971        9.00857345
      1        6.19590888        5.50346378      -11.64630224
      1        0.95377263        0.98063206        2.97634409
      1        6.47270344        5.65347978       -5.81205354
      1        9.06649123        9.68201889       11.78597652
      1       -1.06373520       10.94429843        3.48602176
      1       -8.03894400       11.39967561        5.63532258
      1        2.42762071        5.59016052        8.46795006
      1      -12.34498737        0.00815742      -12.44556894
      1        4.16464691        1.10124851       -6.52094481
      1       -1.90337366       12.27689130        1.71917613
      1        8.76161850       -3.12711062        5.70568366
      1        2.65738748        4.59526555       -7.00514597
      1        8.14602485       -2.93996171      -11.65417366
      1       -5.65221216       -0.90156950       -7.93811027
      1       -5.43428938       -4.45618864       -6.36425614
      1       10.47429088      -12.39024100       -5.98840381
      1        5.10377046       -8.60751818        0.29974645
      1       12.67503765       10.22678091       -6.97947770
      1       -3.06846745      -12.14416705       -1.22170747
      1       13.39323460       -2.85403531       -2.78093712
      1        2.11381082        0.66264486       10.99462920
      1       -3.62620740      -12.33495225       -5.09094057
      1        5.94646823       -4.43202113       12.84690899
      1       -8.61598010        8.04033478       12.60024956
      1      -10.17775293       -6.32486286        1.87358386
      1       -9.10917459       12.45473243       13.90712839
      1      -10.99197291       10.72412824       -2.79085808
      1      -12.63575140       13.54632730        5.76034677
      1       11.80707035        2.37519816       -8.08279003
      1       11.49904637       -5.15393834      -10.39368492
      1        1.93277196        8.31201979      -13.52462097
      1       -4.25905943        0.70868621       -4.80444620
      1        6.93733837       -6.60345251      -12.36322646
      1        9.13088728        4.49961887        5.04560173
      1       10.54341378       -3.31131814      -11.68923497
      1        3.56106685        5.33891351        6.34534085
      1      -13.38410330        1.46548541       -4.44308299
      1       -7.73016923        9.91456854       -7.45618824
      1       -1.73932863       13.67132141        6.74780963
      1       -0.47756157       -1.20882089      -10.03049346
      1        6.86909778        8.20493451        0.29398328
      1       11.17836627        5.50133856        4.42343236
      1       -4.84243707        0.41247646       -0.29501147
      1       -3.81361423      -10.28888240      -10.77460738
      1       -6.72439674        4.79526183        0.76318140
      1        5.38349772        8.64912362       12.21728675
      1       -2.73802265       10.04871241       -6.36789462
      1      -13.81017428      -11.33766240      -10.99546801
      1        3.30783134      -11.21838512       10.23531949
      1        4.48563272      -12.56591007      -10.84791532
      1       -6.01050501      -13.94697608        1.00982862
      1        2.86095451        0.98243283      -13.13060324
      1        3.27268992        6.63915103        2.79496903
      1       -1.15689325       -0.04524507        9.47752062
      1        7.21053864       11.45337763      -11.65487893
      1      -12.61229619       -9.26031200        4.26153925
      1       -4.67930475        9.32228739       -9.52353709
      1       14.02337219        5.81083402        2.02941478
      1        5.01238046       -1.26997315       10.77877644
      1        2.29773363        6.04798015       -3.52752617
      1        0.82343693       -0.02728549        8.12696028
      1        2.17016092       -3.28945387        9.17318042
      1       -8.82160894      -10.61728908        9.90338367
      1       -3.12575185      -11.48678576        4.69882048
      1        1.14741922      -12.48339922       -1.68724787
      1       12.51312843      -11.17416888       -6.60983406
      1       13.65416204       -5.96908957       11.94352105
      1       -1.82470086       -1.82012986        0.55387713
      1       12.31330107       -0.54431304       -0.26281769
      1        2.90280726      -13.66180539        8.96240652
      1       -8.31748455       -1.54480184      -13.32159293
      1        3.28160068        9.05829247        9.06476835
      1       -4.75150862        4.39435027       -6.05248828
      1       -2.69945782       -1.09201828       13.34349019
      1      -10.10158113        7.11917297       -4.51763034
      1       -8.56505794       -4.94036245       11.09746383
      1      -10.71270389       -1.74486864      -13.21294845
      1       -0.87882365        6.12236244        1.09730432
      1       -9.90373320      -13.39638191      -12.86568042
      1      -13.44769437        8.80300376       -0.55038779
      1      -10.59060947       -0.74228713       -9.37453596
      1       -3.62931833       -0.03067153       -6.97884548
      1        0.43919416        2.94371787      -11.16162934
      1       11.39938387       -1.19590400      -10.99409618
      1       10.58594982       -1.27793771        3.04087521
      1       -0.57155533        7.99188081       10.02913809
      1        6.21588694        2.52312830       10.97320346
      1       -7.32877053        7.79543959      -13.09976238
      1       -5.51659984       -1.19771984       -4.09809382
      1        6.72130803       11.48677232        5.32302321
      1       -3.06843466       -5.53123345        3.34133465
      1       -5.55886674       -7.51184131        1.21113224
      1       -1.38481965       10.04996926      -10.23865378
      1        5.68643609        7.71457988      -12.33550120
      1       11.49736830       12.19234172       -4.04311160
      1        8.94309759       -6.87611075      -13.79775021
      1       13.81431795        5.29119259       -4.98566908
      1      -10.20704591        8.49898509       -2.54850248
      1      -10.50423736       -3.27406420        5.22907145
      1       -1.06613756      -12.88572553        8.85605138
      1        5.71786115       -9.06340427       12.67775560
      1       11.62782219       -0.00868141      -13.13457382
      1      -11.27610102       11.92537351        9.23843930
      1       13.79773789        1.24313447       -0.92077333
      1      -10.03368270       -8.48745720      -10.21434930
      1       -8.14356381        0.99652588        9.32232228
      1        3.96643702       13.02870536      -10.27699087
      1       -7.85600069        4.37679279        5.34508362
      1        2.92105985       -0.98794823        9.17866421
      1       -6.79178140      -12.00613248       -7.76735503
      1      -12.31501180        6.69264563        3.73074238
      1      -12.83910422       10.64164756        2.65906072
      1       -5.12729001       12.13872687       13.07062530
      1      -12.89516932       11.78533589      -13.23941221
      1        8.28981599       -5.51321647        5.53315737
      1      -11.96506287      -10.56130048      -12.49570746
      1        5.85572248       -5.61935888        5.58169412
      1       12.91142435        7.86462341       -7.65334024
      1       12.41204633        2.22236473        2.34388515
      1       -2.86613318        5.06772237       10.27233849
      1      -12.24481305        0.54633150       -2.35692434
      1       12.59197183        8.40313840        9.44965981
      1      -12.26297938       -5.42061570       -9.00147178
      1       -6.19373316        3.20611103       -2.57241660
      1       -2.54856466       -6.90962146        8.81450321
      1       10.39535218       -6.23436023        9.29374299
      1        8.85492977        9.53988426       -5.65698941
      1      -10.39739373        8.24151849        7.67077370
      1       10.11394222        2.79856245       10.46179274
      1       -3.93867022        8.05658562       12.86719740
      1       -7.25727210      -12.97485360       -3.01924298
      1       13.56717858       -6.00001343       -0.71483695
      1       13.50515532       -3.52236522        8.77398674
      1      -12.56543959      -11.81807492        9.97945333
      1        9.68729271       13.50891591        9.91932626
      1       -6.53299483      -10.41939100        8.99743416
      1       -1.03373746        1.57968056       11.28283564
      1        6.36708476       -0.58274845        6.68466550
      1        8.73032178      -13.14740968       11.79398388
      1        8.04625727       -6.77768952       -1.18489012
      1        7.72249480        9.16174717      -12.54165686
      1       -9.30836204       11.41008238        0.93378068
      1        3.88467496        7.84485447       -6.90698816
      1       11.91913549       13.18248300       -9.03038936
      1       -1.40243334       -6.19367078       -9.02399559
      1        0.51700526        8.20484913        6.46070907
      1       -9.51531433       11.66270399       -4.40129778
      1        4.70747964       -4.61776007      -10.20824523
      1       11.43792849       10.09962916      -12.90903645
      1       -2.16549682        1.21100016       -3.71054969
      1       -6.85120502       -3.86770724       12.35916360
      1       -1.63373028       12.37091822      -13.00599576
      1      -10.75448382       -0.38971405       11.22195956
      1        0.91053546        0.82535166        0.57151834
      1      -13.19768255       11.77030863       -6.79873380
      1       -4.91652805       -1.16283246        8.59325799
      1      -12.46125241        3.49677101       -5.32292674
      1       -3.76582833       13.49360476       -1.96037883
      1       12.96830784      -10.38466896       -8.93809978
      1       -1.13645056        4.79650830        6.78620088
      1      -12.85749088        5.77201283      -10.33922441
      1       11.63466626       -7.85582677        4.55758178
      1        3.59382357        3.38313494        2.90200800
      1        8.59625008      -10.37719871        5.43677752
      1      -12.23659051        2.40675184      -12.61125701
      1        3.97927345       -3.99129215       -4.78168452
      1       -9.97755274      -10.88604957      -10.97876899
      1       13.04583909       -2.47597169        6.55515373
      1       -5.36183370       13.48062613        4.91887938
      1       -5.16356009       -8.97816053       -2.18075866
      1       -8.44836540       -2.33818963       -6.82577527
      1       12.40557835        5.36446809       12.71842629
      1      -13.34945378        2.16226574        1.11753996
      1       -9.59891330        9.77442466        4.88988873
