 run_id:         1001
 total_energy:   -4103.0819409471005     
 P   27.848118434861512        27.848118434861512        27.848118434861512     
      1       -0.12377744       -8.79449240        6.79573565
      1      -13.07083773       -9.10555735       -8.06026476
      1       -7.80955327      -12.45375261      -11.83349328
      1      -10.23005871        8.39241625      -10.63120759
      1       13.07403593       12.85118593       13.51700346
      1        9.02263564      -11.07617771        0.74684057
      1      -13.83147858       -3.70204568       -0.70678559
      1       -2.92900821       -4.88214195       12.76323903
      1        0.73971976       -1.62042580        6.12188364
      1       -1.07034289        0.10309800       -0.53777586
      1       -1.43866802       -3.50994206       -1.27384294
      1       -2.74151549       12.95306778       12.72716888
      1       12.08935550      -11.51471019       11.65554205
      1        8.95926383        2.80408245       -4.39408155
      1       -5.54424164       12.03646807       -4.87705954
      1      -11.72801216       -6.10404025        8.05876095
      1       -5.32477282      -10.43944714        4.93064602
      1        5.62492168        9.31641985       -1.40680720
      1       -2.66563860       10.39910565        5.11753956
      1        8.72898141       13.05145451        1.25489375
      1       -2.32398312       -9.65718176        1.51386127
      1        3.10335634       -4.09927993        7.13124341
      1        4.93830210        2.56859661       -9.97708946
      1       10.56304421      -13.39771527       -3.76100013
      1        0.25673497      -12.80650953       -8.54258445
      1       -0.22774093        9.70915319       -6.24823716
      1       13.02832296       -9.51385339        3.61052492
      1       -4.98104948       -8.49068131        9.30804666
      1      -10.08548943        3.24171917      -12.25347785
      1       -0.32844778       -5.35555036        5.49781567
      1        4.88762800       -5.93279039      -13.51879914
      1      -11.03984631       -8.81732529       -4.86790414
      1      -10.82604154        2.82260881        3.39886166
      1        9.84274607      -11.14709748       12.41350428
      1        8.32112205        6.10842643       12.66385465
      1      -12.05075119       -0.63479662        3.72289409
      1       10.89681996        6.64260704       -7.46846415
      1        7.01630964       -0.67212729       -4.77518111
      1       -5.69770032        2.77181805       -9.50836274
      1       10.94882564        0.49099884        1.39205927
      1       10.90524111        7.17033598       -0.02487880
      1       10.80133885       -2.54762754        8.92418558
      1        4.57448673        0.80359519       11.56949831
      1        8.97697612       -8.97468769       -4.54815279
      1        1.27978861       12.98312317       -0.73624768
      1       -4.06338591       11.06339211       -8.04819684
      1      -13.34910146        7.70591763      -13.12532383
      1        6.73828193        4.96346091       -2.03920553
      1      -12.67984886       -7.32261681       -1.77720317
      1       10.06576655        4.88761275        9.07934205
      1        1.22188597       -9.30936800        0.88758825
      1        7.62376275        2.47662817        1.54630248
      1       -3.19833913       -7.70800258       -5.27710608
      1       -0.07601559       -6.17884974       14.79303340
      1        6.94718723       -5.83005107       11.15892687
      1        4.66776899       -3.10599291       -8.25628391
      1        1.82695181       -8.75163784        3.16862313
      1        5.69455905       11.80040731        9.43098874
      1       -0.33796762       11.80262406        7.31175679
      1       -4.39771430        4.51317975        0.41885375
      1        2.26689932        3.25036934      -12.63012296
      1       -8.90756805        0.73996511       -4.32540870
      1        8.12291853       11.66806373        9.37838125
      1        5.36138049        0.13554759      -10.44382693
      1       -7.30562381       -5.86258430       -6.20714016
      1        7.15964757        5.16073823        3.68647672
      1      -11.68571472       13.25356370      -11.72552764
      1       -3.19895490        7.10436056       -4.00924568
      1        0.20766961       12.26447457       -3.06145807
      1        7.16671821        3.14145701       -9.34762432
      1       10.47126704      -10.42923407      -13.10244977
      1       13.99857459        9.78869865      -10.08868946
      1       13.41023874       -6.65970374        1.51414656
      1       -3.29376864        3.48737201      -12.77377334
      1       -1.49509362        1.93757263      -12.18616580
      1        3.00981875       10.74152095       10.78538351
      1        2.62355024       -4.30372800       11.28061476
      1        7.71263766       -7.84083912       12.24077324
      1        3.74368355      -10.93920515        7.68061679
      1       -4.00662068       -1.05351727      -11.23171468
      1        7.11579867        7.55795868        9.08907275
      1       -8.84503151        3.97522695       -6.28418121
      1       11.20125613       -8.70135815       -1.46377303
      1      -13.26210540       -0.38669168        5.83978799
      1        0.91251492       -5.64592307       -9.40374609
      1        5.64102531       -9.64118236        2.53717688
      1       -0.72018968       -2.48959328       -8.00439169
      1        9.60140218      -12.76597945        8.13193814
      1       -2.24664882        3.30380085       -2.76531317
      1       -3.68459671        5.82358700      -11.76111148
      1       11.94174879        4.56860811        2.40496344
      1        0.63974863       12.47016253      -11.91782199
      1       -7.79004691        0.41337982      -12.18531951
      1      -10.25044192        9.51951003       -7.37417731
      1       -5.12021304      -13.72469875       -3.80268069
      1       -9.98402598       -6.83363516       -3.97591793
      1       10.19890339       -7.96521873       -7.87419230
      1       13.14382631        9.49883469       11.48683253
      1       -2.16538416       10.21341797      -12.35895976
      1       -0.08357485        6.20398387       -1.33437291
      1       -4.79317870       11.78997212        8.14088649
      1      -12.64858878       -1.58873736       -3.65761433
      1        9.17893489      -13.06572103      -10.73056404
      1       -8.65490996       -4.77211376        5.14485017
      1       -9.82981476       -1.26054341        4.18512897
      1        2.97724435       -2.21488386        5.74490777
      1        9.78083039        9.84470094       -9.36252664
      1       11.44333227        5.35376868       -5.50935478
      1       -3.99262214        1.41016872        2.76651760
      1       -3.22990682       -9.10268847      -14.02085362
      1      -13.78050909       13.71466100       -8.09208504
      1        1.31772658      -11.98126108        7.69946463
      1       11.24143223        6.91123489      -11.15350710
      1       12.97471738        7.70037251        1.00192506
      1       -3.36845667       -2.92531648        8.56180220
      1      -10.59505008      -13.17556169        5.39239929
      1       -7.78954876        4.82461632       -1.61579771
      1        8.65213210        2.49618517      -12.97112174
      1       -8.79665803       -8.60703520       13.07063662
      1        8.88832346        2.10029230      -10.62347288
      1       12.77077301        5.91011975      -12.81022829
      1       -9.29150551      -12.15844619       -0.18444682
      1       -0.88937463      -13.35497593        4.56642829
      1        6.01382164       -8.49740452      -11.27435273
      1      -13.05563740        6.84269529       -6.59380235
      1        2.61522266       12.38557024       -6.82632057
      1       -8.09945511        6.36169193        4.08275694
      1       11.30890635      -13.88091958      -11.30975540
      1       -6.80977754      -11.06978191        6.67569150
      1      -12.84622528       -5.51833529       -6.74542049
      1        5.05263613       11.21959208        7.12869778
      1      -12.87280203      -10.51366681        6.25594954
      1       -2.72383724       -2.57031852      -12.55104025
      1      -10.91335479       -4.91980484       -5.20645937
      1        5.38647148       -4.49515104        7.60413256
      1        6.04512207       -6.43899239        0.17024213
      1        9.70247405        2.12180704        5.18438473
      1        2.87223419       -9.10310472       -0.76579470
      1        6.33549668      -12.81967465       11.35900543
      1       13.10663933      -11.86804084        3.79893321
      1        9.62204646       -3.25726116       -1.77600584
      1       -1.03398890        0.63463780       13.60796485
      1        9.26053997        9.78452509       -2.00967295
      1        3.94742659        9.15375027        6.86896229
      1      -10.86057500       -4.20714467       11.12103226
      1       -6.24608866        8.56627022        1.24224180
      1        1.93578913       -5.81750646        5.85091192
      1       11.46390480       -0.93805288       10.55890972
      1       13.68290509        1.79664007       12.17359564
      1        7.60813141        1.13388056        7.88628549
      1       -0.63935483       11.62672685       -0.08024230
      1        0.01578183        9.07168352        2.38515587
      1      -12.27857820       -7.02532261        4.89968245
      1        8.26657907       -1.99543430        3.61941902
      1      -13.48377717      -13.36907486       -4.08224638
      1       -2.94164391      -10.24220951       -8.54969058
      1        1.96245103       -2.75693387        1.60155390
      1        8.84219524        8.48284594        5.39423271
      1        1.52151113      -13.77228032       12.52352472
      1        2.23463220        6.77457528       -1.26781908
      1        4.44333006       -7.02205326      -10.06256951
      1        5.73608713      -11.44899791       -9.16677524
      1        5.06744426        1.29226927       13.85361304
      1       -0.23965439        7.20409297      -13.29554027
      1       12.94587912      -12.66371907        9.72510358
      1       -8.19957343       -4.08360101       -0.97296824
      1        5.96495765      -12.49633845      -12.70821789
      1       11.14293731       -9.13600576       -9.74177729
      1      -13.07427014       -9.47080821        9.94449874
      1       -1.25893504        7.26569170        3.24862891
      1       11.77605625       -3.42273251        2.75987960
      1       -7.16289773      -12.34314918       12.17243928
      1        7.30618763       -9.82987169        9.32451392
      1        1.59913973      -13.32948820       -6.45097560
      1      -11.66459389        9.69091907        6.19423612
      1        2.53355241       -6.39638635        3.58337401
      1       -9.59938270       13.51482953        8.80236182
      1       -1.90099003       -4.21693569       -5.41060055
      1       11.57664595       -9.58129352        7.96708533
      1       -2.08128586       -9.56512262        3.83552442
      1        8.25939165       -2.34723306       -8.89088696
      1       -5.07856510       -6.62686968       -8.94659287
      1      -12.36977892       -6.01492665        2.77907191
      1       -6.59117294       -0.78086506        3.04465705
      1       -2.67935840        1.64390289       -8.40211389
      1       -5.83432114        8.42340602        6.43451411
      1        0.83752896       -4.21818297       -1.63791719
      1       12.72674315       -9.28938274       -5.10352885
      1      -10.18818682       -5.06632201       -0.15973687
      1      -12.66790957        5.52180349        5.76246222
      1      -13.63186694       -2.16419828       12.62486349
      1       11.01200226        3.05394013       -5.73992861
      1       -1.95386624       -2.42809595       -3.58550412
      1       -6.05703032        1.08104866        1.67863125
      1       10.35824001        3.44941452       -0.93161882
      1       -9.69587990       -2.88182748      -10.27915410
      1       -6.41227355       -7.09473733      -10.82851576
      1      -11.33073405       -2.25907048       12.45188199
      1        3.35435793       -0.65322057      -11.45180452
      1        1.29025904       -9.79627866       10.13975552
      1        3.99895094      -11.27544029       -1.29990552
      1      -11.60766030        5.85226491       -8.31216260
      1       -5.71863242       -7.27947390       11.27221137
      1        3.61440304       -2.69472607        3.43490045
      1       -9.46200686        5.76667403       12.35146564
      1        9.15182274       10.70285395        1.86190240
      1       -0.74836280        5.64777405       -5.82074432
      1       -1.55917978        7.87220024       -9.22163381
      1       -0.38158345        5.38967409       13.08535550
      1       13.13961919        9.06659030       -2.54787429
      1        4.61331271        9.43174503       -5.21302279
      1       -2.88105618       -5.43062571       -1.00044293
      1        0.14467538       -9.70074062        4.63709739
      1       -4.59257438      -11.13503397       -6.92714939
      1       13.30165624       -1.77161577       -9.54436110
      1      -13.33533562      -12.49542911       -6.36239739
      1       -1.65803040      -11.83106250        0.77567924
      1        4.89499692        3.27646263       -1.45845630
      1        3.76247489       -9.06215501        6.23929388
      1       -7.34571508       10.60552059       -3.86360873
      1        9.97711038       -5.33139295       -0.59716786
      1       11.42197235       -1.67886767       -2.21465687
      1      -12.50751020       -0.20961558        9.65623127
      1        9.93889688        8.89095191      -11.53944589
      1      -10.42245628        3.79467069       -8.07332131
      1      -11.06864220       11.36478802       13.03398110
      1       -2.32036629      -13.40551711        2.45207289
      1        6.22838709        5.91102624        0.08998792
      1       13.87889891       12.17211184       -4.56842822
      1       -0.93897134       -7.36734412       -6.50300712
      1        7.86986077        5.65370896       10.31603401
      1       -5.20087952       -7.81645187       13.54007792
      1        4.27752932       12.31786100        2.18954696
      1        0.87212490       -8.95579468       -6.72419539
      1       -6.40685947      -11.47641251      -13.63317186
      1        1.75527291       -0.50235116       -9.65661798
      1      -10.63706593       -2.75730044       -4.07215689
      1       -7.63667401       -3.71434945        1.34680390
      1      -13.46214065        6.12970645       11.49422654
      1       -5.49825798       -2.38159629       -9.87370872
      1      -12.92961324       10.01350391       -3.99190306
      1       -8.24537473        7.85908600        5.97398645
      1        5.38217456       -9.03879537       -4.02513845
      1       -2.83204201        2.93226372        1.28297056
      1       12.11475806       12.93514148        9.73207066
      1        7.08032781       -2.74181785        7.45585379
      1       -8.78095976        5.73535380        7.43562985
      1       12.18312217        3.72639895      -11.81404715
      1       -4.97142221       10.04466128       11.88010199
      1        1.01443463       -8.11581249      -12.21444852
      1      -11.27948273      -13.51089762       -0.78368762
      1        3.13741699        1.17285105        3.74720468
      1        5.18264141       13.27231842        0.16840395
      1        5.82327171       -4.22076511       -6.40734376
      1       12.06634293        6.89999807       -2.14307324
      1        0.84686481      -11.86587000        5.29749003
      1       -3.09817770        0.47845163        8.18909751
      1       -3.14118325        5.28694844        7.85461712
      1       -4.72019215      -13.08960978        2.96959512
      1       -4.73879547       -9.75217221        1.24409699
      1       -6.64454530       -7.67684737       -7.51648610
      1       -2.42434770      -11.11831120       -3.27367818
      1       -2.84774279        1.69653248       -0.74645667
      1       -7.85496657      -10.85381582       -3.80740925
      1       12.91755385       -9.01341442        1.35421406
      1      -10.18693654       -6.43582684        6.19224100
      1        7.48397851       -1.01719481       10.76648837
      1        9.39206268       -2.69748810       -6.77191321
      1        6.92548548       -7.78763261        8.16563073
      1        5.51505033       -6.18959519        9.33030208
      1      -11.44758613        3.99681941        9.09376179
      1        5.20945935       10.99346286       11.92225286
      1       -6.19064208       11.87473896       -7.23188725
      1      -11.80793981       -6.26787637       11.77259555
      1       -0.24393588        9.14130821       -0.03078837
      1       -5.58584533        3.79838818        5.77691128
      1       -9.72714607        7.30090632       -8.57713393
      1        4.76968710      -10.67783284       -5.67645301
      1        9.00392102       -4.79660147       10.62009558
      1       -7.49461009       -2.80893503      -11.36718386
      1        9.66938397        9.78841560        7.20637844
      1       -0.71889567        0.80384821       -5.70513897
      1        2.07486670        5.06012045        4.34904654
      1       -6.75304774        1.10912844       -1.54019239
      1        2.20811540        6.23322325      -10.36648397
      1       -4.92122532        7.75234448      -12.81623934
      1      -12.19600118       12.60550444       11.35551813
      1        3.21233318      -12.82856553       -3.00078939
      1        1.01052613       10.06839069       -3.91209016
      1       -6.23064805       -2.27240878       -6.12366840
      1       10.66929365       11.27520679       -6.05803850
      1        3.92361392        4.50366525      -11.23601019
      1        2.75419378       -7.28120841       -6.30201185
      1       -4.18897229       -1.90654467       -0.35646504
      1       -6.99244845        1.07581959       -8.27270461
      1       -0.01510680      -13.77339098       -4.68416044
      1       -9.80742689       -9.88059229       -6.61757017
      1      -13.28452128      -12.72589822        0.31305195
      1        0.76812186        7.45959502       -4.39742767
      1        4.61545553       -0.61487764        0.43083262
      1       -8.46026355       -2.28750815        8.40908079
      1       14.88917018      -12.99659231        2.61065318
      1        7.21490910       11.05698523       -1.98003502
      1      -10.23788557        4.35708925        1.70746799
      1       -7.70707283        7.07860563       -4.89746734
      1      -10.97695458       -3.82066897      -12.12344503
      1        4.01240989        9.97670007        1.90731835
      1        1.59326513       -7.48849814        9.51344344
      1        9.86956561        0.72672427        7.21025329
      1       -2.69120251        1.14714809        5.96070414
      1       -7.54825068      -10.75277855       -9.71365141
      1        0.98408756        3.11160138        0.01942629
      1        2.97403366       11.12334743       -4.82257964
      1       -3.85144097       -5.42720536       -4.86983234
      1        1.28242923        1.79355477       -9.16681981
      1      -12.85348602       -0.15342524      -10.10161208
      1       13.29009397       -6.26257632        5.43666253
      1       -1.64935401       -8.66549015       12.11691914
      1       -2.58855974       -9.37121887        9.99582137
      1        4.24456491       -2.92208319       12.37739295
      1        7.79988310       -3.29615673       13.82913620
      1       12.69116076      -10.09623863       -2.80010810
      1        2.08801966        9.48785551        5.45686632
      1       -7.31519562       13.11841655       12.39789501
      1        9.99079522        0.82686260       -7.76753580
      1       -4.17586148       -5.08018347        9.14062715
      1        8.32278723       -1.16865673       12.93906726
      1       -4.19741738        6.22187627       11.67228049
      1      -13.14114951        8.81159251        4.48195416
      1       -6.12250961       -5.36829300        7.83474021
      1       -4.03509581      -11.34008901      -14.09217531
      1        3.76622222        5.18697934       12.59033435
      1       -5.17928553       -8.95103878       -6.08193151
      1        0.75377048        3.79813251       -5.87818934
      1       11.00514683        2.29910705      -13.36326099
      1       -1.06956933       -6.31543653       12.27170132
      1       -8.08186402       -7.26113513       11.21968466
      1       -2.80540443        4.90206120       -4.68904628
      1       -7.82018803        4.46410637       11.10726607
      1       -8.62957859       -8.02654541        7.15538263
      1        8.93813988       13.08267284       13.54679084
      1       11.47139816       11.17172256        1.98450741
      1       -8.91217133       -8.46445318       -0.63278577
      1       -0.68860937      -11.93680005      -12.46232008
      1        3.45340825       -1.75736224       -3.88125904
      1       10.14402164       -5.71446895       -8.51160557
      1       -3.92371205       10.78325235        0.87048224
      1       13.66878814        5.11597195       -2.52252793
      1       -1.72311611        8.78686788       13.66189165
      1       -1.34473871        9.67881515        6.93409582
      1       -9.56704813        1.10000862        7.38703701
      1       -0.77564043       -4.87465684        3.17657895
      1        7.94485274        0.29777781       -1.34202134
      1       14.19108141        3.11771530        8.34789456
      1       -7.97714219        8.95375546       -2.08653484
      1      -11.39630846      -12.85404496       -3.06415195
      1       -7.72607891       12.67468261       10.05446166
      1       -9.64139193       13.43742336       -8.40115677
      1      -11.64391206       -3.16310831        0.00450665
      1       -1.54775958       -2.38650916        9.96332771
      1      -12.44533789        4.33601105        0.79048704
      1       12.50465144        3.01711668       -1.97362362
      1       10.28750649       -7.33147165        2.62426659
      1       -1.55932422       -2.96385707       12.24566926
      1      -11.57182812        0.98729920        2.14236247
      1       -8.70870472        0.76363278       -9.94061405
      1        6.86762721        6.72454092       -3.74633448
      1        6.63391853      -12.11963767       -5.84144957
      1        7.97175707       -2.00881008       -0.64910795
      1      -12.21318163       -7.66659975       -9.72306403
      1       10.89398520       -0.19071873       -4.01539690
      1       -0.64463208        3.95782577        1.59683771
      1       -4.70801390        5.78806232       -9.53113709
      1      -13.40682710       12.77046955        3.63893042
      1      -10.74039129      -12.18634902        3.17706767
      1        6.37683163      -13.33463885       -7.85482576
      1       -1.71072035       -7.06077271        6.52024286
      1        9.13050023        8.25088991       -7.63004148
      1        4.02630515        7.33908847       13.72103640
      1       -0.32911875       12.70863863        9.55690124
      1       -3.15526896       -7.89992521       -8.13494344
      1       12.74971742       -5.65110009        9.58033285
      1       13.12842579       -4.00217423       -6.38064384
      1       -3.65198164       10.63307052        9.93172080
      1      -10.68143928       11.83059132       -6.61408917
      1      -13.51792498       -7.08719210      -11.63006384
      1        5.82741617       -7.94517877        6.07443072
      1       -0.75080437       -7.97601856        0.60986399
      1        4.30134827       -9.99499544       -7.91755956
      1        0.95696982       10.65921390      -10.25670372
      1       11.23574137       -5.45536792        1.54251980
      1        1.19075229       -9.99829299       -4.50130718
      1        3.94957548       -0.45720439        7.06050926
      1       -1.93444525       -6.38639173      -11.50168832
      1        7.36574347        0.55577507      -13.54602491
      1        4.65293475       -0.54732048        2.92223579
      1        5.53971142        3.61107383       13.17170029
      1        5.60999578      -12.41927968        7.33903930
      1        6.31845838        0.22629089       -6.87338084
      1       -0.31427735       -9.89734462      -11.21782748
      1        9.00663702       -9.39788085       10.97415667
      1        8.07980962        1.28734588       10.23754334
      1        1.65833272        4.09725056       12.98942208
      1        5.71322363        3.32622539        4.07315068
      1        7.56034614        8.33298574       13.00555079
      1        1.16235738        7.59614785        8.72573245
      1        2.19917092        8.63697221      -11.11585458
      1       -2.69721167        2.89142023       10.92259223
      1       -8.56054975       -1.00078552       10.43819358
      1       -9.36149327        2.81281721       10.30030333
      1        7.63381377        5.47438744       -9.67097016
      1       -9.26610184      -10.43322437       -1.87535699
      1       11.99598238       10.83029967       -9.13665066
      1        5.62322233       -2.74142900       -0.02828878
      1      -13.05467825       -6.33468601       -3.87967282
      1        3.21585021      -12.16921456       12.60135138
      1       12.42831350      -13.53987638       -0.47021947
      1       -5.75290665        0.42771347       10.34467538
      1       -4.83882523        0.12105389       12.86289234
      1       10.70329325       -1.26591766       12.89135003
      1        6.69427965       10.54164451       -5.74363258
      1        0.52520825       12.63817188        3.80810771
      1        7.74503800        9.92182940        3.77262021
      1       -8.12356263       -4.57070263        8.83164531
      1       -6.86728956        8.85997301       11.01294885
      1       -5.26955759       -3.56018353        1.03585997
      1      -10.39495252       -6.88655378       -1.62998104
      1       12.81554485       -9.28122251       11.27643611
      1        3.29587389       -2.41615038      -13.21423316
      1        5.75498541       13.14542983        3.94057460
      1        7.45132733       13.08950225       -0.74201557
      1       -3.41077627       -4.91264559      -12.73105214
      1       -4.90062988       -5.04767808       11.41858814
      1        3.58328771        3.91272169       -3.47529346
      1        1.00162750       -4.68235851      -11.56246350
      1       -6.54925486       -1.79665570        6.99137993
      1        8.45153034       -2.75885140        9.44872116
      1      -11.91910883       -3.90845957        8.93193333
      1       13.11866506       -2.36740017        1.09579221
      1       -6.94854722       13.27152074      -10.97959138
      1        4.50040965        9.12714332      -10.86522534
      1      -10.63828562       -2.51430355        7.49456291
      1      -10.41585029      -12.06268287        8.89086365
      1       10.23231472        5.06458608        0.81084951
      1      -12.43620745      -12.91331582       12.08427875
      1       11.17709190        9.13058204       12.76490262
      1        4.59965661       -4.99083660        3.58372598
      1        5.02042195        7.13671014        6.07170103
      1       -2.90496506       -8.73140114       -3.06914994
      1        6.65821306       -0.37028398        4.29680599
      1        9.48811250       -0.28174398       -9.89473637
      1       -0.08596894       -0.94340570        4.02270374
      1       -8.22953251        9.34673754        0.24583469
      1        2.10465912       -4.75524157        0.30361270
      1        6.14886060       10.82807149       -8.02029535
      1        0.71792684       -6.18789121        1.79860972
      1      -10.33153494       12.02736130      -10.26890804
      1       11.19272290       -3.41693866       13.86493764
      1        4.65076607      -12.36488596        0.67975812
      1       -5.71644319        4.33772821       12.39359874
      1       -7.70392351        5.57994944      -12.30748876
      1       -8.01764219       13.10866970        2.10746813
      1        4.88505276       11.38383108      -11.71892711
      1        5.12042777        0.03180753       -3.47785433
      1       13.31917574      -12.66179498       13.31320119
      1       -4.52944674       -4.88650537       -2.65677247
      1      -10.66361333        9.22140059       11.96119952
      1       -3.11579776       -7.55735639        4.65558500
      1       -5.73968494        2.55016106       -4.89671460
      1        7.76002373      -11.32722667        7.53023075
      1        5.43089783        6.92013234        3.73629828
      1       -2.10408203       11.71849856       -2.42218358
      1       -4.80488914        1.67550021        5.04013976
      1       -5.18439130       12.12553442      -12.28739658
      1       -0.07795254       -5.69210230       -4.99209555
      1       11.57697789       -6.38791922       -1.96973088
      1      -12.05344048        2.26244863       -7.38566219
      1        7.97012097       11.41771470       -9.42570349
      1       -5.15350603       12.28834523       -0.43433038
      1       12.10063627        1.83796396        4.71078372
      1       12.51852788        4.88925377        8.31881056
      1       -5.39235949       -8.06438122        5.07269999
      1      -13.23358572       -4.71905249      -12.19392546
      1        6.73430399      -13.45646612       -3.89846657
      1       -9.64133004       -8.64978583        1.68055558
      1       -8.56018073      -12.26735340        2.15142694
      1       -2.82419489       -2.76335178        6.18911672
      1       -8.22874494       -5.49137123        2.93397845
      1      -11.54881143        4.77559427       11.50054633
      1        9.45056029      -10.61812347      -10.83635886
      1       12.28550680      -11.96822668      -12.44923192
      1       11.96098993       -7.39190625      -11.23901669
      1       -0.20617997      -12.14266919       12.95714336
      1        3.38335459       -4.51919685      -12.15204123
      1       -8.61154373       -1.62996147        2.16949065
      1       -9.90123189       -4.93483351       -9.13588805
      1       -0.59651709      -10.28270656        8.70202730
      1       -4.19069844       -2.53235004       -2.67460204
      1       -7.48770480       -0.56379074       -3.00655322
      1       -3.02352289      -12.19140155      -12.06304533
      1       -8.88161254       13.43300539        6.52999172
      1        6.57694198       -5.47317125        2.26288339
      1      -10.41904057      -13.19387382       -6.14550853
      1        2.07870341       -8.86921346       13.69231025
      1       -5.42931369        0.32494670      -12.59382342
      1       -9.90432303        5.42052737      -13.11523641
      1      -11.45281240       10.08594516       -9.48112105
      1       -5.64436338        7.07462866        9.94718101
      1       12.53536583        9.18646896        2.75948759
      1      -14.06366880       -0.09664895       13.73547556
      1        2.90969474      -12.08641106        4.16807204
      1        2.40799592      -11.36656396      -11.06640070
      1        8.86216532        8.13950308       -3.75298748
      1        8.06796223      -10.94966103       -1.40012365
      1       -9.88801429       -1.03346338       -5.53863577
      1       12.84401991        5.77972252        6.13874564
      1       13.17261275       -3.96165038        4.71416382
      1        7.09137271       -7.60507489       -4.80377317
      1        1.60741029       10.17029682       12.72343764
      1       10.06973251        5.62216367       -9.52350023
      1       -9.04450858       -2.25995228       -2.29739260
      1       -4.30285360        2.13149861        9.38529315
      1        4.05834216        5.55141770       10.22228144
      1        2.76828804      -11.72903265       -5.03331473
      1        4.34138212       12.14554460       13.88110900
      1      -11.29058679      -10.44362297       -3.06509767
      1        2.32387055       -1.03372467       -0.03632573
      1       12.98967017       -1.69232894       -7.09879788
      1       -6.87393412       -9.16799921      -13.38253781
      1        4.43728913       -4.82687293       -0.66175424
      1        4.74594811        3.35068212        6.22565616
      1      -12.87709208        8.22129554       12.42024881
      1        7.08050205        7.00486437       -7.92761760
      1        6.67310087        3.33387329        7.60291616
      1        4.94144908        8.02819034       -3.34267213
      1      -13.50121535        3.48600477      -10.92368006
      1        3.32524062        3.65881903        0.46466646
      1       -3.91278678        6.86770884        3.33678397
      1       -8.79283827       -6.50794787      -10.68207703
      1       -7.34582923       -4.50485647      -13.22059395
      1       -3.83275646        3.87819063       -8.22600353
      1        1.28582053       -3.84660916       -7.78372768
      1       12.99338775       -4.76653199       -4.05922871
      1       13.42346166       -4.18485879       13.57694380
      1        2.60834737       -1.88943959       -7.86282369
      1        3.13192130        1.57666071        6.13586437
      1       -3.10416622       11.74379166       -4.69390608
      1        8.01805142       -8.84685343       -7.70042400
      1       10.94260920       -8.48794637        9.99118390
      1        4.70856045       -5.42689066       -3.02808262
      1        3.36672331       12.89887678        6.83507859
      1       -4.11049238        2.59214619       12.86111732
      1      -10.12806653        6.41927226        2.82136931
      1       -9.27927662        3.07841424      -10.02710018
      1      -10.10011336        1.76169816       -2.38622514
      1        6.99410123        3.30950916       -5.56601106
      1       -8.72471974        1.56641351       -0.31810430
      1      -10.12014637        8.11741924        1.16994974
      1       -4.58559197       -4.30381174       -8.58312220
      1       -4.83300984       -2.34384827        2.95395686
      1       -0.06219847        7.51632520       -7.34235111
      1        7.88095728        4.82889438        1.47319542
      1        0.62543402       -4.27328405       12.70315557
      1       -6.17921231      -11.05566478        2.72689425
      1        7.71457804       11.60561663       11.99218003
      1       -0.62873805       -3.44964089        6.73772441
      1       -1.03201177       13.12270056       -7.87117032
      1        0.96688046        2.14213154        7.17977391
      1      -10.08357791        3.43211701        7.09466977
      1       -0.40253963       -2.68198189      -11.86618922
      1       -6.75956809       -5.61474776       -2.16206713
      1       13.49748780      -12.51816692        6.04977021
      1      -10.68320511       -7.21687832       13.68721879
      1       -2.22094930        0.41202515      -10.44067782
      1        2.67913902       -0.55868103       -5.78755691
      1        8.97729862       -8.87333258       -2.16181117
      1        7.42289837       -3.29006695        1.75426122
      1       13.31763955        7.49152138       -9.99736266
      1      -13.15733875       -8.02395464       -5.83081281
      1      -11.69439028        8.54098900       -5.62722196
      1       -0.47087750       -6.18050309        9.87672828
      1       -6.49663060       -8.95146850       -4.09390356
      1       -4.31408974       -3.90296967        4.67995374
      1        6.66588090       -6.72426989       -7.02711393
      1       -3.53136424      -11.35001276       11.31795174
      1       -7.01249299        6.83773329       -2.64360247
      1      -14.24212423        1.42718769        9.83175342
      1       -1.75894139        6.07489375       11.22606343
      1       13.77241236        9.86266033      -12.39753721
      1      -10.43469330        4.67363743       -4.61116139
      1       -6.24478408       -7.64477884        7.29190395
      1       -9.08437680      -10.84744307       12.26318807
      1        5.04122866      -13.48407193       13.24531249
      1       11.12800376      -12.96004071        3.13889337
      1       -6.87140055       -7.49762330        3.20153220
      1       -9.90024251       -0.12588472        0.77821124
      1       -2.26184623       -0.84356983        4.83583598
      1        0.02049488        5.09137669      -10.15533420
      1        7.40095576        4.52214179      -13.52503699
      1        9.03606327        4.40139694       -2.64674926
      1        7.53435200      -13.48755558        2.93661938
      1       11.81997415      -11.91393536        7.81842088
      1       12.16864995        1.84151311       -4.03301286
      1      -10.07595599        4.16468815       -2.32791842
      1       14.00895787        6.52108880        9.20361298
      1        3.50842346       12.23847191       -1.12897286
      1      -10.16395424        1.73962925       12.27547124
      1       -0.42126787      -10.46554082       -8.68674726
      1       -0.44778900       -0.67555328       -2.71599880
      1      -11.44488138        6.85563274      -11.96947931
      1       -1.75967463       -1.35281194       -6.13500435
      1        4.69866991       12.72028897       -8.06775200
      1       -8.13776733        9.24062353      -11.35311347
      1       -2.27625594       -4.27457119       -7.91833742
      1       11.73716889       -0.51416817        4.87370078
      1      -10.18652747        9.77591396        9.60279823
      1        1.89439693       -8.29084476       -2.85687206
      1       13.69522114       -1.78272033       10.37682935
      1        9.04322515       -6.92764463        7.34672576
      1        1.96089686       -7.75544810        7.15013458
      1       10.82135341       -7.89731706       -5.51737321
      1        7.01419875       -4.84204034      -10.73470201
      1       12.01948308        9.63745495        7.51464958
      1        5.60016711        0.88397506       -1.26731069
      1      -10.90323898      -11.83103822       13.52077033
      1      -12.60219017       11.67671791        7.28426606
      1       -5.15664140        4.00120661        8.09834965
      1        6.01969505        4.32843188        9.64087727
      1      -11.67526021      -11.00843876       -7.50920270
      1       10.70510648       -5.71450299       -4.42340743
      1      -11.49221887      -10.03089827        2.30071511
      1       -7.22295241       13.59649059       -8.55833780
      1       -3.39165164        6.55633021        0.94599891
      1        0.74478485      -13.13780325      -10.93634620
      1        1.41218926        2.94952674       -3.75432085
      1       -9.49752483       -5.57495722      -12.77691775
      1      -10.82786977       -1.22886174       -1.09499946
      1        5.91135882       -9.88072493       -1.76614706
      1        9.13956551        8.88034687        0.17480492
      1       -4.06763611       -5.63080236        1.13193160
      1       -0.01386988        3.88172954       -2.04876195
      1       11.22688515        1.09809715        9.27493280
      1        9.15980693      -12.58756320        4.45235976
      1        4.60781925       -7.62993237       -7.80053119
      1        1.12651738        2.64298653       11.09185821
      1      -13.17766337       -0.55644064       -5.81470599
      1       -9.38371841       13.99323053       -3.94706769
      1       -6.91689631       15.36279491       -0.70434074
      1       12.51251391      -12.53243510       -2.71386565
      1       -6.07641741       -9.45020644      -11.05915766
      1       -7.31394554        6.40655985       -8.64520007
      1       -0.57261024        9.72975876       11.85255998
      1        5.28639994      -13.71117775        9.36585594
      1       -2.49311970       12.12756384       -9.44533663
      1        8.14484474       -6.79932089        3.51193920
      1        1.95281756       12.98670502        1.80906620
      1       11.97009482       13.24985952        6.02903219
      1        6.75289057      -11.59023613        1.69112837
      1       -1.54457279       -7.31074434       -1.59861791
      1        7.88812453       -4.96702624       -8.50909910
      1      -11.47058583        7.56100099       -0.76627010
      1       -8.15651295       -9.56840719        3.40044843
      1        0.75874893      -11.60521447        0.57386037
      1        0.98963820       -2.28687334      -13.79238999
      1      -10.53391129       10.05492125        2.62674458
      1      -12.77476094      -13.26220732      -10.10807823
      1       12.08074232       12.77291910        3.66912105
      1       13.12759479       -7.94762957       13.18076246
      1       -6.56815038        9.01584358       -5.55737570
      1       -6.98056643        5.32163816        9.05712673
      1       -3.71917457        7.59132962       -8.29803910
      1        8.47043819       11.85507693        6.88538370
      1        7.76712190       13.76003101      -12.36131709
      1      -11.52865916       -0.35017902        7.52031991
      1        1.79878369       12.82952147       10.49616057
      1       -1.79738374       11.58226465       11.02944042
      1        8.39669404        4.93738249        7.20549229
      1       -7.35591179        4.51681423      -10.15165753
      1       10.53140787       -9.10405619        0.86925435
      1        2.04346394       -5.02809977       -5.86990215
      1        3.33539104        2.58479397       -8.21078584
      1       12.75257296        8.18442629        5.79559534
      1       -7.70170305        1.92808644       -6.04737089
      1      -12.45195935       -3.91245985        3.87222099
      1       -4.41477491        9.86018104      -11.76203800
      1        2.29099026        8.82236216        3.13359137
      1       -5.41159361       10.21790515        2.76624203
      1        4.03125212       12.69486706       -3.37313307
      1       -7.01640285       -1.41734077       12.35937045
      1        5.41444354        8.64666872       -8.65181538
      1      -10.80665832      -12.35104320       -9.26963516
      1       -6.65374251       10.44288118        7.39402965
      1      -12.03688690        5.27222548       -1.34372711
      1       -8.76067977       -9.98377347        5.81125553
      1        1.66696958       -1.92567485       -2.20984753
      1       -6.32425667        6.50475768        2.42829138
      1       -4.28439006        8.30488078       -0.34624098
      1       -8.70160582        0.56566740        5.25818356
      1       -6.76652572       11.94556841        3.77948019
      1       -4.19294149        8.26993403       -5.92226644
      1       -6.47940208       -0.07226409        5.31165911
      1       -2.53319699        8.88778911        8.80827658
      1       10.82365712       -4.57722298       -6.60398822
      1       10.62048982        6.81772015       12.30387356
      1       -5.55183884       -6.00582307      -12.75949997
      1       -8.45886627      -11.67949476       -5.99239626
      1        0.41248150        3.23156642        3.65769704
      1       10.84860227       -0.89276138       -6.33128437
      1      -12.64640196       -8.39246971      -13.38119174
      1      -11.29208863       -0.03218734       -7.16659855
      1       -4.31199163        4.36663628       -1.90558102
      1      -13.12227544      -10.34832194        0.49204679
      1        8.69796354        0.55998402       -3.60485449
      1        5.49277576      -10.09558399      -13.03687864
      1        2.06985996        6.69485779       -8.05584727
      1      -11.46795104       -7.65842312        9.86494408
      1       10.20562850       -8.73097193        6.25117589
      1        1.27288891       -0.03560226       13.32880210
      1       11.48633960       10.77352812       -2.12030093
      1       -2.33903417       -8.74251024      -11.84552455
      1        2.16106138       -7.59694329      -10.17426470
      1       -8.58926439        2.54632714        3.95754550
      1        3.58196126       10.00578353       -0.47763915
      1       -3.76806220        4.85271700        4.59948255
      1       12.43942691       11.88498610       -0.15570019
      1       10.30255747       13.41684177       -7.29875294
      1       -4.44602479        8.92206918        4.50390700
      1       14.10046930        1.98450663        6.15336663
      1       -4.25341959        7.44430162        8.07443401
      1       -0.14710838      -11.73730577       -3.45724816
      1       -0.83757936        2.69694264        5.67949056
      1        0.35048137       -6.39732698       -2.74394632
      1       -1.38473508        4.69054464       -8.14807019
      1        7.39152151       -9.81336515       -9.81923080
      1        1.51894659       11.78414508        5.81272771
      1       -8.59745502        2.10953721       14.19125275
      1        7.81619755        1.97299029       -7.38715306
      1       -6.74146597      -13.42064190        6.66948990
      1       12.87495870       11.82553674        7.70603431
      1       13.86427026       -9.07646538        7.83027004
      1        1.95001165       12.21617169      -13.92155703
      1       -8.48839951       11.60701185      -11.73535086
      1        8.43938526       13.64581747       -8.74640110
      1       -4.69754515        6.75233332       -2.21053737
      1        7.08543658       -5.90326893       -3.17200384
      1        3.44953258       -6.47970183       10.66432758
      1        1.11857428        0.56663702       -4.24655895
      1        6.04927895        8.83181287        2.47008063
      1        5.58791449      -10.60487951       10.84362292
      1       10.42212511       -1.63444379        6.73324426
      1       -9.24322798       -8.35406816        9.44796400
      1        9.27138131        1.59708946        0.12417848
      1       -5.29413583        2.57260171      -11.88987911
      1        3.69246967       -7.40068170       -4.05043598
      1      -11.88212602        3.33617002        5.48219562
      1        7.12072550       -8.82630551        4.27397142
      1       -5.07656644      -10.90887450       -0.78894837
      1        3.89637165       -7.53134479       12.79093612
      1       -2.31924056        9.42837977       -1.40765761
      1        8.89075595        9.06184916        9.42665857
      1        0.38808740       -9.89052212       12.31281298
      1        3.18466803      -10.71088107      -13.29603437
      1       11.06042979       -8.08971347      -13.33008433
      1        7.60974676        1.75532310        3.85566275
      1        2.56236179      -12.60954008        1.87780061
      1        3.69849273       -9.89504214        3.97923593
      1       -8.53808223       -8.93468015       -8.39042341
      1      -13.06503746       -9.62131716       -1.77296735
      1       -9.18909974       -4.60726446       -6.88416413
      1      -10.64831514      -11.24052376        6.67891781
      1       -6.96618961        8.76333351       -9.31512523
      1       -3.25488527       13.29853246      -11.46028827
      1        8.76621716       -4.33742657       -3.73383791
      1      -13.72776565        1.94658510       -9.07550313
      1       -7.87224008        2.85381037        1.58453821
      1       10.54120347        7.25084707        9.94979918
      1       -6.98137996        5.47616490       -6.45995711
      1      -12.17457220        2.87736818       12.84348025
      1       13.38949351       11.86106346       11.40857511
      1       -7.86695538       10.35206796        9.47948551
      1        7.45145887       -0.52345604      -11.47035613
      1        4.91991140        7.73938234       10.06919667
      1       -3.08160319       -0.83862107        2.60351143
      1        3.75846619        5.97279315        0.51089885
      1        4.21545444        5.75146618       -5.66998956
      1       13.71285098       -4.13407636      -10.05665899
      1        7.33169124        7.04520988        6.77840447
      1        9.69597227       13.77006813        6.24948025
      1        5.01738400        2.27616453       -4.57854880
      1       -0.43733079        2.35352352       -7.57232020
      1       -5.60041201      -12.13454357       10.32735540
      1       -5.96865881       13.75406628        8.85675867
      1        6.30670967       12.06796413       -3.91886177
      1       -3.64587437       12.35056852        6.12639707
      1        6.12260582       -1.30062980       -8.63135913
      1       -0.31039339       -2.63803101        2.35934307
      1       -1.83298029      -13.00016227       11.34891887
      1       -2.09266742       13.66109985       -5.73229950
      1      -12.57512130       -2.34841245        2.14072512
      1        4.47163305      -13.39642292        5.42296617
      1       10.30654300        6.23564328       -3.58922305
      1       10.91959576        7.88016224        4.24640490
      1       -1.43122442        6.56340512      -11.27699328
      1       -7.61467762       -6.81235298       -4.06791229
      1        9.47389311       -4.76659771       13.01088968
      1       -6.41063006       -3.98486244        5.95111751
      1        1.62905365        9.06827772       -1.56410323
      1       10.76475847        3.43273211       -9.93606239
      1       -6.79378649        3.70882159      -13.39556438
      1       -6.66482118       -7.60110927       -0.87948075
      1       -0.05244946        6.26880617        5.04190778
      1        8.58524084      -10.78659790       -6.11853698
      1      -11.74711268        6.18809472        7.90641505
      1      -11.15317609       11.92705552       -0.63868105
      1        8.48062402      -13.13264656       -2.36521318
      1        7.59122302       -2.95767532       -5.29518416
      1       -1.15217252        7.76370089       -2.86198530
      1      -13.18810778       10.98981495        0.29208565
      1       11.69191116        3.11285268       12.37511434
      1       11.03286163       12.44346894      -13.18780070
      1        2.14167606       -9.74735741       -9.09844096
      1       13.88089842       -6.71387265        7.71007252
      1        0.67347997       11.35034172       -7.84524600
      1        0.70940875        3.73088420        8.99718113
      1       10.42204370      -13.05895486        0.89362567
      1       -0.10947093       -3.93655901        8.99517479
      1        6.19347914        5.51357896      -11.65565321
      1        0.92996423        0.95835062        2.98454966
      1        6.58125823        5.67570076       -5.88903568
      1        9.04226943        9.66909690       11.77793649
      1       -1.07408317       10.93850335        3.37949672
      1       -8.06500151       11.37148154        5.67464535
      1        2.28859356        5.47355043        8.57503165
      1      -12.31878217        0.02340259      -12.45879276
      1        4.15923517        1.15567776       -6.48591659
      1       -2.11541279       12.13582882        1.68459308
      1        8.69533216       -3.09063771        5.71680578
      1        2.64685840        4.57770383       -7.05683448
      1        8.15834210       -2.94374727      -11.64443167
      1       -5.66535649       -0.90824313       -7.96892419
      1       -5.43508078       -4.46660173       -6.37768535
      1       10.48647319      -12.38003999       -5.99475101
      1        5.13041445       -8.60528878        0.30831570
      1       12.70008239       10.23642797       -6.99615456
      1       -3.07343105      -12.14856446       -1.20748831
      1       13.39150559       -2.84851219       -2.77772326
      1        2.25731007        0.54817203       11.17157162
      1       -3.57347416      -12.35133026       -5.06565055
      1        5.96325289       -4.44815967       12.85805699
      1       -8.55822586        8.04837927       12.58750985
      1      -10.17856902       -6.32128228        1.87736213
      1       -9.10689443       12.46383576       13.91214235
      1      -10.99877064       10.73097935       -2.78627524
      1      -12.64067564       13.53692990        5.77551286
      1       11.82092396        2.37765238       -8.08615237
      1       11.50885878       -5.14617219      -10.39831904
      1        1.92426532        8.35574436      -13.49602725
      1       -4.30455643        0.66180935       -4.85339011
      1        6.95183036       -6.60723994      -12.35634089
      1        9.11838779        4.45670130        5.04902819
      1       10.55559819       -3.30344132      -11.69304185
      1        3.42924671        5.31323800        6.40897051
      1      -13.39133310        1.46601285       -4.44934490
      1       -7.72876681        9.94634906       -7.42581938
      1       -1.73090053       13.66889668        6.66235709
      1       -0.46738206       -1.22060329      -10.01854486
      1        6.84066854        8.18165164        0.30764510
      1       11.15332394        5.49277955        4.42771452
      1       -4.86852211        0.40918268       -0.30781738
      1       -3.80751702      -10.27728507      -10.75716273
      1       -6.77819347        4.78441200        0.71875429
      1        5.34316292        8.63056674       12.21085197
      1       -2.68833372       10.08574942       -6.27861239
      1      -13.80573316      -11.33335962      -11.00168468
      1        3.29291273      -11.23711456       10.21323058
      1        4.48923781      -12.56097460      -10.84683409
      1       -6.04761300      -13.95452200        1.00791623
      1        2.88481760        0.99584506      -13.06022722
      1        3.22790207        6.59613910        2.82086789
      1       -1.13059737       -0.11278613        9.44003093
      1        7.21815626       11.46712297      -11.67855595
      1      -12.61296688       -9.24846146        4.27161840
      1       -4.71701254        9.34667552       -9.46951737
      1       13.99276321        5.80479181        2.03432968
      1        5.05338997       -1.33568626       10.75037143
      1        2.98798182        6.51988905       -3.52766278
      1        0.77642395       -0.08714744        7.99888389
      1        2.15008419       -3.28629896        9.19144633
      1       -8.82560799      -10.60688721        9.89903010
      1       -3.12792260      -11.53228593        4.65353644
      1        1.16340021      -12.60504594       -1.59979770
      1       12.52384257      -11.16512598       -6.61482991
      1       13.65608356       -5.94760491       11.93105811
      1       -1.84710720       -1.82838124        0.55014929
      1       12.29921302       -0.53919112       -0.25553110
      1        2.86777738      -13.69434606        8.91479252
      1       -8.27776788       -1.51574145      -13.34049883
      1        3.11135682        8.95585249        9.10524183
      1       -4.77036767        4.36455516       -6.06978159
      1       -2.68037334       -1.10633806       13.36291524
      1      -10.11220809        7.11508806       -4.52924239
      1       -8.55806024       -4.91977276       11.09763403
      1      -10.67865612       -1.72500291      -13.21787155
      1       -0.98830485        6.29103788        0.95727183
      1       -9.90414306      -13.38628283      -12.86649943
      1      -13.47747964        8.80195698       -0.54164451
      1      -10.57461727       -0.73096618       -9.39518374
      1       -3.63724450       -0.05432748       -7.01444907
      1        0.44407059        2.96125557      -11.13485801
      1       11.40879321       -1.18588794      -10.99955534
      1       10.51817938       -1.33221376        2.98690494
      1       -0.78195905        8.00620331       10.18867427
      1        6.21620474        2.53703037       11.04413639
      1       -7.31924161        7.81286114      -13.08586746
      1       -5.54795258       -1.22832228       -4.11880028
      1        6.68907277       11.46351440        5.34260257
      1       -3.07307044       -5.54575675        3.33290851
      1       -5.56024754       -7.51518295        1.20693509
      1       -1.33029108       10.09307381      -10.15314783
      1        5.68218858        7.71974438      -12.35397801
      1       11.51408314       12.20179961       -4.04294676
      1        8.94933551       -6.87847034      -13.80394426
      1       13.81139431        5.28977346       -4.98935046
      1      -10.24140640        8.49214537       -2.55696585
      1      -10.48977229       -3.26927804        5.24011225
      1       -1.08577073      -12.89463243        8.80613207
      1        5.71508578       -9.07108581       12.67110201
      1       11.64769249       -0.00352762      -13.14525296
      1      -11.26206698       11.90789467        9.24708670
      1       13.78218749        1.24570819       -0.91349843
      1      -10.02768970       -8.48123488      -10.21847503
      1       -8.05842497        1.05168507        9.32977987
      1        3.96691551       13.03507112      -10.27892573
      1       -7.90944925        4.35356197        5.38323720
      1        2.81397102       -0.95301611        9.20923764
      1       -6.77537738      -12.00221977       -7.75386384
      1      -12.35190280        6.68423291        3.74171538
      1      -12.88114976       10.63848151        2.67693114
      1       -5.13175692       12.18403235       13.10529037
      1      -12.88954532       11.78886790      -13.24465222
      1        8.28264695       -5.49773913        5.54419337
      1      -11.96271452      -10.55261360      -12.50118311
      1        5.84894479       -5.61871635        5.59769176
      1       12.92758771        7.87028409       -7.66386837
      1       12.39495553        2.20800459        2.37818786
      1       -1.58379605        4.51308539        9.51712470
      1      -12.26024771        0.54935112       -2.35799196
      1       12.57041418        8.39139898        9.45148295
      1      -12.25924465       -5.41230354       -9.01063335
      1       -6.26013075        3.18426378       -2.61703844
      1       -2.55862628       -6.91993230        8.80171007
      1       10.40339046       -6.23190806        9.29707354
      1        8.90697721        9.58251208       -5.69337038
      1      -10.38146674        8.21640514        7.69792285
      1       10.11946513        2.81566002       10.48287999
      1       -3.92006551        8.18599936       12.98007928
      1       -7.23268178      -12.99111524       -3.02128457
      1       13.57663881       -5.99116019       -0.71251854
      1       13.46338546       -3.47825276        8.73203131
      1      -12.56980211      -11.81793664        9.97678034
      1        9.66884779       13.48680790        9.91980545
      1       -6.53697645      -10.41522881        8.99100002
      1       -0.93318205        1.42261172       11.31460915
      1        6.31420577       -0.57790878        6.72722574
      1        8.71245314      -13.16043387       11.78835392
      1        8.05489102       -6.76641826       -1.18726980
      1        7.72725386        9.16976481      -12.55673899
      1       -9.36694118       11.41614591        0.95664791
      1        3.93006692        7.88466776       -6.96225642
      1       11.93544687       13.19582625       -9.04308195
      1       -1.39977260       -6.20715243       -9.02210258
      1        0.42806877        8.14105647        6.50031751
      1       -9.50920036       11.66562456       -4.39281864
      1        4.72912095       -4.61876884      -10.18597624
      1       11.44456251       10.10123386      -12.92656135
      1       -2.20420002        1.10191548       -3.79110553
      1       -6.83682657       -3.83607278       12.35097115
      1       -1.63656095       12.42938873      -12.95743511
      1      -10.70317394       -0.36418723       11.23327430
      1        0.88330959        0.79105622        0.59209150
      1      -13.18277136       11.78043790       -6.79754901
      1       -4.89744915       -1.13189099        8.61152238
      1      -12.47223447        3.49046206       -5.34016197
      1       -3.74371617       13.47599015       -1.91366106
      1       12.97437472      -10.37767780       -8.94515394
      1       -1.80005010        4.84764445        5.90439308
      1      -12.84353435        5.77992945      -10.36540895
      1       11.63501705       -7.84126035        4.56607444
      1        3.54344184        3.38530327        2.92206948
      1        8.59629132      -10.37568646        5.45168796
      1      -12.19416439        2.42057483      -12.63257434
      1        3.98209437       -3.98012619       -4.77373409
      1       -9.97567832      -10.87759916      -10.98185493
      1       13.05904575       -2.36285644        6.49583345
      1       -5.37420559       13.48030096        4.89960401
      1       -5.15860335       -8.98275465       -2.17725094
      1       -8.45980476       -2.34652287       -6.84685875
      1       12.42401611        5.37395297       12.71725263
      1      -13.37291961        2.15058507        1.13480627
      1       -9.61763179        9.74989027        4.91312756
