 run_id:         1005
 total_energy:   -4102.5542941314625     
 P   27.848118434861512        27.848118434861512        27.848118434861512     
      1       -0.12452369       -8.77650319        6.80476085
      1      -13.06472861       -9.10422751       -8.05052903
      1       -7.80678224      -12.46842945      -11.84579518
      1      -10.20546927        8.37662458      -10.63890506
      1       13.06253977       12.85997013       13.53488057
      1        9.01471672      -11.08326769        0.77686904
      1      -13.84448792       -3.70754803       -0.70523598
      1       -2.93236931       -4.88231809       12.76568363
      1        0.74651363       -1.54612569        6.19271035
      1       -1.07594301        0.08670314       -0.52921716
      1       -1.44435431       -3.51233965       -1.26454841
      1       -2.73734903       12.89403012       12.68530537
      1       12.09696701      -11.51248345       11.65545798
      1        8.96469150        2.79738385       -4.38187032
      1       -5.59705382       12.06055814       -4.94408543
      1      -11.72297550       -6.13092439        8.05422272
      1       -5.33854956      -10.43494926        4.93484068
      1        5.61607288        9.33708928       -1.47426094
      1       -2.68047610       10.41402898        5.15290601
      1        8.68630007       13.05697714        1.23185104
      1       -2.33066907       -9.64319693        1.52293104
      1        3.11110128       -4.09459427        7.11960603
      1        4.93920728        2.55753316       -9.96509318
      1       10.55662945      -13.39884945       -3.73918873
      1        0.24213990      -12.81068313       -8.59909325
      1       -0.21516896        9.70635754       -6.33436848
      1       13.02588323       -9.52515795        3.60615683
      1       -4.98412426       -8.50840044        9.30850302
      1      -10.11675306        3.22354872      -12.22217898
      1       -0.32518730       -5.32309563        5.51832655
      1        4.87760830       -5.92931965      -13.51664121
      1      -11.03834401       -8.81712716       -4.86360188
      1      -10.84587200        2.83322845        3.39243133
      1        9.85507193      -11.13624956       12.42001197
      1        8.29680246        6.00598838       12.64772126
      1      -12.09271888       -0.64079182        3.70109729
      1       10.92153554        6.63238472       -7.43194824
      1        7.01167227       -0.67770453       -4.76471041
      1       -5.67212206        2.75501779       -9.45303597
      1       10.95630603        0.50376874        1.38730161
      1       10.91121142        7.18628313       -0.02834564
      1       10.76367920       -2.60230425        8.98597910
      1        4.51484501        0.80363264       11.53450212
      1        8.96243707       -8.96503703       -4.52471997
      1        1.16888384       13.02267083       -1.43174264
      1       -4.06478733       11.05496127       -8.10566491
      1      -13.37726070        7.70423245      -13.10004052
      1        6.73475477        4.96375976       -2.03342897
      1      -12.68659657       -7.32415332       -1.76837619
      1       10.08658437        4.87923586        9.07411621
      1        1.19624997       -9.34599920        0.88777722
      1        7.62680436        2.49020048        1.52322277
      1       -3.20583347       -7.70103041       -5.28212884
      1       -0.08446393       -6.17798569       14.79606264
      1        6.94060982       -5.83364615       11.16163060
      1        4.65591237       -3.10532292       -8.24731117
      1        1.81289445       -8.74677559        3.15711413
      1        5.74012870       11.82077967        9.44772282
      1       -0.36578313       11.77710754        7.38269129
      1       -4.40973319        4.44522086        0.43984607
      1        2.30811115        3.19717268      -12.58033361
      1       -8.90011932        0.74475954       -4.31454061
      1        8.16566082       11.65015653        9.49211296
      1        5.35313369        0.12609538      -10.44116739
      1       -7.30938910       -5.85874973       -6.20126778
      1        7.15638441        5.17095363        3.65644806
      1      -11.68462168       13.24894962      -11.72157593
      1       -3.12451672        7.16392950       -3.96135979
      1       -0.00504046       12.17716155       -3.29549093
      1        7.16794014        3.12047585       -9.33711850
      1       10.48603136      -10.41625538      -13.09823423
      1       14.03684098        9.77752954      -10.07926226
      1       13.40139241       -6.66301447        1.51799705
      1       -3.34635835        3.45273802      -12.77619860
      1       -1.51320163        1.93089840      -12.20146805
      1        3.01898238       10.74765962       10.76493453
      1        2.62676231       -4.30921891       11.27522525
      1        7.71773994       -7.83814041       12.24361596
      1        3.75612929      -10.91864724        7.68210102
      1       -4.01902276       -1.05084723      -11.22928540
      1        7.17323990        7.55685025        9.09098771
      1       -8.82271069        3.97662325       -6.27282148
      1       11.18046040       -8.70699650       -1.45607613
      1      -13.37551335       -0.42440400        5.78167274
      1        0.90177037       -5.63233237       -9.40843755
      1        5.62857190       -9.64038521        2.52661981
      1       -0.72946614       -2.47954107       -8.00024022
      1        9.60522602      -12.76744544        8.12957027
      1       -2.23528766        3.33218280       -2.77093086
      1       -3.68696507        5.79401712      -11.79837411
      1       11.94517209        4.58718586        2.40179160
      1        0.63201904       12.44660003      -11.96488016
      1       -7.80521860        0.38112443      -12.16270151
      1      -10.22575506        9.52315696       -7.38430171
      1       -5.14843226      -13.72042576       -3.83200409
      1       -9.98708191       -6.83256213       -3.97044137
      1       10.19965358       -7.95641145       -7.85525552
      1       13.05398189        9.49619904       11.54952213
      1       -2.14047579       10.11452768      -12.47340479
      1       -0.09750821        6.17036535       -1.22876299
      1       -4.79903265       11.76211257        8.15719238
      1      -12.64944661       -1.59161386       -3.65008125
      1        9.22453604      -12.98391056      -10.70403829
      1       -8.66858717       -4.77329469        5.14814881
      1       -9.87157504       -1.25911083        4.17989216
      1        2.96674443       -2.19395074        5.75543099
      1        9.87517357        9.95445889       -9.12824317
      1       11.46306495        5.34176701       -5.48647738
      1       -4.02092453        1.35800590        2.79457241
      1       -3.23464146       -9.10945269      -14.02122797
      1      -13.73604637       13.73761355       -8.06448406
      1        1.33134940      -11.96712356        7.73284137
      1       11.27506552        6.90911686      -11.04799183
      1       12.98726144        7.70923721        0.99388976
      1       -3.35650440       -2.91520995        8.57642855
      1      -10.59567376      -13.17344594        5.38242504
      1       -7.76520770        4.83840981       -1.61380299
      1        8.66065584        2.43412755      -12.95762672
      1       -8.79677706       -8.62238352       13.07014406
      1        8.88925609        2.07604471      -10.60890574
      1       12.73492742        5.92177645      -12.78065817
      1       -9.28001162      -12.16306549       -0.18557910
      1       -0.90907876      -13.30222746        4.67686897
      1        6.00493774       -8.47055147      -11.27077858
      1      -13.02346668        6.83806243       -6.57541268
      1        2.61230070       12.38396675       -6.92410052
      1       -8.06846177        6.39557039        4.03111447
      1       11.33523887      -13.84763636      -11.28249693
      1       -6.81271078      -11.08076327        6.67995196
      1      -12.84686494       -5.51982439       -6.73698296
      1        5.11822589       11.23878337        7.14142264
      1      -12.87521312      -10.52532462        6.25073709
      1       -2.73549797       -2.56760453      -12.54934739
      1      -10.91505635       -4.91859065       -5.19978327
      1        5.39498770       -4.48958666        7.59112924
      1        6.02891400       -6.43975503        0.17815511
      1        9.63348994        2.15330693        5.20266111
      1        2.83835251       -9.09790513       -0.76789285
      1        6.36670829      -12.79476044       11.36389092
      1       13.10106251      -11.87842106        3.79074474
      1        9.61646505       -3.25770137       -1.76459087
      1       -1.05981795        0.64991424       13.57965126
      1        9.26604918        9.79474043       -2.01220416
      1        4.02946032        9.18036507        6.79009059
      1      -10.86255756       -4.22407243       11.12079306
      1       -6.08512419        8.62698739        1.18036110
      1        1.93736974       -5.80749643        5.84734680
      1       11.43857040       -0.96762287       10.57868841
      1       13.65200869        1.77844364       12.18534245
      1        7.71150748        1.12365489        7.77905943
      1        0.27776064       12.12564082        0.56195994
      1        0.03362112        9.17045982        2.37846865
      1      -12.27601100       -7.04237305        4.89770795
      1        8.30861068       -1.98680277        3.62494389
      1      -13.48518556      -13.35980955       -4.06664843
      1       -2.95466204      -10.24202876       -8.57049270
      1        1.95027313       -2.75763832        1.61887999
      1        8.86873541        8.52470698        5.40839988
      1        1.52902415      -13.75631085       12.52612460
      1        2.17847729        6.85061663       -1.20673378
      1        4.43129361       -7.00175054      -10.06242502
      1        5.72337670      -11.39597331       -9.18205378
      1        5.05599087        1.25935137       13.81803579
      1       -0.23969178        7.07560814      -13.45837921
      1       12.95172451      -12.66252257        9.72404716
      1       -8.20505681       -4.08393069       -0.96606450
      1        5.97629194      -12.45713132      -12.70776041
      1       11.15318413       -9.11714288       -9.72339220
      1      -13.07086557       -9.47973177        9.94254123
      1       -1.16642816        7.24762349        3.13964401
      1       11.76712488       -3.41250856        2.78069314
      1       -7.15982295      -12.36786113       12.16583759
      1        7.31788884       -9.82021240        9.31918892
      1        1.57926968      -13.33778673       -6.51875511
      1      -11.66808928        9.71704882        6.16223787
      1        2.53777220       -6.39055329        3.58245617
      1       -9.61351450       13.51006303        8.78576127
      1       -1.90727093       -4.20677779       -5.40710415
      1       11.57385371       -9.58809506        7.96444140
      1       -2.08195360       -9.53937172        3.84574670
      1        8.25150323       -2.35306219       -8.87905162
      1       -5.08334141       -6.62367056       -8.94855874
      1      -12.37541967       -6.02773069        2.77995730
      1       -6.62186333       -0.79527856        3.06097841
      1       -2.69342921        1.66764088       -8.41057484
      1       -5.89530996        8.45991643        6.36947767
      1        0.83058069       -4.22084780       -1.62888100
      1       12.72427364       -9.27585882       -5.08705140
      1      -10.19477843       -5.06772641       -0.15741016
      1      -12.67548942        5.52958660        5.74940226
      1      -13.64796611       -2.18309024       12.63554760
      1       11.01726334        3.04775238       -5.72872083
      1       -1.95323042       -2.42519366       -3.57711033
      1       -6.08399860        1.06591485        1.69154788
      1       10.36611417        3.45701881       -0.93185218
      1       -9.70497184       -2.89288756      -10.27062769
      1       -6.41260383       -7.10179695      -10.82899669
      1      -11.34941155       -2.27845661       12.45111673
      1        3.34504510       -0.66744343      -11.44846579
      1        1.29361271       -9.78457329       10.13982281
      1        3.93882855      -11.28337110       -1.30273536
      1      -11.57286258        5.85192313       -8.29429743
      1       -5.71698413       -7.29202329       11.27126530
      1        3.60350351       -2.68363319        3.44657805
      1       -9.54741335        5.75915908       12.36229658
      1        9.16135911       10.72471510        1.84778185
      1       -0.70042640        5.72040425       -5.81402809
      1       -1.50010706        7.78849801       -9.25625393
      1       -0.15866337        5.26800429       12.86408169
      1       13.15479359        9.07041732       -2.55067119
      1        4.68425600        9.33807796       -5.38420402
      1       -2.88743473       -5.43222877       -0.99323503
      1        0.14248242       -9.67744376        4.64611519
      1       -4.61400339      -11.11820747       -6.94890237
      1       13.29996661       -1.78025475       -9.53107141
      1      -13.31928758      -12.47312779       -6.33985885
      1       -1.67585583      -11.81649888        0.78208520
      1        4.90260584        3.27403847       -1.45525303
      1        3.75973241       -9.05431512        6.22423745
      1       -7.33522539       10.59945051       -3.89553012
      1        9.96487283       -5.33275677       -0.58556031
      1       11.41799262       -1.68068352       -2.20730948
      1      -12.55629929       -0.23487168        9.64905700
      1       10.04254745        8.92819168      -11.28976614
      1      -10.40820163        3.78634450       -8.05254104
      1      -11.08771371       11.35856014       13.03500409
      1       -2.29793782      -13.33858572        2.51855150
      1        6.21969109        5.93557486        0.07924193
      1       13.88239820       12.18211534       -4.55309711
      1       -0.95014473       -7.35707761       -6.51304188
      1        7.87738757        5.61884181       10.29376142
      1       -5.20434224       -7.82492352       13.54023768
      1        4.28467290       12.31037548        2.19692583
      1        0.86236987       -8.93848008       -6.75211490
      1       -6.40717515      -11.49097508      -13.64312252
      1        1.74555590       -0.50444319       -9.65211661
      1      -10.63675061       -2.75689290       -4.06502223
      1       -7.64740942       -3.71441584        1.35471765
      1      -13.51131585        6.13842718       11.50506468
      1       -5.50461987       -2.38010137       -9.86467399
      1      -12.91471488       10.01728354       -3.99466617
      1       -8.29004521        7.86291367        5.94117136
      1        5.36069663       -9.02901216       -4.01588060
      1       -2.86246644        2.83481365        1.29786713
      1       12.12302024       12.93856515        9.74206190
      1        7.10107298       -2.74798948        7.41946665
      1       -8.86846739        5.67217864        7.32986558
      1       12.18034060        3.72233291      -11.79766526
      1       -4.98227778        9.97190521       11.84171000
      1        1.00664365       -8.11452458      -12.21773066
      1      -11.27183046      -13.51130496       -0.78163021
      1        3.12750964        1.18738165        3.76957657
      1        5.08407379       13.24943427        0.11871750
      1        5.81011118       -4.21643098       -6.39418501
      1       12.08030844        6.90608122       -2.14091297
      1        0.85198681      -11.82964825        5.33776030
      1       -3.11689449        0.47794145        8.20933414
      1       -3.43126077        5.33246201        7.98890362
      1       -4.71811443      -13.08680605        2.97653129
      1       -4.74308827       -9.75282489        1.24352393
      1       -6.65069354       -7.66766351       -7.51783567
      1       -2.44054480      -11.11367910       -3.30633952
      1       -2.86375867        1.66338088       -0.76321550
      1       -7.86693880      -10.84439735       -3.81534981
      1       12.91283104       -9.01797622        1.35251268
      1      -10.18187396       -6.45167047        6.18860438
      1        7.46770344       -1.02522076       10.75687960
      1        9.38500354       -2.70179378       -6.76007548
      1        6.92603924       -7.78474674        8.15479607
      1        5.52031639       -6.18481931        9.32077443
      1      -11.50845351        3.97820760        9.10049163
      1        5.21758057       11.01572819       11.90410741
      1       -6.20240090       11.85444500       -7.29321646
      1      -11.80493350       -6.28455884       11.77520515
      1       -0.06312705        9.81461964        0.03625405
      1       -5.58270140        3.80335509        5.74588756
      1       -9.69173036        7.30182942       -8.57636778
      1        4.75874257      -10.64525661       -5.69193811
      1        8.99999340       -4.80911824       10.62641391
      1       -7.50255166       -2.82431304      -11.35323868
      1        9.64799020        9.78946542        7.28384637
      1       -0.72147815        0.82399026       -5.69787106
      1        2.09888893        5.07060368        4.33574415
      1       -6.75658397        1.11317511       -1.53538613
      1        2.23293820        6.21138408      -10.35754402
      1       -4.91195008        7.70412166      -12.89230624
      1      -12.21923837       12.59593365       11.35852010
      1        3.25827851      -12.83053701       -3.10038971
      1        1.04242570       10.09126741       -4.04575200
      1       -6.23132424       -2.27182593       -6.11003768
      1       10.67261107       11.26155080       -6.09419646
      1        3.95479439        4.49744830      -11.23390900
      1        2.74315276       -7.26928970       -6.30317643
      1       -4.19608518       -1.91365796       -0.34294888
      1       -6.99028688        1.06594817       -8.24533425
      1       -0.10459592      -13.78429563       -4.82335253
      1       -9.79560741       -9.87776404       -6.61001265
      1      -13.28343169      -12.72981920        0.31027357
      1        0.68782065        7.51377652       -4.34291167
      1        4.60735808       -0.61417435        0.44493549
      1       -8.49976475       -2.30193706        8.39737304
      1       14.89235055      -12.99900767        2.60599707
      1        7.22099886       11.07018211       -2.00810368
      1      -10.23524879        4.36854869        1.70377707
      1       -7.68046120        7.07590508       -4.89565101
      1      -10.98456608       -3.83333075      -12.11414436
      1        4.02342767        9.99384493        1.83197809
      1        1.59268280       -7.47716128        9.51126631
      1       10.00573174        0.65474161        7.17281967
      1       -2.69094991        1.17839568        5.99825154
      1       -7.55065506      -10.75526616       -9.72472019
      1        1.00755892        3.06552991        0.01457854
      1        3.03961250       11.05254259       -4.98433714
      1       -3.85489932       -5.42137757       -4.86513511
      1        1.27335273        1.78876598       -9.15355737
      1      -12.85567785       -0.16351478      -10.08614252
      1       13.29183265       -6.28857389        5.43593218
      1       -1.65488015       -8.66577434       12.11884082
      1       -2.59432415       -9.37117175        9.99953743
      1        4.23743273       -2.92542666       12.38063459
      1        7.79482564       -3.30626915       13.83277435
      1       12.68253370      -10.09256159       -2.78817018
      1        2.14020337        9.51583701        5.42682061
      1       -7.31334939       13.09147621       12.38699820
      1        9.99102943        0.81321397       -7.75494653
      1       -4.16852597       -5.06992986        9.14575215
      1        8.31205023       -1.18560277       12.92989971
      1       -4.52730686        6.08811609       11.56074521
      1      -13.15979544        8.82172923        4.46908278
      1       -6.11666380       -5.36646427        7.84061476
      1       -4.03609640      -11.34736532      -14.09507438
      1        3.83930871        5.15007428       12.52941971
      1       -5.18861205       -8.94090350       -6.08636153
      1        0.74389723        3.82883550       -5.89068474
      1       11.01137334        2.28057683      -13.34881504
      1       -1.07473421       -6.31498746       12.27399931
      1       -8.07988293       -7.28010344       11.21957149
      1       -2.75651240        4.95613372       -4.67108728
      1       -7.98423364        4.41764300       11.08165264
      1       -8.62137864       -8.03472428        7.15785801
      1        8.94327276       13.10411767       13.58015714
      1       11.48602689       11.16616836        1.97952433
      1       -8.91435851       -8.46376719       -0.63018012
      1       -0.69637520      -11.94554954      -12.47635907
      1        3.44025572       -1.75866300       -3.87108996
      1       10.14067636       -5.71102427       -8.50076725
      1       -3.66328506       10.87343564        0.83773624
      1       13.68440356        5.12228688       -2.51518815
      1       -1.73467895        8.65810516       13.53339287
      1       -1.34992455        9.64629258        6.93820768
      1       -9.64157645        1.07876691        7.37341253
      1       -0.77841250       -4.86796313        3.19441944
      1        7.94359469        0.29510465       -1.33468464
      1       14.15478462        3.09417641        8.33741893
      1       -7.94166297        8.96052604       -2.09638337
      1      -11.39382244      -12.85152616       -3.05846911
      1       -7.74491617       12.67620633       10.04407519
      1       -9.63370977       13.43265803       -8.41854694
      1      -11.65520191       -3.16872258        0.00326503
      1       -1.54121922       -2.34739453        9.98206087
      1      -12.43798657        4.34981730        0.78185928
      1       12.51247803        3.02464800       -1.97286269
      1       10.28637152       -7.33307370        2.62414489
      1       -1.56216118       -2.96132045       12.25264143
      1      -11.58328091        0.99341549        2.13911703
      1       -8.70759915        0.74803070       -9.91480617
      1        6.84646114        6.71996574       -3.73433721
      1        6.62745664      -12.07650811       -5.83363747
      1        7.96918775       -2.00996660       -0.63508346
      1      -12.20998140       -7.67006477       -9.71584346
      1       10.89335105       -0.19266965       -4.00603635
      1       -0.64101492        3.73276198        1.65093058
      1       -4.69526754        5.77529004       -9.55902381
      1      -13.39726480       12.76602104        3.62842875
      1      -10.72912616      -12.19377693        3.16522859
      1        6.36764186      -13.25654707       -7.85603608
      1       -1.70709754       -7.03710290        6.53224328
      1        9.14235566        8.22235235       -7.55921960
      1        3.96481841        7.28905770       13.65562160
      1       -0.32671019       12.69975484        9.60547182
      1       -3.16418566       -7.90073413       -8.14283050
      1       12.75301615       -5.68145149        9.59293862
      1       13.12516618       -4.00749362       -6.37247996
      1       -3.63682365       10.55924335        9.91226082
      1      -10.65291285       11.83305050       -6.61655196
      1      -13.51371624       -7.09519406      -11.62235528
      1        5.82764961       -7.94283682        6.06233500
      1       -0.75073822       -7.97761755        0.61134733
      1        4.28826375       -9.95668755       -7.92820396
      1        0.90303890       10.61570942      -10.32337717
      1       11.22960400       -5.44812536        1.55146601
      1        1.18075947       -9.99150079       -4.54674024
      1        3.97323393       -0.44505711        7.04972681
      1       -1.94297972       -6.38661559      -11.50072388
      1        7.35006262        0.52080315      -13.55196205
      1        4.64157289       -0.53830054        2.93246937
      1        5.57905350        3.56072506       13.12897069
      1        5.61888135      -12.40222315        7.33798796
      1        6.31404543        0.21453990       -6.86597370
      1       -0.32579749       -9.90279743      -11.23642210
      1        9.01319459       -9.39327992       10.97602822
      1        8.08474047        1.25201732       10.15975770
      1        1.82284206        4.01197684       13.03517014
      1        5.71946511        3.32889767        4.04277300
      1        7.28828031        8.07798848       13.17229548
      1        1.32280423        7.65560736        8.58209365
      1        2.14036593        8.59036048      -11.18584547
      1       -2.95529318        2.83603829       11.03069341
      1       -8.60758082       -1.04397476       10.44045068
      1       -9.47631265        2.73712547       10.30354516
      1        7.63410143        5.44769836       -9.67908182
      1       -9.26578756      -10.43325012       -1.87123659
      1       12.10397928       10.88224829       -9.08663389
      1        5.61775980       -2.74052516       -0.00985653
      1      -13.05655081       -6.33393284       -3.86946215
      1        3.21691033      -12.14438720       12.60306109
      1       12.42298357      -13.54231371       -0.46193337
      1       -5.82011212        0.37220631       10.32739834
      1       -4.90598855        0.01988583       12.85657014
      1       10.69114983       -1.28026747       12.90806822
      1        6.71729468       10.53005131       -5.77464221
      1        0.49622068       12.64990808        4.10250821
      1        7.76322354        9.93793424        3.75980673
      1       -8.12234868       -4.58019567        8.83579412
      1       -6.95123975        8.87895226       11.01027614
      1       -5.28024737       -3.56651515        1.04365276
      1      -10.40093959       -6.88805620       -1.62567081
      1       12.82271495       -9.28094131       11.27705082
      1        3.26961813       -2.41626735      -13.22533556
      1        5.75755617       13.15329772        3.93575075
      1        7.38374109       13.09856527       -0.75024546
      1       -3.41718791       -4.91229457      -12.72946125
      1       -4.90166855       -5.05871232       11.41994444
      1        3.59410322        3.89657230       -3.48694493
      1        0.98739656       -4.66981776      -11.56777078
      1       -6.57897586       -1.80963336        6.99219384
      1        8.40541269       -2.77455626        9.44878840
      1      -11.90528636       -3.94033708        8.92575480
      1       13.10589189       -2.37268175        1.09994269
      1       -6.92889526       13.25775435      -11.00663526
      1        4.42489593        9.20569000      -11.17144949
      1      -10.68164413       -2.50775050        7.47845986
      1      -10.41675287      -12.06775282        8.88454493
      1       10.23754585        5.08010764        0.80361846
      1      -12.43525883      -12.92094577       12.08490611
      1       11.07163973        9.11288582       12.85196836
      1        4.59976767       -4.97683685        3.58097044
      1        5.09237812        7.15582804        6.02112210
      1       -2.91263328       -8.72691037       -3.07693034
      1        6.66894817       -0.37926065        4.27413939
      1        9.48725183       -0.29997084       -9.87917840
      1       -0.08130690       -0.92865341        4.06590268
      1       -8.13658859        9.36182588        0.23804592
      1        2.09211506       -4.75556296        0.31748061
      1        6.20277931       10.94001976       -8.03594800
      1        0.70378292       -6.19218444        1.80869745
      1      -10.31015610       12.01938675      -10.28652625
      1       11.18899347       -3.42955763       13.87646922
      1        4.56265281      -12.40448763        0.67490171
      1       -5.92891933        4.22683150       12.38397285
      1       -7.75951488        5.58744166      -12.28471129
      1       -7.97359975       13.10772963        2.08290711
      1        4.88272261       11.49460954      -11.79063538
      1        5.12069248        0.00852695       -3.45434627
      1       13.32499461      -12.65766738       13.31468638
      1       -4.53337423       -4.88378059       -2.65080635
      1      -10.71725429        9.21757602       11.95234123
      1       -3.11782649       -7.53913400        4.67137317
      1       -5.71719864        2.57315138       -4.88987679
      1        7.77047363      -11.32034855        7.52702681
      1        5.44699756        6.94365768        3.68579971
      1       -2.24376537       11.66445350       -2.65318895
      1       -4.82203848        1.65614001        5.06522091
      1       -5.18599097       12.06841551      -12.33310968
      1       -0.08969796       -5.68779954       -4.99280233
      1       11.56032274       -6.39405316       -1.95940823
      1      -12.04511235        2.25669969       -7.37133848
      1        8.08243003       11.58740483       -9.26708120
      1       -5.04298137       12.29269559       -0.41810480
      1       12.05042038        2.00938034        4.69158866
      1       12.52273573        4.89141407        8.31253095
      1       -5.39394053       -8.06003592        5.08037876
      1      -13.23828330       -4.72924787      -12.18256608
      1        6.74463898      -13.43808627       -3.91331290
      1       -9.64235254       -8.65298658        1.68152717
      1       -8.54131343      -12.28097225        2.14773106
      1       -2.82468946       -2.73989508        6.20201435
      1       -8.23747355       -5.49328884        2.93870488
      1      -11.62108895        4.76481957       11.50962794
      1        9.45786056      -10.55756278      -10.83478588
      1       12.30552242      -11.95048602      -12.44799829
      1       11.96634921       -7.38664858      -11.23021876
      1       -0.21234421      -12.14393428       12.95233860
      1        3.36917931       -4.51381605      -12.15530200
      1       -8.63851292       -1.63496512        2.17460309
      1       -9.90124095       -4.94314909       -9.12634936
      1       -0.60095086      -10.27254519        8.70751744
      1       -4.19126852       -2.52950612       -2.66464752
      1       -7.48632099       -0.56375581       -2.99790511
      1       -3.02730594      -12.22740319      -12.07872493
      1       -8.88375572       13.43070454        6.51212749
      1        6.58044185       -5.46201896        2.26246496
      1      -10.41389247      -13.19917961       -6.14616015
      1        2.06961892       -8.85297191       13.68298510
      1       -5.44520506        0.32301109      -12.59320286
      1       -9.95048558        5.39795368      -13.10251091
      1      -11.41895833       10.07601221       -9.49544381
      1       -5.88415110        7.06845851        9.87778554
      1       12.54624256        9.18386156        2.75893818
      1      -14.07456437       -0.11531984       13.74616953
      1        2.89217273      -12.08120670        4.16735888
      1        2.38650747      -11.34549587      -11.08146801
      1        8.85450314        8.12387135       -3.72952014
      1        8.02449757      -10.95445890       -1.35844187
      1       -9.88263990       -1.03055916       -5.52490092
      1       12.84257008        5.79062985        6.13779255
      1       13.16164745       -3.99226226        4.72310717
      1        7.07574763       -7.59853265       -4.78989959
      1        1.60610524       10.13721077       12.68772961
      1       10.07278448        5.59455728       -9.47277843
      1       -9.04622759       -2.25851365       -2.28917882
      1       -4.40918447        2.09249414        9.36674233
      1        4.14860137        5.55248800       10.17153307
      1        2.75478350      -11.72008835       -5.10756059
      1        4.34694100       12.20422881       13.82708829
      1      -11.29073412      -10.44174242       -3.06014008
      1        2.31591470       -1.03920748       -0.01996810
      1       12.98774750       -1.69851972       -7.08725346
      1       -6.87388198       -9.18420786      -13.38820061
      1        4.42524174       -4.82161807       -0.64756588
      1        4.78639127        3.34248636        6.20096827
      1      -12.93359695        8.22718745       12.44101348
      1        7.07074221        6.97014987       -7.92246116
      1        6.73532659        3.32080723        7.54809466
      1        4.92039775        8.04808301       -3.41203409
      1      -13.50846566        3.48035361      -10.89627624
      1        3.33120283        3.67068630        0.46583588
      1       -3.82546688        6.89170081        3.35972640
      1       -8.79229436       -6.51347169      -10.67741527
      1       -7.35328155       -4.51979211      -13.21168406
      1       -3.79957126        3.91373254       -8.20975811
      1        1.27489194       -3.83972752       -7.78147225
      1       12.98943711       -4.76831196       -4.05205592
      1       13.41736762       -4.20454964       13.58822564
      1        2.59869907       -1.88556389       -7.85578160
      1        3.12867529        1.60209031        6.16694755
      1       -3.19291016       11.72218188       -4.85394048
      1        8.01564604       -8.82733509       -7.68591221
      1       10.94951085       -8.49095942        9.98966731
      1        4.69297570       -5.42352229       -3.01429720
      1        3.41417965       12.91275083        6.88995588
      1       -4.29346659        2.48764266       12.92026286
      1      -10.11276043        6.43859862        2.80137321
      1       -9.27786999        3.06238433      -10.00638517
      1      -10.09519494        1.76918640       -2.38080947
      1        6.99305204        3.28075423       -5.54524553
      1       -8.72674053        1.57147495       -0.31174406
      1      -10.05542761        8.13007628        1.14694142
      1       -4.59223060       -4.30205814       -8.57793371
      1       -4.85843974       -2.35550005        2.96657948
      1        0.07158786        7.51970658       -7.39012565
      1        7.88172855        4.84437789        1.44873446
      1        0.62908903       -4.28794120       12.69656309
      1       -6.18082156      -11.05832009        2.72866633
      1        7.71404989       11.59876922       12.05289037
      1       -0.62022483       -3.40559838        6.75709086
      1       -1.05076440       13.11331853       -7.95769574
      1        0.99556708        2.24102233        7.28830258
      1      -10.16297670        3.41139944        7.09902952
      1       -0.41205084       -2.67064752      -11.87426565
      1       -6.76327131       -5.61288382       -2.15589087
      1       13.49250553      -12.52614467        6.04108706
      1      -10.67937529       -7.22903566       13.69012120
      1       -2.23286213        0.41717432      -10.44344687
      1        2.66807729       -0.55980430       -5.77691479
      1        8.94817046       -8.88550554       -2.13548877
      1        7.45368157       -3.28182691        1.76067060
      1       13.35640982        7.48617497       -9.94996798
      1      -13.15623592       -8.02103679       -5.82224822
      1      -11.66598871        8.54766531       -5.62694567
      1       -0.46871275       -6.16305500        9.88184347
      1       -6.50238844       -8.94714314       -4.09581752
      1       -4.31577751       -3.89603308        4.69770526
      1        6.65809815       -6.70808846       -7.01391693
      1       -3.52999378      -11.36240721       11.31864271
      1       -6.96912849        6.84618709       -2.64396991
      1      -14.25884954        1.41660646        9.84153332
      1       -0.54789957        5.60865052       10.52701131
      1       13.75004202        9.86958540      -12.38198988
      1      -10.41541970        4.67715368       -4.60583135
      1       -6.23931482       -7.64205649        7.30032254
      1       -9.07908625      -10.86481748       12.26428766
      1        5.05583833      -13.43364625       13.23680802
      1       11.12108196      -12.97609145        3.13837676
      1       -6.87347350       -7.49461680        3.20842294
      1       -9.90893046       -0.12046639        0.78014774
      1       -2.25754593       -0.81369241        4.86302027
      1        0.04954442        5.07027397      -10.19797562
      1        7.42144829        4.43520296      -13.53507755
      1        9.03625445        4.40220940       -2.64108533
      1        7.51515626      -13.46751404        2.91421594
      1       11.82306730      -11.91916265        7.81547817
      1       12.17393750        1.83711054       -4.02421144
      1      -10.05388223        4.17343259       -2.32260850
      1       13.99544088        6.53279589        9.20881251
      1        3.45464000       12.28205525       -1.31423816
      1      -10.23309746        1.69699555       12.30557391
      1       -0.43702456      -10.46955350       -8.71471666
      1       -0.44443203       -0.67284042       -2.71249928
      1      -11.46255202        6.85126550      -11.95720208
      1       -1.75829612       -1.33760457       -6.12630903
      1        4.70534404       12.78567091       -8.12232466
      1       -8.11176188        9.22309461      -11.37129263
      1       -2.28352494       -4.26661819       -7.91504619
      1       11.78340383       -0.36304843        4.89415718
      1      -10.22998598        9.77695747        9.58874359
      1        1.86912121       -8.29669554       -2.86980947
      1       13.66000426       -1.80457539       10.39465156
      1        9.04575489       -6.93215204        7.34020563
      1        1.96461699       -7.74405125        7.14797247
      1       10.81188416       -7.89200833       -5.49601332
      1        7.00486373       -4.83648092      -10.72830729
      1       12.00341191        9.63814037        7.55016661
      1        5.59961942        0.88035682       -1.25163186
      1      -10.89882229      -11.84413006       13.52232624
      1      -12.61747435       11.68464079        7.27380394
      1       -5.35146022        3.93743587        8.09347589
      1        6.06273648        4.27684376        9.59648991
      1      -11.66116344      -10.99978977       -7.50487175
      1       10.69857480       -5.71157188       -4.40524781
      1      -11.48987876      -10.03888480        2.29610157
      1       -7.22126951       13.59231889       -8.59043156
      1       -3.36896960        6.46175197        0.95807328
      1        0.74993052      -13.15430982      -10.97822047
      1        1.40873200        2.96677731       -3.76885690
      1       -9.50400254       -5.58580690      -12.77066693
      1      -10.83384636       -1.23078730       -1.08889514
      1        5.87001779       -9.88943869       -1.75516794
      1        9.14032358        8.89569228        0.16818721
      1       -4.07141099       -5.63193705        1.14134831
      1       -0.00191655        3.88269656       -2.03636839
      1       11.23643725        1.06073515        9.29324742
      1        9.14771549      -12.59609514        4.44575522
      1        4.60014018       -7.59847938       -7.79951597
      1        1.10600855        2.68062793       11.12280182
      1      -13.17847811       -0.56155632       -5.80628412
      1       -9.38617199       13.99443253       -3.94520715
      1       -6.90471063       15.36048617       -0.70702828
      1       12.50780136      -12.52807331       -2.69984630
      1       -6.07835930       -9.45518800      -11.06872952
      1       -7.28845703        6.39965543       -8.64394512
      1       -0.53670158        9.62861216       11.77233282
      1        5.32673078      -13.69265810        9.37626703
      1       -2.49849663       12.08612606       -9.51952105
      1        8.14264997       -6.80333107        3.50467153
      1        1.90875881       12.88416911        2.19792707
      1       11.95982196       13.24274781        6.03138627
      1        6.69330697      -11.59991596        1.64262425
      1       -1.55308960       -7.31246725       -1.59672471
      1        7.88430638       -4.96845292       -8.50449372
      1      -11.43859354        7.57405504       -0.76829180
      1       -8.15537180       -9.56520350        3.40156854
      1        0.72807276      -11.64975736        0.55867983
      1        0.96423227       -2.27716417      -13.81425978
      1      -10.48955762       10.07014885        2.58921688
      1      -12.76531857      -13.25740872      -10.10291892
      1       12.08892622       12.76169826        3.67012484
      1       13.13349859       -7.95960212       13.18913428
      1       -6.54223361        9.00301588       -5.58038419
      1       -7.16826169        5.27107314        9.02185026
      1       -3.66830806        7.55133100       -8.32093708
      1        8.44755867       11.86195971        6.94797890
      1        7.80595324       13.84817686      -12.31968807
      1      -11.62183879       -0.35512195        7.48872522
      1        1.81436401       12.83931061       10.50854931
      1       -1.78350058       11.50366543       11.02013528
      1        8.42880177        4.96067537        7.18776564
      1       -7.35193004        4.49951030      -10.13280063
      1       10.52462837       -9.10996173        0.87699755
      1        2.03077012       -5.01982115       -5.86640166
      1        3.33286346        2.57655933       -8.20088495
      1       12.75144675        8.19703834        5.82041071
      1       -7.68299067        1.93242148       -6.02614939
      1      -12.46712109       -3.92900074        3.87435105
      1       -4.38357135        9.80401268      -11.83003408
      1        2.31155857        8.87209118        3.09677048
      1       -5.25404136       10.27171140        2.68878207
      1        4.08591546       12.66175305       -3.54677335
      1       -7.07156840       -1.46510938       12.37130288
      1        5.78992788        8.86254695       -9.13449579
      1      -10.79678269      -12.34909088       -9.26647978
      1       -6.67892496       10.46027611        7.37657053
      1      -12.01542819        5.28700334       -1.34707607
      1       -8.75745603       -9.98872160        5.81131045
      1        1.65917804       -1.92768084       -2.19632828
      1       -6.25922276        6.56162637        2.39590324
      1       -4.15633429        8.25100934       -0.36531318
      1       -8.74105721        0.56592002        5.25594695
      1       -6.70073929       11.93804974        3.73370653
      1       -4.16634697        8.23226775       -5.92748422
      1       -6.51693363       -0.07755918        5.32662538
      1       -2.53801334        8.78520489        8.78998095
      1       10.81855949       -4.57906181       -6.59124147
      1       10.58153965        6.78738107       12.33390023
      1       -5.55352061       -6.01425865      -12.75903709
      1       -8.45688987      -11.68676735       -5.99914328
      1        0.40595947        3.21998096        3.76190214
      1       10.84694385       -0.90219441       -6.31804556
      1      -12.64104464       -8.39961112      -13.37445638
      1      -11.29060086       -0.03897032       -7.15149224
      1       -4.29463357        4.36255279       -1.88716777
      1      -13.12464964      -10.35205257        0.49191874
      1        8.69640260        0.55383001       -3.59659391
      1        5.48766954      -10.06704768      -13.03238247
      1        2.28539727        6.73831681       -8.05870570
      1      -11.46110676       -7.67447496        9.86708673
      1       10.20405324       -8.73874572        6.24718343
      1        1.24345520       -0.02686377       13.28398927
      1       11.49570330       10.77518723       -2.12950651
      1       -2.34832922       -8.74335433      -11.84931443
      1        2.15108069       -7.58129847      -10.17984460
      1       -8.61131592        2.55432477        3.96153635
      1        3.57405177       10.06277847       -0.56664602
      1       -3.71451446        4.97884777        4.77755901
      1       12.45194898       11.88252286       -0.16055173
      1       10.34863623       13.46226621       -7.27197177
      1       -4.42963631        8.94542295        4.47770499
      1       14.06162492        1.97759874        6.13672340
      1       -4.41891717        7.49574876        8.06872114
      1       -0.17320629      -11.74082491       -3.55645361
      1       -0.83944429        2.75919276        5.80466616
      1        0.33742881       -6.39545367       -2.74507299
      1       -1.35809992        4.74409544       -8.16671036
      1        7.39229629       -9.77162430       -9.81577448
      1        1.54837763       11.75763537        5.98457278
      1       -8.66312731        2.05895118       14.22335883
      1        7.81668517        1.95794663       -7.37434473
      1       -6.74309174      -13.43012431        6.67172371
      1       12.86436351       11.82495260        7.71438005
      1       13.86309806       -9.09361028        7.82854081
      1        1.95160428       12.19776253      -13.96229525
      1       -8.46916857       11.59004178      -11.75550345
      1        8.48680234       13.81818842       -8.68357867
      1       -4.64689955        6.74978010       -2.21246197
      1        7.07062524       -5.90088376       -3.15518639
      1        3.45640174       -6.47889915       10.65644865
      1        1.11450510        0.57990732       -4.24187346
      1        6.06305291        8.86130752        2.42954049
      1        5.60477617      -10.58864091       10.84272004
      1       10.54678784       -1.76591180        6.74157186
      1       -9.23786808       -8.37088564        9.44765887
      1        9.27786231        1.60255475        0.11614529
      1       -5.34831195        2.56659702      -11.84923860
      1        3.67209247       -7.39170367       -4.04636930
      1      -11.92612058        3.33272805        5.46516242
      1        7.11721573       -8.83159754        4.26173669
      1       -5.06851297      -10.90880219       -0.79504467
      1        3.89546418       -7.52439744       12.78557997
      1       -2.15539602        9.67898033       -1.17848468
      1        8.89072965        9.07814155        9.57096077
      1        0.38275117       -9.88911935       12.30943090
      1        3.18160638      -10.68460972      -13.30120103
      1       11.06726404       -8.08026924      -13.32311296
      1        7.59873043        1.75166083        3.82943198
      1        2.47834006      -12.69663431        1.90046074
      1        3.68494611       -9.89276898        3.96344718
      1       -8.53370753       -8.93771985       -8.39092106
      1      -13.06899678       -9.62203027       -1.76992325
      1       -9.19135374       -4.60401051       -6.87639348
      1      -10.64852698      -11.24289676        6.67441523
      1       -6.90990953        8.73857557       -9.35104210
      1       -3.24815312       13.24293836      -11.53122320
      1        8.75536402       -4.33909732       -3.71847990
      1      -13.72551450        1.93542603       -9.05503855
      1       -7.88376107        2.86703996        1.59111498
      1       10.53332914        7.24046801        9.98911890
      1       -6.95394359        5.47411533       -6.45445575
      1      -12.22197438        2.86755443       12.86329548
      1       13.36203073       11.85275410       11.43343041
      1       -7.91408964       10.36442089        9.45773161
      1        7.44544281       -0.53237469      -11.46426356
      1        4.96433803        7.74035059        9.98560986
      1       -3.08904014       -0.87023004        2.63399936
      1        3.74530408        5.99520902        0.50708155
      1        4.17670011        5.59915845       -5.54418958
      1       13.71260878       -4.14041058      -10.04507752
      1        7.38124344        7.07294987        6.77535861
      1        9.68271385       13.75870562        6.25351457
      1        5.01952982        2.23803077       -4.55547885
      1       -0.45218307        2.37511833       -7.57198292
      1       -5.59625359      -12.15157801       10.32568599
      1       -5.97096329       13.73722634        8.85857428
      1        6.37960226       12.06966271       -3.97511718
      1       -3.65389514       12.35604536        6.16069249
      1        6.11473866       -1.30651562       -8.62630375
      1       -0.31709773       -2.62689199        2.39256394
      1       -1.84114985      -13.02426478       11.36645206
      1       -2.18751619       13.66349946       -5.85557228
      1      -12.58990313       -2.36970117        2.14170423
      1        4.46942777      -13.38749283        5.42223912
      1       10.31674471        6.23227923       -3.57683782
      1       10.93505056        7.90503366        4.25707388
      1       -1.40758937        6.50675745      -11.38404001
      1       -7.61844386       -6.80861154       -4.06280809
      1        9.47082955       -4.77326149       13.01587958
      1       -6.42030107       -3.99167954        5.95363600
      1        1.58074558        9.15365624       -1.60614554
      1       10.76544226        3.41136779       -9.91906022
      1       -6.89816371        3.67874171      -13.34442541
      1       -6.66714560       -7.60046851       -0.87528188
      1       -0.04782886        6.27312654        5.02622332
      1        8.58855646      -10.76476725       -6.10417228
      1      -11.75605713        6.19303473        7.89505331
      1      -11.12934054       11.92792482       -0.64754239
      1        8.46115129      -13.12203824       -2.34730502
      1        7.58417039       -2.96125468       -5.28360243
      1       -1.13162838        7.84752749       -2.67144379
      1      -13.16815546       10.99536038        0.28364024
      1       11.66877402        3.10114409       12.38288048
      1       11.03126650       12.46211293      -13.14621328
      1        2.12653418       -9.72947775       -9.10367936
      1       13.88246302       -6.73332289        7.71073589
      1        0.66074817       11.34640528       -7.93416778
      1        0.82208628        3.94889238        9.11814597
      1       10.40390797      -13.07380369        0.89564590
      1       -0.11013389       -3.91137090        9.01065823
      1        6.22253385        5.49228686      -11.70522093
      1        0.91428491        0.96956243        3.01928762
      1        6.55516501        5.64146641       -5.85473529
      1        8.83602567        9.54727490       12.00947708
      1       -1.06639531       10.99103243        3.46848899
      1       -8.04132787       11.39204587        5.62459876
      1        2.44580376        5.54103373        8.50452347
      1      -12.33336227        0.00890933      -12.44582505
      1        4.15569574        1.14604242       -6.47426526
      1       -1.88887734       12.28536407        1.67534713
      1        8.74664619       -3.11263806        5.70747854
      1        2.65161497        4.57949353       -7.06313337
      1        8.15486434       -2.94707498      -11.64103318
      1       -5.65825856       -0.91133369       -7.95275519
      1       -5.43853044       -4.46437143       -6.37165988
      1       10.49909322      -12.35043492       -5.95635253
      1        5.09803226       -8.60476289        0.30389755
      1       12.75372831       10.23275486       -6.95592837
      1       -3.06368351      -12.14870243       -1.22856281
      1       13.38623523       -2.84925911       -2.77446548
      1        2.17991145        0.54911613       11.08890765
      1       -3.61263408      -12.33910047       -5.09645954
      1        5.95687813       -4.45067199       12.86044484
      1       -8.61895889        8.03907769       12.58978690
      1      -10.18380217       -6.32573806        1.87753376
      1       -9.10935702       12.44626603       13.89971757
      1      -10.98252739       10.73043267       -2.79230145
      1      -12.64262760       13.54047623        5.76470697
      1       11.82271551        2.36073647       -8.06891834
      1       11.50848429       -5.14817994      -10.38557652
      1        1.86859801        8.29448611      -13.55484828
      1       -4.29861700        0.67289139       -4.84651384
      1        6.94644882       -6.59207367      -12.35728776
      1        9.11141866        4.49414292        5.02496804
      1       10.55150179       -3.31296724      -11.68280038
      1        3.51480712        5.32708460        6.34387568
      1      -13.38683849        1.46329945       -4.44381063
      1       -7.70258883        9.90742309       -7.46418152
      1       -1.74743052       13.66873631        6.73825994
      1       -0.47860614       -1.21553381      -10.01914166
      1        6.83390505        8.20902726        0.26055811
      1       11.15632468        5.51465154        4.42117395
      1       -4.88641632        0.39692711       -0.29371162
      1       -3.81354954      -10.29714819      -10.78015128
      1       -6.77665176        4.79795775        0.72691067
      1        5.23186226        8.62812573       12.11852308
      1       -2.68350107       10.04535050       -6.36723560
      1      -13.79266918      -11.32405699      -10.99181607
      1        3.30877498      -11.21469249       10.22537065
      1        4.48195639      -12.51544999      -10.86054270
      1       -6.00142644      -13.95635509        0.99500387
      1        2.88234571        0.95519292      -13.08130753
      1        3.22563704        6.62854507        2.80627757
      1       -1.14130026       -0.05086224        9.48880066
      1        7.21654285       11.60562899      -11.49811053
      1      -12.61448782       -9.26233235        4.26610898
      1       -4.64692568        9.31043197       -9.52138931
      1       14.00123412        5.81556500        2.02793540
      1        5.03629116       -1.33377744       10.76055378
      1        2.90978488        6.61638786       -3.48924099
      1        0.81955937       -0.00488066        8.11015912
      1        2.16060934       -3.29831418        9.18201227
      1       -8.82255853      -10.62295969        9.90002925
      1       -3.13183035      -11.48822860        4.69108718
      1        1.16486233      -12.47351786       -1.68843256
      1       12.53454520      -11.14969341       -6.59581577
      1       13.66015733       -5.96584780       11.94101505
      1       -1.85460257       -1.83936098        0.56536127
      1       12.30277721       -0.53758361       -0.25446373
      1        2.90133021      -13.66661996        8.95638679
      1       -8.30804741       -1.54140391      -13.32512648
      1        3.21661426        9.02165971        9.02280486
      1       -4.72861690        4.39554551       -6.04793786
      1       -2.69866048       -1.11222453       13.35787751
      1      -10.08582549        7.11803505       -4.52995900
      1       -8.56350014       -4.94277758       11.09806493
      1      -10.70270587       -1.74314116      -13.21568730
      1       -1.00347131        5.98789812        1.03525391
      1       -9.89958203      -13.40408743      -12.87096181
      1      -13.45499098        8.80698315       -0.54631018
      1      -10.57829476       -0.74299428       -9.37854088
      1       -3.63266256       -0.03656789       -7.01154582
      1        0.44456734        2.92819687      -11.13927285
      1       11.40691821       -1.19960424      -10.98518189
      1       10.56292791       -1.28278504        3.02657854
      1       -0.58757664        7.95640203       10.01580317
      1        6.21660255        2.47945120       10.99297263
      1       -7.32031454        7.79275118      -13.11204106
      1       -5.54329480       -1.22017229       -4.11022640
      1        6.72045937       11.48341919        5.33074479
      1       -3.07737490       -5.53420681        3.34362283
      1       -5.56427303       -7.51554445        1.21258913
      1       -1.38065862       10.01918996      -10.22402420
      1        5.87870526        7.68614927      -12.56781698
      1       11.50642673       12.19778641       -4.06033589
      1        8.94832358       -6.87942910      -13.79671250
      1       13.83182461        5.28691347       -4.97684948
      1      -10.20994450        8.49855788       -2.56099189
      1      -10.50900719       -3.27436549        5.23331942
      1       -1.07379811      -12.88879164        8.84785158
      1        5.71816896       -9.05883946       12.67170515
      1       11.64297536       -0.02154161      -13.13072875
      1      -11.28747674       11.91525917        9.24117814
      1       13.78542888        1.24817406       -0.91880313
      1      -10.02750133       -8.48690379      -10.21732998
      1       -8.13853746        1.00792313        9.31877092
      1        3.92992475       13.08771486      -10.31946565
      1       -7.89363178        4.38678279        5.32596561
      1        2.88349734       -0.99354559        9.18963104
      1       -6.78288900      -12.00765072       -7.76959155
      1      -12.34305821        6.70054851        3.73224157
      1      -12.84045589       10.64196199        2.66303827
      1       -5.12910247       12.12316859       13.06184467
      1      -12.90179471       11.78907768      -13.23625206
      1        8.28784970       -5.50468336        5.53721278
      1      -11.95284695      -10.55848277      -12.50115133
      1        5.85311802       -5.61554242        5.58805864
      1       12.95549995        7.86770433       -7.62899653
      1       12.39347694        2.23414568        2.34848633
      1       -2.79597758        5.04683428       10.27647087
      1      -12.25385739        0.55111706       -2.35531221
      1       12.54987831        8.39513183        9.49078906
      1      -12.25869735       -5.41782400       -9.00108361
      1       -6.24412477        3.18858456       -2.60903990
      1       -2.55592947       -6.91306387        8.81369509
      1       10.39966530       -6.23743546        9.29479633
      1        8.91352211        9.57253618       -5.65868677
      1      -10.40803242        8.23469096        7.66485954
      1       10.11364115        2.79843890       10.47037331
      1       -3.94355882        8.04502639       12.85694083
      1       -7.24277796      -12.97867121       -3.02474331
      1       13.56336547       -5.99574895       -0.70919302
      1       13.50050240       -3.51927694        8.77057764
      1      -12.56480808      -11.82434467        9.97805409
      1        9.69332695       13.50317586        9.93365314
      1       -6.53482279      -10.43077689        8.99416183
      1       -1.00246595        1.54001532       11.32831891
      1        6.34326764       -0.57791859        6.69683845
      1        8.73689457      -13.15505801       11.80695157
      1        8.03994408       -6.76894870       -1.17288733
      1        7.59657020        9.11414010      -11.30747598
      1       -9.31568355       11.42252941        0.92397945
      1        4.39497281        7.71891397       -7.17008955
      1       11.98677791       13.24381805       -9.01466065
      1       -1.40769701       -6.19814784       -9.02211110
      1        0.46680877        8.17383286        6.42050158
      1       -9.49731520       11.66699509       -4.39718334
      1        4.71822375       -4.60199320      -10.18795572
      1       11.40248135       10.11468753      -12.85315299
      1       -2.20374536        1.11807411       -3.77877105
      1       -6.84802006       -3.86815844       12.35607313
      1       -1.63307289       12.35402947      -13.01379993
      1      -10.74601578       -0.38522003       11.22154243
      1        0.86974594        0.77075750        0.62231503
      1      -13.14493577       11.79823041       -6.77625314
      1       -4.91815702       -1.15654736        8.60143263
      1      -12.45545719        3.48763156       -5.32623668
      1       -3.73437397       13.48034791       -1.97575288
      1       12.97814493      -10.37319586       -8.93386557
      1       -1.75841159        4.92625529        6.15339824
      1      -12.82541018        5.76806777      -10.33389158
      1       11.63266740       -7.85481349        4.56232757
      1        3.54021346        3.39227622        2.92361083
      1        8.59503778      -10.37930320        5.44111706
      1      -12.22307428        2.40750342      -12.61252878
      1        3.96901324       -3.97930330       -4.76289051
      1       -9.96666863      -10.88401882      -10.98384065
      1       13.04187348       -2.46319908        6.55222184
      1       -5.36458749       13.48177791        4.90874413
      1       -5.16343138       -8.98019743       -2.17934270
      1       -8.45937148       -2.34415305       -6.83661361
      1       12.39505486        5.36377539       12.74255830
      1      -13.36803290        2.16702455        1.12096512
      1       -9.61212558        9.77595507        4.88388770
