 run_id:         1003
 total_energy:   -2144.09236240000     
 S   100.000000000000        100.000000000000        100.000000000000     
      6        0.73734300       -0.21941600        0.05085700
      1        0.86994100       -1.21829600       -0.34918200
      1        1.06724400       -0.22309500        1.08358300
      1        1.37855400        0.45472300       -0.50570200
      6       -0.73755400        0.21944900       -0.05085900
      1       -1.37896300       -0.45568800        0.50426100
      1       -0.87046500        1.21764700        0.35077400
      1       -1.06694600        0.22480300       -1.08374000
