 run_id:         1007
 total_energy:   -2144.09236240000     
 S   100.000000000000        100.000000000000        100.000000000000     
      6        0.76035800        0.03781700       -0.12238400
      1        1.28940600       -0.64911800        0.52812700
      1        1.13171900        1.03785500        0.06988700
      1        0.99817500       -0.21863500       -1.14835600
      6       -0.76056700       -0.03780700        0.12239300
      1       -1.28949600        0.64977300       -0.52754400
      1       -1.13212000       -1.03760700       -0.07070800
      1       -0.99832000        0.21785100        1.14857500
