 run_id:         1009
 total_energy:   -2144.09236200000     
 S   100.000000000000        100.000000000000        100.000000000000     
      6        0.75466400       -0.02097500       -0.15626700
      1        1.31773300        0.52542300        0.59192800
      1        0.95969500        0.42320600       -1.12377100
      1        1.11621500       -1.04296700       -0.17082700
      6       -0.75487500        0.02100700        0.15626500
      1       -0.96008800       -0.42455500        1.12309500
      1       -1.11610700        1.04309000        0.17233500
      1       -1.31808200       -0.52410000       -0.59276700
