 run_id:         1005
 total_energy:   -2144.09235930000     
 S   100.000000000000        100.000000000000        100.000000000000     
      6        0.76963700        0.01780500        0.04202700
      1        1.12327600       -0.58056900        0.87414500
      1        1.12379700        1.03298300        0.18175600
      1        1.21350800       -0.37239600       -0.86696300
      6       -0.76984900       -0.01777200       -0.04201900
      1       -1.12351900        0.58132200       -0.87360900
      1       -1.12395700       -1.03284300       -0.18265800
      1       -1.21373800        0.37159900        0.86731300
