 run_id:         1005
 total_energy:   -4104.3209971021879     
 P   27.848118434861512        27.848118434861512        27.848118434861512     
      1       -0.12220746       -8.77522116        6.80446414
      1      -13.07126871       -9.11378203       -8.04938467
      1       -7.80412768      -12.47148186      -11.84342533
      1      -10.22711897        8.36978045      -10.64132746
      1       13.08055582       12.85494486       13.51934145
      1        9.02558668      -11.07761468        0.77320573
      1      -13.84878054       -3.70500295       -0.69865950
      1       -2.93027874       -4.88123931       12.76403561
      1        0.74951601       -1.53869777        6.19923036
      1       -1.07643189        0.08349429       -0.52159610
      1       -1.44156709       -3.51706010       -1.26031557
      1       -2.72919787       12.89379495       12.68986339
      1       12.09448637      -11.51562363       11.65695870
      1        8.95444618        2.80674047       -4.39263074
      1       -5.60499004       12.06309088       -4.94232434
      1      -11.72211259       -6.13444004        8.05421982
      1       -5.33747211      -10.43501406        4.93614244
      1        5.61510436        9.34526779       -1.43690185
      1       -2.67697671       10.40798889        5.16377947
      1        8.68764253       13.05989485        1.23173714
      1       -2.32838906       -9.64158959        1.52150295
      1        3.11161524       -4.08818423        7.12284121
      1        4.94478894        2.55942429       -9.94453549
      1       10.55115551      -13.39606981       -3.75074766
      1        0.24146903      -12.81507828       -8.59165903
      1       -0.23838560        9.67971392       -6.29944572
      1       13.02760029       -9.52355799        3.60921996
      1       -4.98420490       -8.51070744        9.30906274
      1      -10.12418825        3.21839604      -12.22162779
      1       -0.32158505       -5.32107670        5.52022008
      1        4.88037125       -5.92355016      -13.51618967
      1      -11.04032991       -8.82073126       -4.86384339
      1      -10.84462135        2.83287297        3.38260384
      1        9.85105227      -11.13962195       12.41823166
      1        8.35090844        6.12330782       12.68231193
      1      -12.12966675       -0.62238056        3.70869193
      1       10.90865603        6.64268451       -7.47128898
      1        7.01065539       -0.67100823       -4.76290504
      1       -5.70049207        2.75845376       -9.45727541
      1       10.95576926        0.50869333        1.41328713
      1       10.90588003        7.18738611       -0.04510013
      1       10.74140868       -2.66915383        9.06766393
      1        4.52987450        0.84444320       11.54356122
      1        8.96350334       -8.97978419       -4.53384420
      1        1.15758322       13.02727672       -1.42038488
      1       -4.07099698       11.05900592       -8.10375039
      1      -13.40066446        7.67648617      -13.11445732
      1        6.72921779        4.97103008       -2.04443164
      1      -12.68774663       -7.32495107       -1.76522629
      1       10.10223334        4.87619212        9.07559345
      1        1.20183967       -9.34195592        0.88358846
      1        7.60916678        2.49137780        1.51488363
      1       -3.20432642       -7.69971440       -5.28943395
      1       -0.07804755       -6.17830464       14.79097778
      1        6.93187584       -5.83562822       11.16673745
      1        4.65716720       -3.10097679       -8.25036820
      1        1.81524183       -8.74405092        3.15508447
      1        5.73715044       11.81754164        9.43617766
      1       -0.36395887       11.77616486        7.39142579
      1       -4.41166163        4.44358652        0.44673234
      1        2.31260533        3.21069020      -12.56593548
      1       -8.90357260        0.73843046       -4.30991003
      1        8.15880181       11.67131046        9.36675684
      1        5.35772028        0.13320394      -10.43623456
      1       -7.31123002       -5.86035739       -6.20284412
      1        7.13261356        5.17781255        3.65097934
      1      -11.68464331       13.24465983      -11.72470926
      1       -3.13331251        7.16820806       -3.95874687
      1       -0.01957257       12.18134624       -3.28175826
      1        7.17659243        3.13370387       -9.33401024
      1       10.47145256      -10.42906888      -13.09399673
      1       14.00473615        9.76975218      -10.08580029
      1       13.39913754       -6.64996305        1.52782087
      1       -3.34945029        3.44982119      -12.76943166
      1       -1.51212926        1.93389192      -12.19344513
      1        3.05613905       10.76190015       10.79124568
      1        2.62972244       -4.30082340       11.27752675
      1        7.71313977       -7.84002483       12.24753982
      1        3.75404432      -10.91693440        7.68699247
      1       -4.01882097       -1.05146589      -11.22702270
      1        7.19753401        7.56149669        9.07894380
      1       -8.82281840        3.97073804       -6.26627612
      1       11.18464809       -8.70521854       -1.45983003
      1      -13.45150668       -0.36834277        5.77215208
      1        0.90866970       -5.63625946       -9.41577923
      1        5.63011713       -9.64038727        2.52284069
      1       -0.71914816       -2.48390453       -8.00662502
      1        9.60724270      -12.76571623        8.12069164
      1       -2.24155410        3.31038114       -2.74988532
      1       -3.68697744        5.79122346      -11.79692022
      1       11.96173128        4.58908779        2.33730522
      1        0.63486915       12.44135275      -11.94331220
      1       -7.81087981        0.37777769      -12.16001832
      1      -10.24062433        9.52754364       -7.38448049
      1       -5.15206509      -13.71714562       -3.83136739
      1       -9.98877470       -6.83525336       -3.97039608
      1       10.19630226       -7.96450291       -7.86095220
      1       13.15392013        9.50841019       11.48801052
      1       -2.13579637       10.12233882      -12.46874323
      1       -0.10628554        6.17239395       -1.23108678
      1       -4.79065212       11.75781000        8.16421161
      1      -12.65379782       -1.59244879       -3.64941011
      1        9.18085747      -13.06286026      -10.72609927
      1       -8.66950594       -4.77058915        5.14837288
      1       -9.90394546       -1.25290169        4.17749036
      1        2.97003728       -2.18619650        5.76048855
      1        9.78511124        9.84948958       -9.34700083
      1       11.44810215        5.35531912       -5.51147262
      1       -4.02271635        1.35317215        2.80129580
      1       -3.23242154       -9.10925461      -14.02106127
      1      -13.78187693       13.71343397       -8.08871463
      1        1.33093309      -11.96681223        7.73323216
      1       11.22419400        6.92592467      -11.14405737
      1       12.98698587        7.69607770        0.97952013
      1       -3.35274945       -2.91127059        8.57784196
      1      -10.58848088      -13.17183724        5.38178177
      1       -7.76759872        4.83623411       -1.61268354
      1        8.66314783        2.49324041      -12.96195716
      1       -8.79804606       -8.62018709       13.07237952
      1        8.89861126        2.10234678      -10.61716955
      1       12.61677502        5.98627594      -12.93223549
      1       -9.27979344      -12.16501591       -0.18748269
      1       -0.90918106      -13.30115847        4.68136972
      1        6.01198599       -8.49026194      -11.26942054
      1      -13.04613523        6.85276403       -6.58157751
      1        2.59570624       12.37461671       -6.88755765
      1       -8.06363913        6.38956688        4.03828703
      1       11.31162096      -13.87764224      -11.30298979
      1       -6.80946678      -11.08404296        6.68186245
      1      -12.85229676       -5.52403362       -6.73366704
      1        5.11051464       11.23954418        7.13138300
      1      -12.87122749      -10.52243303        6.25291011
      1       -2.73413927       -2.56586386      -12.54988917
      1      -10.91785178       -4.92178564       -5.19931401
      1        5.39477919       -4.48833460        7.58797225
      1        6.04202993       -6.42947118        0.17915638
      1        9.48221537        2.15237461        5.25945469
      1        2.84644652       -9.08732347       -0.76972681
      1        6.35365616      -12.80547702       11.36965701
      1       13.10690786      -11.87904611        3.78687376
      1        9.61688881       -3.25622241       -1.76784001
      1       -1.05422168        0.65553068       13.58664283
      1        9.26204039        9.79988624       -2.01941599
      1        4.02631433        9.17721066        6.81771815
      1      -10.86495027       -4.22661961       11.12044048
      1       -6.08460697        8.62412604        1.18409180
      1        1.94152150       -5.80397598        5.84880935
      1       11.44358077       -0.99622794       10.60377919
      1       13.65781335        1.76483852       12.18162503
      1        7.77364351        1.14383144        7.67410233
      1        0.27318115       12.12930149        0.57361447
      1        0.03038651        9.16930231        2.39271456
      1      -12.27583448       -7.03791298        4.89958565
      1        8.33779090       -1.97527195        3.64812828
      1      -13.48663591      -13.36754067       -4.07817912
      1       -2.95121001      -10.24175661       -8.57178416
      1        1.94954913       -2.76125036        1.61876304
      1        8.88985084        8.46309324        5.35552143
      1        1.53531006      -13.76943580       12.53932306
      1        2.16667193        6.85599221       -1.19959763
      1        4.43775423       -7.01075748      -10.06607879
      1        5.73890243      -11.44605239       -9.17110870
      1        5.07427207        1.30810696       13.82364216
      1       -0.19137591        7.09853745      -13.42459849
      1       12.95011036      -12.66187586        9.72239144
      1       -8.20578189       -4.08536288       -0.96286181
      1        5.97402444      -12.48634761      -12.70473586
      1       11.14118376       -9.13722282       -9.72831967
      1      -13.07371984       -9.47965283        9.94484124
      1       -1.16688103        7.24414385        3.15052995
      1       11.76129825       -3.36359806        2.80956563
      1       -7.15685139      -12.36912487       12.16621811
      1        7.31330538       -9.82567454        9.32277812
      1        1.57895655      -13.33607500       -6.51064114
      1      -11.66948299        9.71761606        6.15204355
      1        2.54452838       -6.38769080        3.58347857
      1       -9.60289207       13.51278368        8.78420363
      1       -1.90521617       -4.20504205       -5.41043087
      1       11.57390204       -9.58699637        7.96473827
      1       -2.07968094       -9.53747670        3.84445932
      1        8.25074998       -2.34202020       -8.88400157
      1       -5.08374942       -6.62572587       -8.94861021
      1      -12.37470354       -6.02128449        2.78391714
      1       -6.62571730       -0.80209235        3.06318462
      1       -2.68336860        1.65214472       -8.39791853
      1       -5.88811285        8.45519986        6.37797726
      1        0.83408213       -4.22206586       -1.62934619
      1       12.72023442       -9.29313114       -5.09393278
      1      -10.19713036       -5.06704938       -0.15496637
      1      -12.63557292        5.53699982        5.74749619
      1      -13.65189708       -2.18977192       12.63921638
      1       11.00811244        3.05642187       -5.73972849
      1       -1.95242133       -2.43144035       -3.56791806
      1       -6.08290841        1.05809316        1.69529424
      1       10.35516129        3.45665532       -0.94330267
      1       -9.71009605       -2.89466813      -10.26928783
      1       -6.41479622       -7.10239034      -10.82911968
      1      -11.35378498       -2.28242228       12.45200279
      1        3.35092769       -0.65384728      -11.45139162
      1        1.29445384       -9.78482096       10.14177193
      1        3.95392929      -11.26750636       -1.29854219
      1      -11.56129499        5.85523249       -8.25837597
      1       -5.71654369       -7.29234264       11.27152628
      1        3.59829088       -2.68795309        3.44976418
      1       -9.53537433        5.75231175       12.36688783
      1        9.16676381       10.72468616        1.84389068
      1       -0.71876872        5.70856881       -5.75541441
      1       -1.55923061        7.81149552       -9.27766989
      1       -0.11844133        5.29656176       12.88766003
      1       13.15406122        9.07265268       -2.55072787
      1        4.62542822        9.41746304       -5.23976804
      1       -2.88652086       -5.43524225       -0.99416325
      1        0.14473696       -9.67519517        4.64475866
      1       -4.61503789      -11.11783227       -6.95260130
      1       13.29333100       -1.77984166       -9.52851285
      1      -13.34006441      -12.49721636       -6.35861626
      1       -1.67322142      -11.81505246        0.78225246
      1        4.89317775        3.27975042       -1.45359075
      1        3.75948022       -9.05494812        6.22468376
      1       -7.34387125       10.60200740       -3.89752162
      1        9.97295305       -5.32431044       -0.58029878
      1       11.41625838       -1.67566472       -2.20385304
      1      -12.56000104       -0.24679358        9.64571563
      1        9.93987766        8.90611210      -11.52311590
      1      -10.41328335        3.78010262       -8.03758233
      1      -11.07395761       11.36342403       13.02968459
      1       -2.29566798      -13.33593174        2.52099255
      1        6.20560037        5.93404476        0.07552054
      1       13.88018824       12.17550987       -4.56753299
      1       -0.94437758       -7.35595887       -6.51782968
      1        7.93068707        5.66090960       10.33211151
      1       -5.20352158       -7.82556800       13.54070527
      1        4.28490100       12.31282822        2.20849646
      1        0.86694406       -8.93942253       -6.75931990
      1       -6.40550081      -11.49248762      -13.64203223
      1        1.75008267       -0.49633209       -9.65487086
      1      -10.64111590       -2.76010756       -4.06336421
      1       -7.64955450       -3.71407878        1.35874913
      1      -13.46688789        6.14086851       11.47630721
      1       -5.50591540       -2.38246196       -9.86518654
      1      -12.91923961       10.02031128       -3.99520051
      1       -8.28400041        7.85960236        5.95017201
      1        5.36830005       -9.03632351       -4.02558193
      1       -2.86433455        2.83492644        1.30914879
      1       12.12354678       12.93707878        9.72541042
      1        7.09812592       -2.74406976        7.41022035
      1       -8.85456915        5.66766348        7.33274811
      1       12.20075933        3.80020169      -11.84067224
      1       -4.96806562        9.96862010       11.84998671
      1        1.01111146       -8.11768649      -12.22148974
      1      -11.27244560      -13.51227604       -0.78610548
      1        3.12472340        1.18386604        3.77875180
      1        5.08801374       13.26297898        0.13756090
      1        5.81450690       -4.21636614       -6.40098915
      1       12.07409455        6.90970454       -2.15737690
      1        0.85254973      -11.82779899        5.33819553
      1       -3.11297598        0.47767627        8.21770218
      1       -3.42143323        5.32973271        8.00510113
      1       -4.71498368      -13.08670538        2.98024707
      1       -4.74122567       -9.75310293        1.24396418
      1       -6.65488446       -7.67027291       -7.51990241
      1       -2.44288349      -11.11090406       -3.30865308
      1       -2.86338416        1.66066067       -0.74864339
      1       -7.86914942      -10.84306239       -3.81780033
      1       12.91726799       -9.00892809        1.35708834
      1      -10.17894784       -6.45160475        6.18930805
      1        7.46357631       -0.98607674       10.75062721
      1        9.38358100       -2.69585085       -6.76413855
      1        6.92220046       -7.78957104        8.15753271
      1        5.51828147       -6.18417201        9.31975904
      1      -11.48523470        3.97171893        9.09559722
      1        5.24718124       11.01687441       11.93405863
      1       -6.21027315       11.85433685       -7.29175827
      1      -11.81012480       -6.28578095       11.77676889
      1       -0.07117877        9.81806812        0.05346720
      1       -5.58103299        3.79487081        5.75080488
      1       -9.69546358        7.31057012       -8.57166485
      1        4.76987376      -10.66152314       -5.69957903
      1        8.99385184       -4.81483206       10.63747495
      1       -7.50630584       -2.82576351      -11.35172565
      1        9.69491317        9.78111070        7.17504815
      1       -0.71908523        0.80973650       -5.69307925
      1        2.09085071        5.07731939        4.35828889
      1       -6.75720858        1.10674170       -1.53158061
      1        2.21333322        6.21660520      -10.36224490
      1       -4.90687431        7.70434270      -12.88896827
      1      -12.19390990       12.61069113       11.35225356
      1        3.24233981      -12.79937237       -3.07847334
      1        1.00442177       10.07402274       -4.00386832
      1       -6.23326881       -2.27450166       -6.11071180
      1       10.67414775       11.27164634       -6.05445160
      1        3.94966862        4.49387818      -11.20078157
      1        2.74950592       -7.27190768       -6.31008079
      1       -4.19522793       -1.91838152       -0.34028368
      1       -7.00012886        1.06033734       -8.24374125
      1       -0.10976634      -13.78338539       -4.81848224
      1       -9.80616925       -9.88759420       -6.61339827
      1      -13.28276877      -12.73084305        0.30760114
      1        0.69718526        7.47366388       -4.31172272
      1        4.60724335       -0.61639373        0.44098086
      1       -8.51021117       -2.30087755        8.39133770
      1       14.89727092      -13.00220948        2.60304202
      1        7.21556318       11.07375120       -1.99713844
      1      -10.22130741        4.36570153        1.69462722
      1       -7.68722027        7.07469951       -4.89535453
      1      -10.99016520       -3.83603959      -12.11238345
      1        4.01963613        9.99651561        1.84962998
      1        1.59481145       -7.47585285        9.51311910
      1       10.13928469        0.53327776        7.18798535
      1       -2.68851584        1.17753244        6.00610852
      1       -7.55378964      -10.75854468       -9.72797569
      1        1.00093057        3.06300323        0.02384940
      1        2.98963792       11.11141046       -4.89766147
      1       -3.85354407       -5.42062421       -4.86884240
      1        1.27468667        1.79460986       -9.14856087
      1      -12.86321288       -0.16362574      -10.08520041
      1       13.29151608       -6.27922622        5.43530759
      1       -1.65210321       -8.66614085       12.11911830
      1       -2.59302631       -9.37009388        9.99902526
      1        4.23806749       -2.91068965       12.38222622
      1        7.78904365       -3.28236696       13.82948695
      1       12.68283636      -10.09989052       -2.79109407
      1        2.14131487        9.51512025        5.44631429
      1       -7.30634990       13.09042281       12.38944124
      1        9.98686737        0.82691183       -7.75480072
      1       -4.16596185       -5.06642603        9.14567801
      1        8.30928516       -1.15360982       12.92873578
      1       -4.51725880        6.08837824       11.57195465
      1      -13.15128096        8.81227169        4.44649324
      1       -6.11565470       -5.36449383        7.84201672
      1       -4.03405381      -11.34712583      -14.09528770
      1        3.89194924        5.20570050       12.57912998
      1       -5.18949126       -8.94069961       -6.08912593
      1        0.73201592        3.81928062       -5.86398567
      1       11.01563354        2.31464495      -13.34540822
      1       -1.07173652       -6.31393782       12.27223075
      1       -8.07996639       -7.27950340       11.22069262
      1       -2.78499390        4.94582113       -4.64710018
      1       -7.97424580        4.40754617       11.08523701
      1       -8.61919669       -8.03504865        7.16009526
      1        8.95474125       13.09858600       13.55367850
      1       11.49554705       11.13580206        1.99560504
      1       -8.91377485       -8.46416235       -0.62974015
      1       -0.69136991      -11.94740408      -12.47439267
      1        3.44579211       -1.75635992       -3.87001949
      1       10.13689796       -5.71422257       -8.49946540
      1       -3.66539440       10.87620327        0.84415426
      1       13.67747946        5.12442920       -2.52501853
      1       -1.70810246        8.65856592       13.55024465
      1       -1.34406667        9.64333328        6.95059940
      1       -9.65413621        1.06138029        7.37173270
      1       -0.77587807       -4.86989399        3.19581106
      1        7.94531100        0.29735907       -1.32898694
      1       14.16703302        3.10515895        8.34751776
      1       -7.94294197        8.96135997       -2.09820049
      1      -11.39735326      -12.85292866       -3.06439009
      1       -7.73699509       12.67605292       10.04626669
      1       -9.64307780       13.42767040       -8.42181811
      1      -11.65884482       -3.16644188        0.00740381
      1       -1.53716698       -2.34162429        9.98424044
      1      -12.41959535        4.34867131        0.76442444
      1       12.50608094        3.02588607       -1.97888559
      1       10.29425498       -7.31997407        2.62246359
      1       -1.56018835       -2.95905639       12.25380128
      1      -11.58716361        0.99000363        2.13617395
      1       -8.71822935        0.74628551       -9.91325418
      1        6.84800880        6.73382892       -3.74435455
      1        6.63076513      -12.10708397       -5.85805088
      1        7.97594760       -2.00917442       -0.62696328
      1      -12.21621143       -7.67523994       -9.71237181
      1       10.88956190       -0.18766168       -4.00609009
      1       -0.64350364        3.73514690        1.66102085
      1       -4.70459897        5.75902122       -9.56103093
      1      -13.38918059       12.76072891        3.62546905
      1      -10.72665380      -12.19362187        3.16453247
      1        6.37580600      -13.33518280       -7.86222455
      1       -1.70495359       -7.03560725        6.53243213
      1        9.13265020        8.24194920       -7.62799818
      1        4.08312027        7.35338078       13.71657305
      1       -0.31823425       12.69720635        9.61365792
      1       -3.16042665       -7.89979489       -8.14615921
      1       12.75020200       -5.68051168        9.59163384
      1       13.12150465       -4.00723203       -6.36921814
      1       -3.62384192       10.55760541        9.92139684
      1      -10.68123096       11.83548358       -6.62024105
      1      -13.52244812       -7.09889247      -11.61787167
      1        5.82831852       -7.94585651        6.06159361
      1       -0.74808995       -7.97700337        0.60794171
      1        4.30152748       -9.98137966       -7.93780602
      1        0.91256360       10.61518832      -10.29354397
      1       11.23298356       -5.41642819        1.56605437
      1        1.18250760       -9.98660366       -4.55130182
      1        3.98194489       -0.43636641        7.05550283
      1       -1.93803046       -6.38613950      -11.50605518
      1        7.36226111        0.56164083      -13.54541190
      1        4.62960163       -0.54608973        2.92785498
      1        5.62514972        3.60609385       13.13431066
      1        5.61594817      -12.40051476        7.33921150
      1        6.31086831        0.22831313       -6.86024907
      1       -0.31832388       -9.90503151      -11.23621450
      1        9.00941281       -9.39434615       10.97808797
      1        8.08753348        1.27112268       10.07977653
      1        1.86801743        4.04831515       13.05302132
      1        5.69139064        3.34104780        4.05217386
      1        7.60521618        8.35422149       13.01668592
      1        1.34942717        7.67115698        8.60990876
      1        2.19205610        8.60997698      -11.13828934
      1       -2.94972275        2.83730839       11.03775194
      1       -8.61394737       -1.05388376       10.44121841
      1       -9.46444528        2.72445836       10.30436950
      1        7.63521147        5.46692043       -9.65722577
      1       -9.26563073      -10.43369618       -1.87128233
      1       12.00462861       10.82654640       -9.13555060
      1        5.62584302       -2.74133187       -0.00298509
      1      -13.05932114       -6.33961150       -3.86897702
      1        3.22604800      -12.16346414       12.61041678
      1       12.42576397      -13.55052663       -0.46602131
      1       -5.82349180        0.36929937       10.33012682
      1       -4.90571499        0.02040899       12.86046462
      1       10.68954491       -1.27072895       12.92828120
      1        6.70699879       10.52419405       -5.76431866
      1        0.49536485       12.65047900        4.10704166
      1        7.77529551        9.91897079        3.74973826
      1       -8.12310361       -4.57797794        8.83496284
      1       -6.93662218        8.87748011       11.01536669
      1       -5.28145071       -3.56955574        1.04545075
      1      -10.40146138       -6.88827498       -1.62448472
      1       12.81920712       -9.28311122       11.28008358
      1        3.27277601       -2.40561276      -13.22334178
      1        5.76356618       13.15107462        3.94082425
      1        7.38286929       13.10540191       -0.74744292
      1       -3.41604118       -4.91142718      -12.73130983
      1       -4.90094755       -5.05847623       11.41943462
      1        3.57258650        3.93324228       -3.46934152
      1        0.98997759       -4.66721980      -11.57270775
      1       -6.58191227       -1.81086615        6.99502008
      1        8.35924342       -2.76576239        9.46146736
      1      -11.90250375       -3.94356700        8.92207100
      1       13.10112004       -2.36588809        1.10589000
      1       -6.93250732       13.25025630      -11.00719853
      1        4.49029857        9.12329644      -10.87036633
      1      -10.69459340       -2.50438388        7.46975141
      1      -10.41469007      -12.06772956        8.88673120
      1       10.21897957        5.08568050        0.78434605
      1      -12.43287521      -12.91252453       12.08732573
      1       11.19878148        9.13885337       12.77434106
      1        4.60874985       -4.97428834        3.57687773
      1        5.08555053        7.15916913        6.02907377
      1       -2.91168331       -8.72412343       -3.08229251
      1        6.65584695       -0.39605756        4.26271515
      1        9.48151512       -0.27834617       -9.88248205
      1       -0.08056769       -0.92938648        4.07013527
      1       -8.13239705        9.36278938        0.23597116
      1        2.09753650       -4.75798510        0.31585657
      1        6.14905894       10.82221910       -8.03224817
      1        0.70753304       -6.19290685        1.80864576
      1      -10.32156742       12.01018516      -10.28476229
      1       11.18084655       -3.42699002       13.88415231
      1        4.56833772      -12.38769532        0.68202446
      1       -5.92274513        4.22641681       12.39254357
      1       -7.76959388        5.58463906      -12.28372360
      1       -7.97148201       13.10680098        2.08461978
      1        4.88521483       11.38145508      -11.72102921
      1        5.11529661        0.02970727       -3.46276682
      1       13.32389491      -12.65797873       13.31780971
      1       -4.53242680       -4.88750253       -2.65238818
      1      -10.68915860        9.22125239       11.95602608
      1       -3.11638131       -7.53866154        4.67179015
      1       -5.72182094        2.56235124       -4.88499309
      1        7.76909067      -11.32011815        7.52467303
      1        5.43099802        6.94886262        3.69277035
      1       -2.25577991       11.66630899       -2.64460878
      1       -4.82325265        1.64706302        5.07215029
      1       -5.18128885       12.07256707      -12.33165036
      1       -0.08512960       -5.68510176       -4.99816959
      1       11.56454986       -6.39024179       -1.95685137
      1      -12.05883741        2.25356403       -7.36824571
      1        7.97513633       11.42083185       -9.42100733
      1       -5.04498609       12.29408687       -0.41362554
      1       11.97896736        2.34885964        4.71654274
      1       12.54867526        4.90853490        8.34129691
      1       -5.39267923       -8.05997771        5.08175272
      1      -13.24487416       -4.73269851      -12.17935072
      1        6.74334397      -13.44078304       -3.91793426
      1       -9.64158765       -8.65286190        1.68279163
      1       -8.54003567      -12.28089950        2.14639835
      1       -2.82162766       -2.74025029        6.20338387
      1       -8.23724662       -5.49443166        2.94064616
      1      -11.59921668        4.75053423       11.50655907
      1        9.45051815      -10.61520115      -10.82800844
      1       12.28783102      -11.96654512      -12.44432789
      1       11.95619704       -7.39544935      -11.22721260
      1       -0.20435278      -12.14961556       12.95488739
      1        3.37159683       -4.50618385      -12.15672368
      1       -8.64832853       -1.63784326        2.18377767
      1       -9.90680389       -4.94569443       -9.12525700
      1       -0.59916671      -10.27235888        8.70731856
      1       -4.19156258       -2.53408658       -2.66166906
      1       -7.48737630       -0.56936846       -2.99469029
      1       -3.02361893      -12.22417766      -12.07907940
      1       -8.87696677       13.42953005        6.51072832
      1        6.59692970       -5.44495097        2.26052986
      1      -10.42360844      -13.20488536       -6.14943177
      1        2.07800770       -8.86594571       13.68629709
      1       -5.44922399        0.31992831      -12.59004943
      1       -9.96224262        5.39351272      -13.09862114
      1      -11.44318573       10.06990997       -9.49515857
      1       -5.87275230        7.06504729        9.88544871
      1       12.53300564        9.13352957        2.76941147
      1      -14.08104272       -0.12067622       13.74930795
      1        2.89344428      -12.07936408        4.16850493
      1        2.40475323      -11.37033471      -11.07618163
      1        8.85432371        8.13934820       -3.75063381
      1        8.03169597      -10.95159219       -1.36089543
      1       -9.88738816       -1.03381245       -5.52357526
      1       12.88999253        5.76792654        6.15783212
      1       13.16683287       -3.97762982        4.72395922
      1        7.08231543       -7.60385117       -4.79620511
      1        1.63681787       10.13740385       12.70559743
      1       10.06671564        5.62100046       -9.51969484
      1       -9.04895714       -2.26242294       -2.28763556
      1       -4.40711743        2.09025258        9.37541951
      1        4.18897076        5.60498818       10.22008476
      1        2.75742419      -11.71511369       -5.10448848
      1        4.35234298       12.15470264       13.88304370
      1      -11.29098425      -10.44364197       -3.05960397
      1        2.31556769       -1.04190698       -0.01937237
      1       12.98259208       -1.69689114       -7.08501470
      1       -6.87350381       -9.18544988      -13.38835382
      1        4.43262390       -4.82001872       -0.65031056
      1        4.78547999        3.35340017        6.22288133
      1      -12.89101251        8.21729248       12.43789153
      1        7.07285808        7.00111640       -7.92073350
      1        6.73059999        3.33424962        7.57975091
      1        4.91800234        8.03767472       -3.34814680
      1      -13.50805724        3.48744387      -10.89052204
      1        3.32231058        3.67345666        0.47083865
      1       -3.82329924        6.88795010        3.36686094
      1       -8.79632194       -6.51666051      -10.67538097
      1       -7.35622344       -4.52099673      -13.21124392
      1       -3.81332168        3.88886651       -8.20781215
      1        1.28751257       -3.84222347       -7.78958787
      1       12.98627954       -4.77244631       -4.04844834
      1       13.40844263       -4.20826634       13.59242569
      1        2.60155365       -1.87878554       -7.85802059
      1        3.13060510        1.60975604        6.17776530
      1       -3.20139075       11.72289984       -4.84733208
      1        8.01420228       -8.84113196       -7.69394583
      1       10.94678919       -8.49339950        9.99154016
      1        4.69925584       -5.42530160       -3.01884649
      1        3.40996946       12.91652852        6.88872777
      1       -4.29075417        2.48674455       12.92515679
      1      -10.09793226        6.43529092        2.79285676
      1       -9.29431230        3.06024373      -10.00160602
      1      -10.09800508        1.76684456       -2.37779278
      1        6.98025162        3.31263437       -5.55404923
      1       -8.72788359        1.56361699       -0.30871566
      1      -10.04978049        8.12990237        1.14209843
      1       -4.59016876       -4.30363694       -8.57990333
      1       -4.85939968       -2.35892745        2.96850788
      1       -0.07239273        7.49625948       -7.37634623
      1        7.86550152        4.84373070        1.44585874
      1        0.63154858       -4.28006418       12.69942032
      1       -6.17894956      -11.05894979        2.72914403
      1        7.74873520       11.62043648       11.99137837
      1       -0.61566780       -3.40209535        6.75914597
      1       -1.04809155       13.10551307       -7.94555551
      1        1.00219297        2.25599716        7.30604673
      1      -10.14890081        3.39562248        7.08837232
      1       -0.40918017       -2.66792826      -11.87766436
      1       -6.76359568       -5.61331944       -2.15597390
      1       13.49914921      -12.52287200        6.03817872
      1      -10.68547002       -7.23104453       13.69285490
      1       -2.23043436        0.41448677      -10.43898830
      1        2.67222152       -0.55602162       -5.77602819
      1        8.95377709       -8.88275704       -2.14308702
      1        7.49531069       -3.26602606        1.76746476
      1       13.32985547        7.45701753      -10.02463842
      1      -13.16128470       -8.02976963       -5.82122284
      1      -11.67813441        8.55072137       -5.62713527
      1       -0.46583645       -6.15947234        9.88018991
      1       -6.50242501       -8.94712659       -4.09807797
      1       -4.31413965       -3.89751984        4.69993806
      1        6.66113553       -6.71900279       -7.02090584
      1       -3.52495747      -11.36353569       11.31928634
      1       -6.97320636        6.84495484       -2.64368356
      1      -14.24127247        1.41265385        9.83856917
      1       -0.53339296        5.61805306       10.54985459
      1       13.77053176        9.85516522      -12.39462282
      1      -10.42142137        4.67842382       -4.61003809
      1       -6.23732143       -7.64043660        7.30229224
      1       -9.07646903      -10.86388477       12.26863390
      1        5.05338517      -13.47423059       13.24960356
      1       11.12986573      -12.98010245        3.13020919
      1       -6.87236377       -7.49553057        3.20920823
      1       -9.91274380       -0.12665441        0.78297749
      1       -2.25659114       -0.81312525        4.86637429
      1        0.02769604        5.07522573      -10.17349984
      1        7.43980071        4.52935152      -13.51046462
      1        9.03016381        4.41111231       -2.65330436
      1        7.51782001      -13.46696979        2.91507789
      1       11.82633644      -11.91686469        7.81228721
      1       12.16658500        1.84411379       -4.03320879
      1      -10.05463566        4.17206066       -2.32943973
      1       14.04537641        6.54895547        9.19354174
      1        3.44718213       12.29759207       -1.27937191
      1      -10.23391767        1.69037446       12.30552612
      1       -0.43137320      -10.47071936       -8.71434884
      1       -0.44874824       -0.67583791       -2.70531294
      1      -11.49009639        6.83038045      -11.94772728
      1       -1.75398332       -1.35149509       -6.12910831
      1        4.70042411       12.71586005       -8.08618360
      1       -8.12771652        9.21657964      -11.37131249
      1       -2.27900831       -4.26746991       -7.92099571
      1       11.76340782       -0.13693216        5.00846829
      1      -10.21601900        9.78376272        9.59142267
      1        1.87580850       -8.29285377       -2.87493477
      1       13.66354286       -1.81938884       10.39412720
      1        9.04311832       -6.93953850        7.34473211
      1        1.96662383       -7.74171880        7.14898697
      1       10.81142705       -7.90296179       -5.50139945
      1        7.00431226       -4.83250124      -10.72785688
      1       12.03908627        9.63081705        7.49642954
      1        5.59855648        0.88458730       -1.25369084
      1      -10.89785716      -11.84041323       13.52703734
      1      -12.60615701       11.68698518        7.26776451
      1       -5.34359402        3.93509673        8.09809165
      1        6.10031875        4.32980981        9.63102895
      1      -11.67365781      -11.01737553       -7.50520118
      1       10.69688279       -5.71763765       -4.41144971
      1      -11.48923519      -10.03866346        2.29833929
      1       -7.22890003       13.58982343       -8.59145820
      1       -3.36882706        6.45972454        0.96423784
      1        0.74882357      -13.15623614      -10.97083076
      1        1.40541647        2.96063660       -3.74815514
      1       -9.50789664       -5.58775296      -12.76868858
      1      -10.83663280       -1.23229659       -1.08919809
      1        5.88052059       -9.87848842       -1.75795191
      1        9.13840551        8.89749220        0.16148295
      1       -4.07035740       -5.63386084        1.14111782
      1       -0.01081923        3.87840909       -2.02461300
      1       11.27386672        1.01737909        9.31591060
      1        9.15608451      -12.58737328        4.43340480
      1        4.60511869       -7.61746831       -7.80526937
      1        1.12147559        2.70814810       11.14631921
      1      -13.18394957       -0.56047375       -5.80335073
      1       -9.38770508       13.99451464       -3.94798293
      1       -6.90277910       15.36220811       -0.70672469
      1       12.50663533      -12.53741879       -2.70824681
      1       -6.07888320       -9.45581534      -11.06857011
      1       -7.29444090        6.40090093       -8.64252708
      1       -0.51054372        9.63069089       11.78998981
      1        5.32290355      -13.69566800        9.37434440
      1       -2.50027229       12.09313961       -9.51238584
      1        8.14598596       -6.80461525        3.49915530
      1        1.90939853       12.88962590        2.20397748
      1       11.97194640       13.24842183        6.01930621
      1        6.70570644      -11.59555809        1.64322660
      1       -1.54934652       -7.31249488       -1.60137176
      1        7.88159235       -4.96287920       -8.50222939
      1      -11.43677669        7.57410698       -0.77213312
      1       -8.15392783       -9.56654202        3.40268292
      1        0.73077369      -11.64511761        0.55678588
      1        0.96812066       -2.26602047      -13.81449229
      1      -10.48401217       10.06907912        2.58592407
      1      -12.77715453      -13.26941751      -10.10723143
      1       12.09757220       12.75529390        3.66390037
      1       13.12520634       -7.96199432       13.19345416
      1       -6.55480759        9.00437372       -5.58061060
      1       -7.15824109        5.26787212        9.02880178
      1       -3.70929277        7.55097302       -8.32503851
      1        8.49100074       11.84812489        6.87551249
      1        7.77041857       13.76148663      -12.35712354
      1      -11.65168949       -0.35681463        7.47422355
      1        1.82411489       12.83587715       10.51827701
      1       -1.76899161       11.49905051       11.03201185
      1        8.42164408        4.96704047        7.21266513
      1       -7.37292599        4.50241072      -10.13090036
      1       10.53240603       -9.10054059        0.87464884
      1        2.03783337       -5.02122044       -5.87188892
      1        3.32772397        2.58743442       -8.18878876
      1       12.76495883        8.15249466        5.79068686
      1       -7.68744383        1.92455279       -6.02194222
      1      -12.46667853       -3.92039919        3.86958129
      1       -4.38113520        9.80749193      -11.83102953
      1        2.30698421        8.87482087        3.11435922
      1       -5.25320380       10.26715259        2.69337717
      1        4.07620818       12.70916551       -3.49661521
      1       -7.07329742       -1.46593994       12.37083687
      1        5.41163192        8.64144221       -8.66087598
      1      -10.80872470      -12.35854797       -9.27080315
      1       -6.67135599       10.45777750        7.38002837
      1      -12.01580679        5.28999462       -1.36249529
      1       -8.75352925       -9.98963003        5.81351453
      1        1.66125080       -1.92790104       -2.19678900
      1       -6.25734289        6.55777690        2.40038077
      1       -4.15901557        8.24610510       -0.36105682
      1       -8.75160649        0.55564481        5.25430050
      1       -6.69786219       11.93563112        3.73526403
      1       -4.18232770        8.23105136       -5.92735791
      1       -6.52447075       -0.08314393        5.32781942
      1       -2.52529012        8.78150012        8.80454138
      1       10.81480293       -4.57628920       -6.59165712
      1       10.64290950        6.82731938       12.31921377
      1       -5.55368185       -6.01396928      -12.75902214
      1       -8.46050019      -11.69250769       -5.99988106
      1        0.40546896        3.22043397        3.77191609
      1       10.84268240       -0.89365972       -6.32023894
      1      -12.64838978       -8.40194662      -13.37048404
      1      -11.29621529       -0.04029771       -7.14896793
      1       -4.30223394        4.36028111       -1.88140729
      1      -13.12513009      -10.35140013        0.49394112
      1        8.69345412        0.56310402       -3.59485903
      1        5.49428248      -10.08723898      -13.03210307
      1        2.07378928        6.68731227       -8.05517747
      1      -11.46236854       -7.67619032        9.86917393
      1       10.20547310       -8.73872684        6.24615543
      1        1.25457868       -0.01152262       13.28868018
      1       11.49620224       10.77493741       -2.11867201
      1       -2.34140093       -8.74448847      -11.85010228
      1        2.15675165       -7.59006672      -10.18332839
      1       -8.61306887        2.54441055        3.96015505
      1        3.56740265       10.07414354       -0.54514221
      1       -3.71380822        4.97640831        4.78705629
      1       12.45109831       11.87303063       -0.14653579
      1       10.30407633       13.41555790       -7.29308967
      1       -4.42688358        8.94203058        4.48366228
      1       14.02199312        2.06068602        6.12392549
      1       -4.40744131        7.49392658        8.07801783
      1       -0.17647291      -11.73459979       -3.56095775
      1       -0.83564013        2.76034984        5.81841223
      1        0.34145919       -6.39384597       -2.75013595
      1       -1.36934251        4.71706412       -8.14359247
      1        7.39224788       -9.80599077       -9.81526853
      1        1.54577734       11.75807146        5.98972312
      1       -8.66736420        2.05566910       14.22525131
      1        7.81331566        1.97174032       -7.37074909
      1       -6.73623197      -13.43333763        6.67333994
      1       12.87590897       11.82647658        7.69580217
      1       13.86298565       -9.09212335        7.82975925
      1        1.95878611       12.19230128      -13.93636255
      1       -8.47790734       11.58520042      -11.75155809
      1        8.44288042       13.64877161       -8.74281160
      1       -4.65189320        6.74854158       -2.20888132
      1        7.07679788       -5.90341900       -3.16164067
      1        3.45657455       -6.47452667       10.66040325
      1        1.11713999        0.57400021       -4.23326601
      1        6.05927378        8.85888325        2.43577313
      1        5.60031751      -10.59595197       10.84875767
      1       10.59853759       -1.93122827        6.80988429
      1       -9.23802423       -8.37174210        9.44976016
      1        9.27714972        1.60451388        0.12615710
      1       -5.35534621        2.56369834      -11.84728112
      1        3.68121754       -7.39521039       -4.05420058
      1      -11.91372546        3.33878039        5.45939999
      1        7.11780936       -8.83133724        4.25788285
      1       -5.06690760      -10.90618785       -0.79596594
      1        3.89686812       -7.52461942       12.78975923
      1       -2.16300725        9.68383150       -1.16467759
      1        8.94292521        9.08265507        9.41814488
      1        0.38535492       -9.89268663       12.31180856
      1        3.18829060      -10.70186061      -13.29586391
      1       11.05616057       -8.09001540      -13.31935491
      1        7.53082638        1.74990360        3.81344878
      1        2.48012641      -12.69101869        1.90091013
      1        3.68678913       -9.89137459        3.96246255
      1       -8.53922226       -8.94359156       -8.39050226
      1      -13.06984268       -9.62399577       -1.76949609
      1       -9.19436557       -4.60581878       -6.87609885
      1      -10.64502436      -11.24276639        6.67628123
      1       -6.91992317        8.74193563       -9.35258679
      1       -3.24600057       13.24833583      -11.52726933
      1        8.75769081       -4.33740226       -3.72491405
      1      -13.73651801        1.93691180       -9.05780650
      1       -7.88008175        2.85873117        1.59152139
      1       10.57357597        7.25549478        9.95592332
      1       -6.95924679        5.47249237       -6.45379615
      1      -12.22265185        2.86234500       12.86473279
      1       13.39361079       11.86916603       11.40849558
      1       -7.90075131       10.36393063        9.46315621
      1        7.44723383       -0.51655880      -11.46562543
      1        5.02641609        7.79190777       10.06639620
      1       -3.08917471       -0.87382597        2.63763264
      1        3.73059558        5.99933675        0.51514204
      1        4.18800462        5.73299903       -5.62179045
      1       13.70551598       -4.14184681      -10.04246610
      1        7.37968119        7.06549719        6.75890166
      1        9.69877159       13.77241701        6.23534294
      1        5.00843632        2.27691278       -4.55831718
      1       -0.44682226        2.36522597       -7.55848908
      1       -5.59160535      -12.15326721       10.32715073
      1       -5.96292683       13.73491703        8.86041162
      1        6.36057546       12.06796608       -3.96093206
      1       -3.64983681       12.35210334        6.16600321
      1        6.11496753       -1.29680223       -8.62167374
      1       -0.31600840       -2.62856703        2.39611287
      1       -1.83539992      -13.02596185       11.36923286
      1       -2.19276043       13.66218675       -5.85063422
      1      -12.59450256       -2.35594696        2.14345330
      1        4.47121182      -13.38678478        5.42251813
      1       10.30809709        6.24180614       -3.59506074
      1       10.94753825        7.74753463        4.23884974
      1       -1.41095555        6.51067512      -11.37373591
      1       -7.61943945       -6.80908408       -4.06342157
      1        9.45851400       -4.76655424       13.02488176
      1       -6.42028818       -3.99119157        5.95436849
      1        1.57515584        9.15660521       -1.57982465
      1       10.77913262        3.44474813       -9.95796971
      1       -6.90275500        3.67673278      -13.34129524
      1       -6.66622111       -7.60110924       -0.87595541
      1       -0.05038308        6.27770050        5.04480224
      1        8.58412419      -10.78145121       -6.11863761
      1      -11.70663958        6.19316076        7.88787085
      1      -11.13056660       11.92706897       -0.64767026
      1        8.46055324      -13.12015474       -2.35195096
      1        7.58370994       -2.95617447       -5.28652534
      1       -1.14063988        7.85828688       -2.66645343
      1      -13.16738538       10.98960651        0.28559202
      1       11.66517732        3.07444708       12.35806439
      1       11.04297368       12.45049822      -13.18179776
      1        2.13705473       -9.74393085       -9.11217398
      1       13.88169833       -6.73180416        7.70963400
      1        0.65097980       11.32502413       -7.89871834
      1        0.84649570        3.97006534        9.13822958
      1       10.40834493      -13.07399198        0.88929834
      1       -0.10512008       -3.90552088        9.01313525
      1        6.21028582        5.50979801      -11.64671959
      1        0.91254301        0.96964723        3.02555176
      1        6.55543408        5.67674853       -5.88152451
      1        9.07840839        9.68585242       11.77637481
      1       -1.06849739       10.99067434        3.47819076
      1       -8.03573633       11.38840195        5.62693144
      1        2.48038017        5.56216023        8.54664816
      1      -12.33943539        0.00655015      -12.44438476
      1        4.15342981        1.15806429       -6.46757133
      1       -1.89209018       12.28549568        1.68528839
      1        8.75284283       -3.14519295        5.71607164
      1        2.63368518        4.58127307       -7.03798307
      1        8.14909695       -2.93655419      -11.64140358
      1       -5.66126243       -0.91372183       -7.95363655
      1       -5.43961713       -4.46636956       -6.37430088
      1       10.48131528      -12.38137113       -5.98737096
      1        5.10755724       -8.59305258        0.30507227
      1       12.70579503       10.23255627       -6.99532986
      1       -3.06221559      -12.14575483       -1.22887463
      1       13.38266181       -2.85039657       -2.77102241
      1        2.19280618        0.57407645       11.09633836
      1       -3.61597283      -12.33694159       -5.09733623
      1        5.95559604       -4.43955696       12.86011899
      1       -8.60246247        8.03219313       12.59221274
      1      -10.18429050       -6.32533865        1.87988021
      1       -9.10305737       12.44909751       13.90293746
      1      -10.98650764       10.73145650       -2.79354186
      1      -12.63472546       13.54211483        5.76067247
      1       11.81136865        2.38342565       -8.09195411
      1       11.50123767       -5.15036968      -10.38611300
      1        1.94408591        8.31541377      -13.52175424
      1       -4.30042488        0.66385375       -4.84367698
      1        6.94382345       -6.59755419      -12.34989489
      1        9.06157397        4.50075180        5.04362513
      1       10.54594961       -3.30502978      -11.67603673
      1        3.51241404        5.33514139        6.36808516
      1      -13.39214096        1.46682876       -4.44407455
      1       -7.71536950        9.90891546       -7.46489506
      1       -1.74430674       13.66595678        6.74353168
      1       -0.47224055       -1.21461865      -10.02213599
      1        6.83470806        8.20355589        0.27485366
      1       11.22671435        5.29202165        4.46680540
      1       -4.88657140        0.39139942       -0.28998710
      1       -3.81152625      -10.29476452      -10.78126014
      1       -6.77921466        4.79485791        0.72997043
      1        5.39917022        8.65985686       12.22003998
      1       -2.70137517       10.04379348       -6.35910401
      1      -13.80510994      -11.33644685      -10.99409680
      1        3.30473526      -11.22204693       10.23189937
      1        4.49129851      -12.55593368      -10.85123131
      1       -5.99993231      -13.95334582        0.99800938
      1        2.89710394        0.97517953      -13.08013566
      1        3.21177567        6.62925867        2.81750856
      1       -1.13327177       -0.04245380        9.49802000
      1        7.21839030       11.46956095      -11.67142217
      1      -12.61268215       -9.25931456        4.26869165
      1       -4.65948706        9.32047074       -9.52372472
      1       14.02169098        5.81374443        2.00697565
      1        5.03448836       -1.30199843       10.77422987
      1        2.93261857        6.55649072       -3.46284823
      1        0.82752033        0.00501404        8.11833356
      1        2.16543577       -3.28593727        9.18585927
      1       -8.82066831      -10.62339960        9.90335155
      1       -3.12945231      -11.48541045        4.69221553
      1        1.15310802      -12.47272714       -1.69065398
      1       12.51896499      -11.16786959       -6.60670332
      1       13.65369051       -5.96804511       11.94231487
      1       -1.85438692       -1.84400074        0.56941738
      1       12.29237647       -0.53354541       -0.24241669
      1        2.89894287      -13.66716440        8.95990502
      1       -8.31243133       -1.54422336      -13.32547992
      1        3.25461556        9.02636993        9.07004489
      1       -4.74003716        4.38445421       -6.04657570
      1       -2.69466277       -1.10736337       13.35880968
      1      -10.09344738        7.11991400       -4.53341594
      1       -8.56457329       -4.94231431       11.09725264
      1      -10.70781821       -1.74563017      -13.21447966
      1       -1.00326256        5.98992011        1.03981523
      1       -9.89870111      -13.40268207      -12.86815342
      1      -13.45406536        8.80499100       -0.54938672
      1      -10.58721837       -0.74555049       -9.37636779
      1       -3.63251176       -0.05051407       -7.00646654
      1        0.44156454        2.93982256      -11.13028346
      1       11.40097565       -1.18870374      -10.97993459
      1       10.59869282       -1.20681392        3.13292789
      1       -0.56937295        7.96184089       10.03265725
      1        6.24796765        2.50421519       10.98996127
      1       -7.31630859        7.78903450      -13.10650580
      1       -5.54549751       -1.22769539       -4.10784208
      1        6.72215368       11.46643961        5.32087177
      1       -3.07577986       -5.53462741        3.34340263
      1       -5.56368063       -7.51666501        1.21258042
      1       -1.37790595       10.03542543      -10.22219083
      1        5.70551493        7.72266633      -12.33685479
      1       11.51520189       12.20583259       -4.03893082
      1        8.94232748       -6.87832375      -13.79252082
      1       13.81591371        5.29464738       -4.98816581
      1      -10.21105694        8.50066952       -2.56400362
      1      -10.51331663       -3.27386545        5.22934000
      1       -1.06870047      -12.89229235        8.85118284
      1        5.71605598       -9.06468069       12.67656204
      1       11.63935538        0.00408454      -13.11708260
      1      -11.27452892       11.91843484        9.23544393
      1       13.77826574        1.24679467       -0.92309590
      1      -10.03293237       -8.49047856      -10.21585685
      1       -8.14130897        0.99064899        9.31299716
      1        3.96725203       13.03894107      -10.29203501
      1       -7.89175828        4.37396533        5.32729784
      1        2.89360883       -0.97874712        9.19942846
      1       -6.78589400      -12.00966387       -7.77169746
      1      -12.32630908        6.69475182        3.71808601
      1      -12.83327599       10.63407180        2.66051815
      1       -5.12129898       12.12306450       13.06384577
      1      -12.88884053       11.78210324      -13.24364464
      1        8.28391415       -5.52192835        5.53744067
      1      -11.96232833      -10.56157342      -12.49697838
      1        5.85219103       -5.61902160        5.58708255
      1       12.94260534        7.86778033       -7.68093884
      1       12.40839352        2.23352723        2.33319301
      1       -2.78129450        5.05006741       10.29319469
      1      -12.25897088        0.54970067       -2.35677916
      1       12.59492720        8.40589987        9.44657785
      1      -12.26497312       -5.42141908       -8.99885222
      1       -6.24844599        3.18288693       -2.60496019
      1       -2.55421843       -6.91152273        8.81420946
      1       10.39599446       -6.23999155        9.29934038
      1        8.91646762        9.57281518       -5.69468686
      1      -10.39616534        8.25575558        7.66184848
      1       10.12186519        2.77360822       10.43953902
      1       -3.92245579        8.04440852       12.86658152
      1       -7.24554785      -12.97633845       -3.02437315
      1       13.56482221       -5.99439154       -0.70179889
      1       13.51185954       -3.52271474        8.75603787
      1      -12.56578715      -11.82321937        9.97770393
      1        9.68353736       13.49649062        9.91650629
      1       -6.53296975      -10.43346967        8.99627149
      1       -0.98900125        1.55255268       11.33768903
      1        6.35269076       -0.57068764        6.68224828
      1        8.72817175      -13.15080403       11.78819774
      1        8.04954904       -6.76343689       -1.17591018
      1        7.73659339        9.17602847      -12.54689589
      1       -9.31269113       11.42349552        0.92123741
      1        3.93859772        7.85712678       -6.96370558
      1       11.93619519       13.19291435       -9.03865076
      1       -1.40254141       -6.19909767       -9.02729307
      1        0.47558109        8.17196068        6.44540302
      1       -9.50731174       11.66783297       -4.40380825
      1        4.71674819       -4.60585909      -10.18715380
      1       11.44646734       10.10908614      -12.91565024
      1       -2.20358351        1.10691324       -3.77895709
      1       -6.84866984       -3.86901352       12.35639085
      1       -1.62680894       12.36039200      -13.00622792
      1      -10.75056601       -0.39096485       11.21946166
      1        0.86987662        0.76734138        0.62829872
      1      -13.18229641       11.78003968       -6.79661547
      1       -4.91897970       -1.15622690        8.60365767
      1      -12.46584526        3.49592587       -5.32732072
      1       -3.74065672       13.48493877       -1.97245936
      1       12.97261547      -10.38202034       -8.93660828
      1       -1.75983080        4.92523449        6.16462051
      1      -12.80184461        5.75311741      -10.28362502
      1       11.63478749       -7.84936631        4.56308176
      1        3.51815456        3.39334323        2.92947799
      1        8.59576786      -10.37738469        5.43864256
      1      -12.23051728        2.40562052      -12.61002658
      1        3.97417125       -3.97816644       -4.76600523
      1       -9.97348538      -10.88843195      -10.98178912
      1       13.03291648       -2.45307672        6.54572630
      1       -5.35935089       13.47757089        4.91057289
      1       -5.16199691       -8.97870203       -2.18250289
      1       -8.46233269       -2.34589029       -6.83558316
      1       12.40956029        5.33606515       12.62298937
      1      -13.35596441        2.17157577        1.10565067
      1       -9.60582355        9.77384006        4.87969750
