 run_id:         1003
 total_energy:   -4104.2240491796574     
 P   27.848118434861512        27.848118434861512        27.848118434861512     
      1       -0.12449237       -8.77535645        6.80946779
      1      -13.07418213       -9.11133871       -8.05463930
      1       -7.80104837      -12.46799703      -11.84424353
      1      -10.21803876        8.38401669      -10.64155102
      1       13.08259864       12.85627746       13.51630565
      1        9.00616452      -11.08293257        0.76717534
      1      -13.84485047       -3.70831195       -0.70855625
      1       -2.93054628       -4.88286181       12.76693076
      1        0.74630199       -1.53847118        6.20031315
      1       -1.07529618        0.08590807       -0.52084707
      1       -1.44491965       -3.51411010       -1.26210534
      1       -2.73048644       12.89562067       12.69176147
      1       12.09676058      -11.51020596       11.65293323
      1        8.95590083        2.80551589       -4.38923415
      1       -5.60687613       12.06345074       -4.94175631
      1      -11.72563126       -6.12653202        8.05369588
      1       -5.33738941      -10.43475114        4.93383270
      1        5.61472504        9.33949828       -1.43632892
      1       -2.67559437       10.41068883        5.16497449
      1        8.68696221       13.05872983        1.23154887
      1       -2.33109665       -9.64187679        1.52512267
      1        3.10753253       -4.08830067        7.13062974
      1        4.94094877        2.55477379       -9.94232021
      1       10.54741503      -13.39662999       -3.75498978
      1        0.24097856      -12.81692710       -8.58974647
      1       -0.24038060        9.68212026       -6.29976209
      1       13.02477244       -9.51964864        3.60151070
      1       -4.97903594       -8.50463459        9.31072209
      1      -10.11127507        3.22390431      -12.22166618
      1       -0.32511741       -5.31992459        5.52352540
      1        4.88172710       -5.92798812      -13.51292653
      1      -11.04306338       -8.82067147       -4.86711442
      1      -10.84145544        2.83061433        3.38730035
      1        9.85358897      -11.13569216       12.41607804
      1        8.35117851        6.11305213       12.67446901
      1      -12.08898880       -0.64111230        3.70142603
      1       10.90321159        6.63924931       -7.46653357
      1        7.00815994       -0.67617952       -4.76098996
      1       -5.66880554        2.73872953       -9.45100119
      1       10.95328514        0.50331053        1.38141726
      1       10.90943650        7.18423196       -0.03658006
      1       10.76304103       -2.58535932        8.97079826
      1        4.52358666        0.83907128       11.55774812
      1        8.96225030       -8.98096319       -4.53594130
      1        1.15655935       13.02480216       -1.41813199
      1       -4.07309673       11.05889246       -8.10485051
      1      -13.35458263        7.70182502      -13.12064399
      1        6.73292411        4.96995863       -2.03908192
      1      -12.68889026       -7.32729148       -1.77304154
      1       10.08958581        4.87582349        9.06997902
      1        1.19741103       -9.34365222        0.88946585
      1        7.62575139        2.48815479        1.53191895
      1       -3.20752272       -7.70226215       -5.28549164
      1       -0.07862587       -6.17879874       14.79660131
      1        6.93928223       -5.82897433       11.16593577
      1        4.65685125       -3.10742391       -8.24511299
      1        1.81172059       -8.74463100        3.16063589
      1        5.73814559       11.82015185        9.44453125
      1       -0.35981686       11.77740322        7.39185539
      1       -4.40971842        4.44778323        0.44573824
      1        2.30946729        3.20534239      -12.55815928
      1       -8.90278760        0.74291172       -4.31523945
      1        8.16056741       11.67992695        9.38085850
      1        5.35580943        0.12753269      -10.43028652
      1       -7.31242476       -5.86110989       -6.20294334
      1        7.16341973        5.16682993        3.66688593
      1      -11.68088648       13.24952141      -11.72873533
      1       -3.13377878        7.17408703       -3.95699283
      1       -0.02107123       12.17871372       -3.27930706
      1        7.17021812        3.13170453       -9.32748146
      1       10.47291728      -10.42900546      -13.09606960
      1       14.00606878        9.78599163      -10.08591369
      1       13.39972994       -6.66445558        1.51448987
      1       -3.34220079        3.44888352      -12.77486151
      1       -1.51052292        1.93069394      -12.19399629
      1        3.06246460       10.76034760       10.79135356
      1        2.62846982       -4.30229243       11.28398418
      1        7.71480598       -7.83611770       12.24639787
      1        3.75467834      -10.91663251        7.69138067
      1       -4.01932701       -1.05418863      -11.22971105
      1        7.19800360        7.55524415        9.08496517
      1       -8.83125740        3.97739697       -6.27565919
      1       11.18217162       -8.71109155       -1.46133402
      1      -13.36064950       -0.41982578        5.78809045
      1        0.90682296       -5.63823910       -9.40795006
      1        5.62632830       -9.63783138        2.53038491
      1       -0.72548733       -2.48267272       -7.99909296
      1        9.60962860      -12.75580466        8.12295468
      1       -2.24006349        3.31580381       -2.74893513
      1       -3.67892426        5.79055305      -11.80370447
      1       11.94769375        4.58373928        2.39041762
      1        0.63471870       12.44027254      -11.94306956
      1       -7.80521993        0.38113714      -12.16338096
      1      -10.23719676        9.52118004       -7.38597059
      1       -5.15486567      -13.71799566       -3.83004554
      1       -9.99096012       -6.83556562       -3.97331326
      1       10.19549160       -7.96818766       -7.86399207
      1       13.15663621        9.50679844       11.48249308
      1       -2.13813440       10.12369064      -12.46441012
      1       -0.10244482        6.17625893       -1.22897695
      1       -4.79076839       11.76187905        8.16307116
      1      -12.65199765       -1.59113888       -3.65322962
      1        9.18424563      -13.06521678      -10.72737537
      1       -8.66792952       -4.77237296        5.14713470
      1       -9.86822447       -1.26064124        4.17924905
      1        2.96511116       -2.18970393        5.76360468
      1        9.78508422        9.84026642       -9.35961140
      1       11.44895706        5.35227414       -5.50809666
      1       -4.02048765        1.35771546        2.79753311
      1       -3.23061286       -9.10720661      -14.01652337
      1      -13.78140742       13.71433506       -8.09360817
      1        1.33244983      -11.96759731        7.73935441
      1       11.24322232        6.90766243      -11.14752770
      1       12.98782684        7.70675168        0.98234723
      1       -3.35459480       -2.91329783        8.57855122
      1      -10.59037156      -13.16867367        5.37887807
      1       -7.76894333        4.83862122       -1.61351681
      1        8.65923198        2.48207947      -12.95540631
      1       -8.79498697       -8.61978370       13.07022004
      1        8.88759752        2.09157844      -10.60844396
      1       12.76179044        5.91020524      -12.81256125
      1       -9.28433889      -12.16489487       -0.18954230
      1       -0.90736795      -13.30289312        4.68546673
      1        6.01160085       -8.49191335      -11.26784812
      1      -13.04591511        6.84498698       -6.59303068
      1        2.59528979       12.37229195       -6.88993677
      1       -8.06567851        6.39451001        4.03236217
      1       11.31491274      -13.87896088      -11.30642572
      1       -6.80979442      -11.07788496        6.68123514
      1      -12.85108922       -5.52343133       -6.73834297
      1        5.11323661       11.23858225        7.14025228
      1      -12.87186949      -10.51773578        6.24810354
      1       -2.73246524       -2.57035412      -12.54723084
      1      -10.91818853       -4.92088966       -5.20216470
      1        5.39126117       -4.48712959        7.59748898
      1        6.03107044       -6.43757119        0.17741665
      1        9.67226855        2.14032158        5.18818087
      1        2.84067639       -9.09505558       -0.76622701
      1        6.35733406      -12.80285431       11.37302728
      1       13.10304737      -11.87269181        3.78360567
      1        9.61387643       -3.25884965       -1.76839521
      1       -1.05447571        0.65112252       13.58751543
      1        9.25995198        9.79430883       -2.02146473
      1        4.03425673        9.17300683        6.81910486
      1      -10.86601426       -4.22276156       11.12055409
      1       -6.08712166        8.62913467        1.18267733
      1        1.93708692       -5.80350108        5.85554834
      1       11.43462676       -0.95877903       10.57577088
      1       13.65235369        1.77787221       12.18291383
      1        7.67496571        1.12314204        7.83472710
      1        0.27292736       12.12877011        0.57689157
      1        0.03533035        9.17074439        2.39541812
      1      -12.27782382       -7.03800227        4.89720193
      1        8.29371852       -1.98590837        3.62512211
      1      -13.48991188      -13.36788112       -4.08283272
      1       -2.95246949      -10.24417375       -8.56835249
      1        1.95182898       -2.75809937        1.62339813
      1        8.87051012        8.50336865        5.37617860
      1        1.53743882      -13.76820919       12.54237246
      1        2.17326558        6.85401390       -1.19431137
      1        4.43732853       -7.01422401      -10.06253030
      1        5.73643970      -11.44624546       -9.17223405
      1        5.06639786        1.29586496       13.84208491
      1       -0.18715675        7.10503589      -13.42011760
      1       12.95317022      -12.65527088        9.71867543
      1       -8.20716357       -4.08558438       -0.96828710
      1        5.97632024      -12.48844701      -12.70423007
      1       11.13984431       -9.13916337       -9.73263565
      1      -13.07229062       -9.47459678        9.94045440
      1       -1.16329383        7.24643730        3.14986814
      1       11.76396929       -3.41798400        2.77196370
      1       -7.15407591      -12.36596271       12.16621666
      1        7.31350899       -9.81954338        9.32375156
      1        1.57708024      -13.33996127       -6.50879399
      1      -11.65838466        9.71919837        6.15710181
      1        2.53634914       -6.38792592        3.58962529
      1       -9.60057595       13.51604687        8.78351855
      1       -1.90721686       -4.20870179       -5.40741478
      1       11.57308321       -9.57914867        7.96298404
      1       -2.08142480       -9.53784685        3.84823473
      1        8.25009869       -2.34942368       -8.87837762
      1       -5.08448861       -6.62720013       -8.94705766
      1      -12.37804113       -6.02581658        2.77817427
      1       -6.62084533       -0.79628650        3.06093796
      1       -2.70647050        1.66096272       -8.41100327
      1       -5.88565608        8.45738101        6.37500559
      1        0.83053361       -4.22256428       -1.62633896
      1       12.71861806       -9.29265956       -5.09832133
      1      -10.19683235       -5.06914497       -0.15906124
      1      -12.66603746        5.52886581        5.74007462
      1      -13.65363648       -2.18196944       12.63513413
      1       11.00987572        3.05404078       -5.73435652
      1       -1.95475185       -2.42709865       -3.57481760
      1       -6.08195206        1.06472096        1.69215268
      1       10.36037156        3.45860312       -0.93863953
      1       -9.70779462       -2.89350254      -10.27164615
      1       -6.41437547       -7.10347631      -10.82816646
      1      -11.35430200       -2.27839534       12.45226407
      1        3.34827937       -0.66207091      -11.44090477
      1        1.29578093       -9.78463019       10.14686025
      1        3.94775638      -11.27564539       -1.29561652
      1      -11.59337626        5.85249295       -8.30510784
      1       -5.71514580       -7.28981652       11.27305211
      1        3.60326268       -2.68009927        3.45346397
      1       -9.53187010        5.75429205       12.36174122
      1        9.15870556       10.72307877        1.84122257
      1       -0.71703150        5.71075784       -5.75245724
      1       -1.56318548        7.81113189       -9.27286567
      1       -0.12232997        5.30096514       12.89482422
      1       13.15023616        9.06964534       -2.55605908
      1        4.62579950        9.41223930       -5.24281608
      1       -2.88854260       -5.43381479       -0.99382150
      1        0.14237490       -9.67618820        4.65042126
      1       -4.61719932      -11.11924970       -6.95004007
      1       13.29597704       -1.78069260       -9.53232199
      1      -13.33994918      -12.49682729       -6.36286692
      1       -1.67741159      -11.81574125        0.78596182
      1        4.89398383        3.28206375       -1.45322950
      1        3.75748210       -9.05332440        6.23060735
      1       -7.34765197       10.60323158       -3.89827990
      1        9.96461668       -5.33543809       -0.59165477
      1       11.41520711       -1.68110654       -2.21220503
      1      -12.55594117       -0.23216019        9.64964384
      1        9.94933726        8.89017049      -11.53627587
      1      -10.41478552        3.79109916       -8.05895623
      1      -11.06932419       11.36465085       13.02564889
      1       -2.30011146      -13.33346522        2.52705994
      1        6.21632418        5.92931988        0.08333460
      1       13.87825268       12.17443645       -4.57141254
      1       -0.94741460       -7.35933944       -6.51309214
      1        7.92655229        5.64895983       10.32588661
      1       -5.20145038       -7.82352692       13.54211624
      1        4.28350705       12.31014002        2.21016862
      1        0.86383558       -8.94274966       -6.75475774
      1       -6.40242167      -11.48955706      -13.64223487
      1        1.74610301       -0.50281986       -9.64644198
      1      -10.63969544       -2.75834679       -4.06743510
      1       -7.64784718       -3.71613204        1.35215806
      1      -13.48305364        6.13590555       11.48955157
      1       -5.50611138       -2.38325812       -9.86567024
      1      -12.92216869       10.01594436       -4.00218344
      1       -8.28239705        7.86298808        5.94374646
      1        5.36390546       -9.04140491       -4.02348944
      1       -2.86124629        2.83937974        1.30739912
      1       12.12736667       12.94429287        9.72606303
      1        7.09287987       -2.74182564        7.43332655
      1       -8.85464674        5.67026972        7.33077701
      1       12.18179461        3.72732703      -11.80628886
      1       -4.96478629        9.96902569       11.84773725
      1        1.01083837       -8.11762268      -12.21598531
      1      -11.27575092      -13.51245156       -0.78971056
      1        3.12794422        1.19194864        3.78272919
      1        5.08549821       13.25728122        0.13732484
      1        5.81309569       -4.22230874       -6.39579822
      1       12.07362554        6.90639891       -2.15231233
      1        0.85184108      -11.82817236        5.34448209
      1       -3.11099629        0.47915598        8.21522631
      1       -3.41198310        5.33289738        8.00315645
      1       -4.72222369      -13.08829199        2.97752993
      1       -4.74352649       -9.75270721        1.24433647
      1       -6.65607098       -7.67121999       -7.51906149
      1       -2.44579157      -11.11303388       -3.30556317
      1       -2.86193735        1.66344812       -0.74928969
      1       -7.87258813      -10.84574900       -3.81734379
      1       12.90862796       -9.01816484        1.34668130
      1      -10.18310245       -6.44878487        6.18857090
      1        7.46749174       -1.01727745       10.77347144
      1        9.38342601       -2.70155215       -6.76005023
      1        6.92307216       -7.78232531        8.15959105
      1        5.51758734       -6.18226595        9.32671174
      1      -11.50139393        3.97713972        9.09552242
      1        5.25141164       11.01236200       11.94101795
      1       -6.20986492       11.85827971       -7.29153140
      1      -11.80804237       -6.28360896       11.77517382
      1       -0.07006089        9.81742864        0.05603167
      1       -5.57744110        3.80167982        5.74574675
      1       -9.71425232        7.30317449       -8.58144284
      1        4.76690499      -10.66620024       -5.69789035
      1        8.99763447       -4.80089881       10.62972118
      1       -7.50500009       -2.82441888      -11.35451209
      1        9.69323570        9.80698237        7.19201514
      1       -0.72069616        0.81342072       -5.68815347
      1        2.10026602        5.06976797        4.35718687
      1       -6.75661772        1.11075446       -1.53487579
      1        2.21734279        6.21545205      -10.36164948
      1       -4.90246656        7.70370805      -12.89295432
      1      -12.19154230       12.61153365       11.34928153
      1        3.23992059      -12.80702953       -3.07884700
      1        1.00284606       10.07234962       -4.00506639
      1       -6.23380076       -2.27551377       -6.10931885
      1       10.67131741       11.27250543       -6.05811298
      1        3.95256414        4.49117626      -11.20026311
      1        2.74654558       -7.27538750       -6.30679351
      1       -4.19540410       -1.91526421       -0.34228709
      1       -6.99587979        1.05979764       -8.24285547
      1       -0.11134389      -13.78662882       -4.81598123
      1       -9.80909133       -9.88629087       -6.61632828
      1      -13.28652132      -12.73037804        0.30295699
      1        0.69696170        7.47339674       -4.30975149
      1        4.60750733       -0.61043738        0.44875455
      1       -8.49791582       -2.30205355        8.39904644
      1       14.89196466      -12.99716971        2.59937512
      1        7.21359107       11.06892738       -1.99778967
      1      -10.23284090        4.36472769        1.69747245
      1       -7.69150074        7.07804908       -4.89490003
      1      -10.98775368       -3.83483128      -12.11500851
      1        4.02136883        9.99240340        1.85229083
      1        1.59397192       -7.47587000        9.51826926
      1        9.95097077        0.67821186        7.18273378
      1       -2.68648018        1.18033154        6.00399735
      1       -7.55430708      -10.75762174       -9.72761607
      1        1.00731248        3.06525508        0.02620555
      1        2.98827454       11.10562439       -4.90203270
      1       -3.85589312       -5.42276475       -4.86679439
      1        1.26652135        1.78868335       -9.14382875
      1      -12.86003920       -0.16276242      -10.08721048
      1       13.28951337       -6.28264323        5.43397028
      1       -1.64936202       -8.66635022       12.12456870
      1       -2.59041660       -9.37151503       10.00565025
      1        4.23798619       -2.91441465       12.38899204
      1        7.79255679       -3.29755967       13.83958358
      1       12.68004884      -10.10059676       -2.79661440
      1        2.14801183        9.51170467        5.44886351
      1       -7.30433813       13.09296671       12.38745055
      1        9.98679385        0.81897750       -7.75443712
      1       -4.16799054       -5.06833048        9.14667566
      1        8.31086620       -1.17166772       12.94564410
      1       -4.51021350        6.08843916       11.56916643
      1      -13.13578788        8.82167634        4.45436376
      1       -6.11578034       -5.36688359        7.84099605
      1       -4.03141693      -11.34459337      -14.09294639
      1        3.88391711        5.20223512       12.58702520
      1       -5.19220086       -8.94234219       -6.08722873
      1        0.72780777        3.81575917       -5.86576259
      1       11.00701184        2.29244794      -13.35289513
      1       -1.07133052       -6.31477861       12.27633404
      1       -8.07855698       -7.27762729       11.21944168
      1       -2.78442417        4.95256534       -4.64508218
      1       -7.96838778        4.41333642       11.07993614
      1       -8.62118931       -8.03176945        7.15734612
      1        8.95817587       13.09690812       13.55208084
      1       11.48299323       11.16781395        1.97215717
      1       -8.91669648       -8.46499971       -0.63190760
      1       -0.69056606      -11.94802809      -12.47032819
      1        3.44385521       -1.75987775       -3.86607203
      1       10.13838782       -5.71873961       -8.50263562
      1       -3.66537420       10.88009377        0.84672386
      1       13.67863295        5.12338587       -2.52630447
      1       -1.70348275        8.66423028       13.55387631
      1       -1.34052775        9.64537824        6.95048186
      1       -9.63351870        1.07530794        7.37465308
      1       -0.77782898       -4.86730327        3.19871771
      1        7.93832809        0.29856203       -1.33679792
      1       14.15617782        3.10189002        8.33911829
      1       -7.94678923        8.96337164       -2.09761522
      1      -11.40122557      -12.85428439       -3.06796784
      1       -7.73548272       12.67563762       10.04481265
      1       -9.64276887       13.43159733       -8.42320223
      1      -11.65610565       -3.16886314        0.00175373
      1       -1.53994037       -2.34462263        9.98585116
      1      -12.43632102        4.34625059        0.77457047
      1       12.50824305        3.02589122       -1.97828819
      1       10.28179696       -7.33411140        2.62183223
      1       -1.56024610       -2.96153245       12.25561513
      1      -11.58243797        0.99076127        2.13593636
      1       -8.71015503        0.74906281       -9.91615088
      1        6.84836030        6.72980475       -3.74282222
      1        6.62919202      -12.10988265       -5.85989115
      1        7.96596224       -2.00817457       -0.63965932
      1      -12.21584957       -7.67410344       -9.71668627
      1       10.88877805       -0.18956080       -4.00860764
      1       -0.63921135        3.73702173        1.66160201
      1       -4.70557899        5.75648480       -9.57501387
      1      -13.39747117       12.76865949        3.62307899
      1      -10.73121449      -12.19061123        3.16151260
      1        6.37608060      -13.33578983       -7.86587914
      1       -1.70696131       -7.03559917        6.53499324
      1        9.13019992        8.23994546       -7.63237687
      1        4.08229922        7.35075972       13.71930187
      1       -0.31412003       12.69729333        9.61469749
      1       -3.16263280       -7.90228602       -8.14278906
      1       12.74953707       -5.67644802        9.59171131
      1       13.12179511       -4.00878393       -6.37474136
      1       -3.62246920       10.56193254        9.91972915
      1      -10.68169522       11.83200570       -6.62917002
      1      -13.52060380       -7.09824880      -11.62254598
      1        5.82435500       -7.93983699        6.06717309
      1       -0.75101825       -7.97691080        0.61222968
      1        4.29993998       -9.98349036       -7.93514907
      1        0.91357881       10.61386984      -10.29400168
      1       11.22730413       -5.45287041        1.54598209
      1        1.17917454       -9.99157438       -4.54768746
      1        3.96505830       -0.44077311        7.06222058
      1       -1.93789222       -6.38790292      -11.50013522
      1        7.35858441        0.55100602      -13.53918701
      1        4.64074391       -0.53269343        2.93986919
      1        5.61050723        3.60161806       13.16101727
      1        5.61685138      -12.39957520        7.34308915
      1        6.30851543        0.22274850       -6.85713393
      1       -0.31779485       -9.90618185      -11.23123165
      1        9.01128375       -9.38927113       10.97702696
      1        8.08344679        1.26658157       10.20282537
      1        1.85890471        4.04596424       13.06252912
      1        5.72439298        3.32791360        4.06224925
      1        7.60624122        8.34464385       13.00984491
      1        1.34915863        7.67034065        8.61191933
      1        2.19890843        8.61031553      -11.13478698
      1       -2.94403354        2.83839028       11.03428664
      1       -8.60742776       -1.04466754       10.44283676
      1       -9.46598309        2.73606272       10.30221550
      1        7.63715527        5.46382238       -9.65495931
      1       -9.27013749      -10.43438569       -1.87308608
      1       11.99990620       10.82834170       -9.13622800
      1        5.61569098       -2.73804759       -0.01186740
      1      -13.06108846       -6.33907518       -3.87487951
      1        3.22879058      -12.16335984       12.61334799
      1       12.42039654      -13.54250531       -0.47271596
      1       -5.81546032        0.37452485       10.32981779
      1       -4.90113147        0.02015255       12.85709141
      1       10.68931832       -1.27396840       12.90913345
      1        6.70640600       10.52069694       -5.76651752
      1        0.49768029       12.64937892        4.11177329
      1        7.76077082        9.93454592        3.75192092
      1       -8.12203066       -4.58063600        8.83586970
      1       -6.93085158        8.87601831       11.01016387
      1       -5.28014941       -3.56740848        1.04438031
      1      -10.40351807       -6.88977195       -1.62794057
      1       12.82059111       -9.27746533       11.27548814
      1        3.27403383       -2.41169727      -13.21533113
      1        5.75873814       13.15582669        3.94200655
      1        7.38076089       13.10132923       -0.74745781
      1       -3.41490415       -4.91472781      -12.72803533
      1       -4.90066695       -5.05645796       11.42108731
      1        3.57367047        3.93103908       -3.47020896
      1        0.99126978       -4.67093271      -11.56535095
      1       -6.57674256       -1.80954149        6.99402735
      1        8.40809427       -2.76466523        9.45716539
      1      -11.91163739       -3.93597126        8.92611011
      1       13.10449694       -2.37315088        1.09547912
      1       -6.92948142       13.25521989      -11.00640394
      1        4.49775587        9.12118098      -10.87068654
      1      -10.67973815       -2.50913146        7.47993841
      1      -10.41272305      -12.06358700        8.88315679
      1       10.23452352        5.07911720        0.79892461
      1      -12.43067140      -12.91089856       12.08300870
      1       11.20059098        9.13102779       12.76671501
      1        4.59780601       -4.97474346        3.58675898
      1        5.09361430        7.15166608        6.03447168
      1       -2.91538418       -8.72620588       -3.07834123
      1        6.66543816       -0.37147403        4.28697829
      1        9.48254681       -0.28995713       -9.88053886
      1       -0.08004775       -0.92740282        4.07066205
      1       -8.13867108        9.36263341        0.23739444
      1        2.09324353       -4.75609407        0.32022283
      1        6.14996720       10.82128818       -8.03504793
      1        0.70372070       -6.19191858        1.81218372
      1      -10.31708077       12.01655192      -10.28831617
      1       11.18600408       -3.42493021       13.87747907
      1        4.56377652      -12.39509622        0.68480787
      1       -5.91499263        4.22483341       12.38568977
      1       -7.75117286        5.58707862      -12.28564938
      1       -7.97916406       13.10738813        2.08455991
      1        4.89515718       11.37810335      -11.72183310
      1        5.11366782        0.02586752       -3.45994182
      1       13.32528773      -12.65622851       13.31264918
      1       -4.53469272       -4.88596392       -2.65197470
      1      -10.68116782        9.22376266       11.94697202
      1       -3.11742309       -7.53779488        4.67339778
      1       -5.72294857        2.57012391       -4.88794211
      1        7.76818993      -11.31493031        7.52715511
      1        5.44793677        6.93708267        3.69936297
      1       -2.25805438       11.66579942       -2.64333228
      1       -4.81786078        1.65399667        5.06826328
      1       -5.18302332       12.07089566      -12.33222304
      1       -0.08807654       -5.68900078       -4.99345069
      1       11.56086649       -6.39722218       -1.96459044
      1      -12.04908402        2.25850742       -7.37529947
      1        7.97634198       11.41444647       -9.42930843
      1       -5.04775005       12.29322087       -0.41311924
      1       12.08018504        1.96127611        4.68493143
      1       12.52516100        4.90342408        8.30869137
      1       -5.39365160       -8.05983444        5.08001727
      1      -13.24219497       -4.73163370      -12.18332611
      1        6.74012211      -13.44638387       -3.92172850
      1       -9.64378341       -8.65247131        1.68016110
      1       -8.54442480      -12.27893834        2.14464488
      1       -2.82413545       -2.73766319        6.20341199
      1       -8.23811083       -5.49361432        2.93766798
      1      -11.60335621        4.75535683       11.50771036
      1        9.44908763      -10.61745989      -10.83110314
      1       12.28931183      -11.96677211      -12.44884949
      1       11.95840784       -7.39731160      -11.22997915
      1       -0.20320421      -12.14938049       12.95919761
      1        3.37305529       -4.51294265      -12.15097608
      1       -8.63710085       -1.63639680        2.17274397
      1       -9.90500627       -4.94486346       -9.12799492
      1       -0.59806523      -10.27257350        8.71297634
      1       -4.19263504       -2.53170978       -2.66402779
      1       -7.48762589       -0.56503203       -2.99857803
      1       -3.02303500      -12.22476563      -12.07698114
      1       -8.87774301       13.43384137        6.50927446
      1        6.57551339       -5.46196445        2.26455519
      1      -10.42641349      -13.20461307       -6.15261286
      1        2.07948385       -8.86634055       13.69259020
      1       -5.44465349        0.32034105      -12.59403209
      1       -9.94184790        5.39682834      -13.10248364
      1      -11.44009574       10.08051754       -9.49283538
      1       -5.86422295        7.06509789        9.88063952
      1       12.55197633        9.18736135        2.74259742
      1      -14.07984604       -0.11393758       13.74640017
      1        2.89127162      -12.07923755        4.17298863
      1        2.40379076      -11.37129818      -11.07320948
      1        8.85449429        8.13581307       -3.75421934
      1        8.02740164      -10.95427823       -1.37117438
      1       -9.88594820       -1.03131492       -5.52725790
      1       12.85106820        5.78917434        6.12708703
      1       13.15635695       -3.98561415        4.72156531
      1        7.07826538       -7.60878936       -4.79460689
      1        1.64097082       10.14192012       12.70667363
      1       10.07157031        5.61673454       -9.51783761
      1       -9.04812722       -2.26016076       -2.29182157
      1       -4.40131407        2.09453713        9.37186570
      1        4.18408504        5.59935035       10.22501933
      1        2.75431466      -11.71937732       -5.10238977
      1        4.35634673       12.15265478       13.88633911
      1      -11.29369320      -10.44526084       -3.06424302
      1        2.31673562       -1.03943083       -0.01504030
      1       12.98464192       -1.69844661       -7.08832356
      1       -6.87186358       -9.18283044      -13.38805595
      1        4.42565545       -4.82202386       -0.65044249
      1        4.78868734        3.34454108        6.22284347
      1      -12.88157575        8.21891865       12.42398547
      1        7.07219058        6.99578813       -7.91727325
      1        6.72596607        3.32679428        7.58587247
      1        4.91790044        8.03433789       -3.34935873
      1      -13.51034131        3.48029321      -10.90141163
      1        3.33053132        3.67116448        0.47746937
      1       -3.82191639        6.89341708        3.36337826
      1       -8.79518714       -6.51614684      -10.67753420
      1       -7.35406841       -4.52019367      -13.21152235
      1       -3.80686815        3.91368947       -8.20221261
      1        1.27980010       -3.84354871       -7.78163904
      1       12.98575250       -4.77192676       -4.05447248
      1       13.41312991       -4.20461232       13.58779748
      1        2.60024739       -1.88562212       -7.85108143
      1        3.12605237        1.60871753        6.18143637
      1       -3.20361987       11.72198905       -4.84665295
      1        8.01291504       -8.84314579       -7.69469274
      1       10.94692734       -8.48535833        9.98969708
      1        4.69402198       -5.43002886       -3.01756648
      1        3.41279093       12.91475789        6.89473995
      1       -4.28287216        2.48582784       12.92104855
      1      -10.10600297        6.43464574        2.79452788
      1       -9.27050825        3.06715301      -10.00645293
      1      -10.09692504        1.76845068       -2.38183634
      1        6.98234960        3.30682569       -5.55186084
      1       -8.72700682        1.56960612       -0.31274487
      1      -10.05666046        8.12856244        1.14263995
      1       -4.59213463       -4.30490942       -8.57853212
      1       -4.85731014       -2.35592522        2.96702221
      1       -0.07207203        7.49870183       -7.37438805
      1        7.88056578        4.84185051        1.45441620
      1        0.63012859       -4.28094640       12.70465842
      1       -6.18155824      -11.05810164        2.72891471
      1        7.75065217       11.61530566       11.99979010
      1       -0.61885666       -3.40092232        6.76187782
      1       -1.05082567       13.10545887       -7.94533440
      1        0.99739426        2.25761124        7.30769077
      1      -10.15102378        3.40690657        7.09671417
      1       -0.40880085       -2.67152680      -11.87106457
      1       -6.76541080       -5.61458678       -2.15812017
      1       13.49711767      -12.51669122        6.03435406
      1      -10.68171360       -7.22984697       13.68972089
      1       -2.23431428        0.41326164      -10.44159018
      1        2.66919255       -0.55972631       -5.77066422
      1        8.95151583       -8.88691755       -2.14618866
      1        7.44126248       -3.28129374        1.76058508
      1       13.32085083        7.48820667       -9.99508944
      1      -13.16312916       -8.02921064       -5.82582582
      1      -11.67986448        8.54355744       -5.63357917
      1       -0.46732960       -6.16089716        9.88429662
      1       -6.50608319       -8.94938750       -4.09699743
      1       -4.31469878       -3.89530052        4.69887745
      1        6.65972357       -6.72192483       -7.01808545
      1       -3.52445831      -11.36283848       11.32206598
      1       -6.97547178        6.84778278       -2.64395723
      1      -14.26209281        1.41929627        9.83783655
      1       -0.52776063        5.62330935       10.55470760
      1       13.77940163        9.86276447      -12.39417636
      1      -10.42324766        4.67789542       -4.60878869
      1       -6.23806507       -7.64302578        7.30068756
      1       -9.07327029      -10.86218066       12.26374297
      1        5.05581630      -13.47600311       13.25059288
      1       11.12301134      -12.96731298        3.12624516
      1       -6.87374518       -7.49473144        3.20786723
      1       -9.90862931       -0.12317289        0.77770288
      1       -2.25677041       -0.81111317        4.86504056
      1        0.02950779        5.07694499      -10.17244635
      1        7.44228932        4.52249898      -13.50827090
      1        9.03301583        4.40975980       -2.64864093
      1        7.51644620      -13.46739828        2.91676728
      1       11.82815223      -11.90835906        7.80993566
      1       12.16818248        1.84128248       -4.03059433
      1      -10.05707773        4.17285584       -2.32656229
      1       14.02289383        6.52551702        9.19336411
      1        3.44543451       12.29184710       -1.28037708
      1      -10.22924100        1.69749315       12.30425251
      1       -0.43275536      -10.47322065       -8.70933337
      1       -0.44683752       -0.67690282       -2.70336116
      1      -11.45798395        6.84778280      -11.95957806
      1       -1.75962735       -1.34330734       -6.12555289
      1        4.70097474       12.71552303       -8.08791692
      1       -8.11931357        9.22251772      -11.37298019
      1       -2.28206066       -4.26863736       -7.91630310
      1       11.76957851       -0.40551687        4.87491646
      1      -10.21201068        9.78103774        9.58314029
      1        1.87098753       -8.29804464       -2.87076769
      1       13.65617766       -1.79985691       10.39369456
      1        9.04204163       -6.92711888        7.34263307
      1        1.96377949       -7.74163184        7.15446376
      1       10.80954044       -7.90339656       -5.50449242
      1        7.00581314       -4.84034900      -10.72439512
      1       12.04109017        9.64828024        7.50359075
      1        5.59365255        0.88640599       -1.25269790
      1      -10.89510827      -11.83815666       13.52173124
      1      -12.60061371       11.69137098        7.26603339
      1       -5.33513856        3.94009382        8.09242790
      1        6.09277772        4.32239250        9.63297469
      1      -11.67649960      -11.01354729       -7.50956345
      1       10.69576665       -5.71949803       -4.41296186
      1      -11.49311828      -10.03635710        2.29208644
      1       -7.22888690       13.59299018       -8.59120554
      1       -3.36659417        6.46355105        0.96305224
      1        0.74910930      -13.15857788      -10.96833380
      1        1.40498065        2.96193926       -3.74837768
      1       -9.50555032       -5.58674004      -12.77086615
      1      -10.83535035       -1.23126332       -1.09197680
      1        5.87424710       -9.88670004       -1.75744988
      1        9.13919670        8.89336010        0.16131628
      1       -4.07126176       -5.63283404        1.14161555
      1       -0.00797152        3.88160097       -2.02234905
      1       11.22810240        1.06880951        9.28544606
      1        9.15206768      -12.58029914        4.43415784
      1        4.60327732       -7.61986968       -7.80139092
      1        1.11902984        2.70760382       11.15293407
      1      -13.18137478       -0.56003341       -5.80833301
      1       -9.39182254       13.99252975       -3.95138188
      1       -6.90740420       15.36068622       -0.70695112
      1       12.50295954      -12.53617129       -2.71502332
      1       -6.07800334       -9.45690355      -11.06758198
      1       -7.32071248        6.40898425       -8.64037272
      1       -0.50810754        9.63797953       11.79306946
      1        5.32473567      -13.69331346        9.37931518
      1       -2.50140423       12.09187202       -9.51268329
      1        8.14014724       -6.79902668        3.50731386
      1        1.90906071       12.88806082        2.20737796
      1       11.96994967       13.25550348        6.01551020
      1        6.69493982      -11.59735196        1.65210843
      1       -1.55311283       -7.31354996       -1.59751422
      1        7.88318599       -4.96940254       -8.49978300
      1      -11.44048984        7.57196175       -0.77287673
      1       -8.15595645       -9.56503861        3.40027552
      1        0.72666691      -11.64705394        0.56165437
      1        0.97028229       -2.27124276      -13.80693955
      1      -10.49422276       10.06659763        2.58749412
      1      -12.77591085      -13.26671971      -10.11155016
      1       12.08847078       12.76834082        3.65711540
      1       13.12751492       -7.96029040       13.19097726
      1       -6.55708617        9.00626264       -5.58059696
      1       -7.15198369        5.27068451        9.02197204
      1       -3.71739966        7.54981095       -8.32640844
      1        8.48120135       11.86832449        6.88453470
      1        7.77513288       13.76146941      -12.35966909
      1      -11.61408044       -0.35533601        7.49256390
      1        1.82722751       12.83390961       10.52279188
      1       -1.76882917       11.50372560       11.03241058
      1        8.43085173        4.94608130        7.19498647
      1       -7.33860609        4.50710620      -10.13213998
      1       10.51871634       -9.11112960        0.87274155
      1        2.03451942       -5.02500458       -5.86718085
      1        3.32238360        2.57976519       -8.18761776
      1       12.76871801        8.19259402        5.78484893
      1       -7.68891963        1.93314250       -6.02640696
      1      -12.47049499       -3.92676621        3.87426617
      1       -4.38371928        9.80600174      -11.83054770
      1        2.31216261        8.86883180        3.11760571
      1       -5.25528021       10.27140398        2.69260214
      1        4.07373462       12.70140297       -3.49908320
      1       -7.07010166       -1.46367199       12.37172921
      1        5.41342292        8.63874021       -8.66008743
      1      -10.80874390      -12.35495603       -9.27335373
      1       -6.66921228       10.46024894        7.37680957
      1      -12.02023321        5.28584547       -1.35467666
      1       -8.75472071       -9.98618204        5.81106542
      1        1.66100163       -1.92917135       -2.19164445
      1       -6.25717794        6.56235316        2.39744532
      1       -4.16052417        8.24896294       -0.36089465
      1       -8.73768717        0.56434048        5.25518033
      1       -6.69881926       11.94098725        3.73379159
      1       -4.18532639        8.23232069       -5.92769380
      1       -6.51377237       -0.07889100        5.32717634
      1       -2.52153822        8.78621535        8.80524491
      1       10.81542694       -4.58110810       -6.59513364
      1       10.63863743        6.82293473       12.28840914
      1       -5.55333180       -6.01388555      -12.75680074
      1       -8.46495030      -11.69094296       -6.00050695
      1        0.40899160        3.22170937        3.77294293
      1       10.84376580       -0.89966948       -6.32022536
      1      -12.64491689       -8.40064150      -13.37493034
      1      -11.29338553       -0.03755180       -7.15403956
      1       -4.30207029        4.36438557       -1.88220750
      1      -13.12792153      -10.35225532        0.48713586
      1        8.69222013        0.56083508       -3.59883075
      1        5.49715542      -10.08911015      -13.03081215
      1        2.07392931        6.68254966       -8.05309455
      1      -11.46179031       -7.67077127        9.86564621
      1       10.20180988       -8.73150175        6.24645972
      1        1.25214402       -0.01794570       13.29536771
      1       11.49233756       10.77317334       -2.12675910
      1       -2.34057537       -8.74551501      -11.84493811
      1        2.15566304       -7.59095948      -10.17766943
      1       -8.60786930        2.55223302        3.95946725
      1        3.56815527       10.06915812       -0.54295493
      1       -3.71101765        4.98044308        4.78002842
      1       12.45072545       11.88340187       -0.16454795
      1       10.30146897       13.41537232       -7.29614886
      1       -4.42569036        8.94671922        4.48111033
      1       14.07948383        1.97930794        6.14179994
      1       -4.39948559        7.49638921        8.07340909
      1       -0.17961604      -11.73874703       -3.55727433
      1       -0.83633284        2.76449699        5.81638960
      1        0.33870784       -6.39665167       -2.74541551
      1       -1.36726599        4.72221240       -8.14244477
      1        7.39168007       -9.80835878       -9.81560572
      1        1.55138500       11.75520520        5.99209317
      1       -8.65932404        2.05986471       14.22195067
      1        7.81295085        1.96431931       -7.36797866
      1       -6.73778399      -13.42758787        6.67376238
      1       12.88133218       11.83988584        7.69514431
      1       13.86279851       -9.08770043        7.82610403
      1        1.96303722       12.19457652      -13.93328234
      1       -8.47245919       11.59009390      -11.75428542
      1        8.44160506       13.64300287       -8.74760283
      1       -4.65374514        6.75240740       -2.20900102
      1        7.07141061       -5.90804616       -3.16137671
      1        3.45552800       -6.47533344       10.66587692
      1        1.11588317        0.57472835       -4.23011055
      1        6.05892297        8.85360032        2.44008856
      1        5.60282206      -10.59385711       10.85056974
      1       10.51639958       -1.72063922        6.73480401
      1       -9.23785377       -8.36718610        9.44724898
      1        9.27301397        1.60497614        0.11493809
      1       -5.34550347        2.56315708      -11.84977462
      1        3.67624877       -7.40076244       -4.05062304
      1      -11.91394284        3.33271204        5.46220198
      1        7.11320447       -8.82595397        4.26492836
      1       -5.07086174      -10.90824594       -0.79418833
      1        3.89771522       -7.52706757       12.79348894
      1       -2.16404572        9.68654132       -1.15975235
      1        8.94530637        9.07593643        9.42178211
      1        0.38783031       -9.89267508       12.31730782
      1        3.19062696      -10.70278010      -13.29230712
      1       11.05874299       -8.09073730      -13.32181512
      1        7.60919635        1.75456483        3.83909419
      1        2.47686551      -12.69259750        1.90549985
      1        3.68340752       -9.89055327        3.96874716
      1       -8.54054427       -8.94233020       -8.39181244
      1      -13.07278713       -9.62549782       -1.77583129
      1       -9.19431327       -4.60616274       -6.87819295
      1      -10.64601677      -11.23910957        6.67258944
      1       -6.92312437        8.74239434       -9.34982507
      1       -3.24774141       13.24752156      -11.52673391
      1        8.75509506       -4.34357758       -3.72234924
      1      -13.73093741        1.93769618       -9.05781048
      1       -7.88144171        2.86460419        1.58937875
      1       10.57861389        7.24976921        9.93247140
      1       -6.96659823        5.47902200       -6.45565794
      1      -12.22048342        2.86475168       12.86372125
      1       13.39582258       11.86920416       11.40618379
      1       -7.89727736       10.36304959        9.45936376
      1        7.44460402       -0.52505964      -11.46006518
      1        5.02395627        7.78491554       10.06732416
      1       -3.08819190       -0.87011763        2.63596771
      1        3.74080898        5.99637998        0.51948184
      1        4.18725671        5.72494983       -5.61892921
      1       13.70787988       -4.14271133      -10.04605668
      1        7.38592798        7.05776884        6.76835962
      1        9.69777967       13.78332673        6.23734222
      1        5.00930129        2.27268595       -4.55616579
      1       -0.46269881        2.36304639       -7.56164011
      1       -5.59050002      -12.14952950       10.32656143
      1       -5.96346200       13.73873618        8.85982202
      1        6.35848952       12.06242836       -3.96246218
      1       -3.64964109       12.35560499        6.16551718
      1        6.11416661       -1.30364525       -8.61665466
      1       -0.31558874       -2.62658635        2.39707982
      1       -1.83460483      -13.02410011       11.37280557
      1       -2.19394354       13.66097151       -5.84929918
      1      -12.59176328       -2.36836548        2.13969992
      1        4.46895904      -13.38554471        5.42764319
      1       10.30954261        6.23959455       -3.59219236
      1       10.93982267        7.89063516        4.23108920
      1       -1.40709167        6.51459739      -11.37146167
      1       -7.62186323       -6.81070454       -4.06446822
      1        9.46576800       -4.76861628       13.02105965
      1       -6.41952014       -3.99154960        5.95420305
      1        1.57499315        9.15374448       -1.57834925
      1       10.76449750        3.42664077       -9.92749610
      1       -6.89194492        3.67795802      -13.34612564
      1       -6.66924971       -7.60130583       -0.87616925
      1       -0.04346682        6.27732520        5.04149092
      1        8.58203645      -10.78298278       -6.11942021
      1      -11.73497426        6.19057675        7.88078357
      1      -11.13083906       11.92725233       -0.65358421
      1        8.45654867      -13.12522377       -2.35558171
      1        7.58245494       -2.96150254       -5.28316374
      1       -1.14003174        7.86230398       -2.66318199
      1      -13.16970057       10.99480951        0.27529488
      1       11.67391573        3.10630579       12.37876808
      1       11.04599564       12.44595213      -13.18402362
      1        2.13567896       -9.74517416       -9.10787826
      1       13.87972613       -6.72742338        7.70914562
      1        0.64888195       11.32560329       -7.89996498
      1        0.84568266        3.96977554        9.14338440
      1       10.40157144      -13.07050177        0.88510324
      1       -0.10771520       -3.90760515        9.01551142
      1        6.21388926        5.50783545      -11.64576745
      1        0.91629967        0.97121950        3.02713090
      1        6.55504105        5.67055671       -5.87881159
      1        9.07868431        9.68181963       11.77461781
      1       -1.06632757       10.99160401        3.48053343
      1       -8.03486872       11.39300698        5.62594026
      1        2.47995496        5.56031213        8.54688505
      1      -12.33674445        0.00955738      -12.44679521
      1        4.15098995        1.15323618       -6.46440949
      1       -1.89247385       12.28821744        1.68972526
      1        8.73227867       -3.10057880        5.71331984
      1        2.63187627        4.57521495       -7.03773986
      1        8.15236503       -2.94469705      -11.63361506
      1       -5.66170264       -0.91628494       -7.95237121
      1       -5.44070414       -4.46746318       -6.37276032
      1       10.47963439      -12.38116650       -5.99104352
      1        5.10136372       -8.60121795        0.30666674
      1       12.70272607       10.23519931       -6.99572677
      1       -3.06576918      -12.14735580       -1.22586476
      1       13.38396709       -2.85068077       -2.77816482
      1        2.19067062        0.57330828       11.10666142
      1       -3.61784304      -12.33867271       -5.09531115
      1        5.95637798       -4.44354840       12.86429055
      1       -8.59722426        8.03285249       12.58697965
      1      -10.18545011       -6.32525742        1.87721073
      1       -9.10054193       12.45294219       13.90079839
      1      -10.98999469       10.72915490       -2.79930480
      1      -12.63707819       13.54642117        5.75793989
      1       11.81619416        2.37009813       -8.07563556
      1       11.50421903       -5.15331582      -10.38825259
      1        1.94793743        8.31988482      -13.51845668
      1       -4.30139692        0.67064230       -4.84548956
      1        6.94631407       -6.60184884      -12.34962560
      1        9.12160374        4.47839862        5.03151683
      1       10.54906833       -3.31083139      -11.68084084
      1        3.51795723        5.32873384        6.36979766
      1      -13.39130224        1.46590182       -4.44742618
      1       -7.71433969        9.91422800       -7.46403604
      1       -1.74339092       13.66690717        6.74743654
      1       -0.47709573       -1.21641122      -10.01648110
      1        6.83597309        8.20078726        0.27773926
      1       11.16260264        5.50333032        4.41452817
      1       -4.88620524        0.39526894       -0.29268333
      1       -3.81131751      -10.29640255      -10.77831556
      1       -6.77782069        4.79877765        0.72776064
      1        5.39783104        8.65379074       12.21973177
      1       -2.70389060       10.04424648       -6.36027595
      1      -13.80427118      -11.33444911      -10.99922131
      1        3.30701261      -11.22057294       10.23594978
      1        4.49103490      -12.55866116      -10.85240005
      1       -6.00651715      -13.95583411        0.99745860
      1        2.88848126        0.96692332      -13.06767929
      1        3.22552780        6.62504487        2.82232146
      1       -1.13628838       -0.04570133        9.49912800
      1        7.22809487       11.46479598      -11.68184287
      1      -12.61577208       -9.25698358        4.26225624
      1       -4.66403893        9.32029975       -9.52353477
      1       14.00356007        5.81411852        2.01847381
      1        5.03430609       -1.30629195       10.78192474
      1        2.93084300        6.55640912       -3.46045317
      1        0.82070768        0.00516753        8.11785031
      1        2.16106937       -3.28587020        9.19385626
      1       -8.81896936      -10.61857310        9.89960229
      1       -3.12997368      -11.48678530        4.69424462
      1        1.15028125      -12.47457229       -1.68607266
      1       12.51799858      -11.16776127       -6.61063298
      1       13.65595608       -5.96624542       11.94037449
      1       -1.85414085       -1.84145644        0.56970618
      1       12.30047051       -0.53815018       -0.25975446
      1        2.90087238      -13.66785167        8.96463661
      1       -8.31009289       -1.54080480      -13.32594234
      1        3.25628839        9.02369850        9.06964019
      1       -4.74295915        4.39773448       -6.04413443
      1       -2.69398722       -1.11157907       13.36184302
      1      -10.09687643        7.11893785       -4.53279859
      1       -8.56517052       -4.94081890       11.09839214
      1      -10.70561503       -1.74299425      -13.21501077
      1       -1.00114609        5.99190091        1.04041844
      1       -9.89534052      -13.39798066      -12.87133271
      1      -13.45568283        8.80645017       -0.55517703
      1      -10.58154789       -0.74232125       -9.38115848
      1       -3.63592071       -0.04368533       -7.00895071
      1        0.43824363        2.93803937      -11.12427849
      1       11.40218409       -1.19477488      -10.98470058
      1       10.54604509       -1.29651249        3.00564524
      1       -0.56796261        7.96806887       10.03713156
      1        6.22912012        2.51699257       11.02404002
      1       -7.31174797        7.79302443      -13.11055283
      1       -5.54492452       -1.22296044       -4.11012070
      1        6.71615890       11.47850868        5.32679400
      1       -3.07703368       -5.53372236        3.34447453
      1       -5.56515781       -7.51578414        1.21167780
      1       -1.37738150       10.03434677      -10.21962726
      1        5.70885842        7.71907476      -12.33885098
      1       11.51248814       12.20608141       -4.04401928
      1        8.94581104       -6.87913136      -13.79349782
      1       13.81860098        5.29126995       -4.99140680
      1      -10.21411734        8.49925693       -2.56436202
      1      -10.50989696       -3.27447933        5.23345598
      1       -1.06637591      -12.89291198        8.85698191
      1        5.71927006       -9.06379069       12.67853169
      1       11.63707052       -0.01216826      -13.12930486
      1      -11.26975733       11.91906970        9.23345138
      1       13.78231259        1.24820220       -0.92470130
      1      -10.03254856       -8.48915584      -10.21843437
      1       -8.13141380        1.00372329        9.32061589
      1        3.97180054       13.03465374      -10.29528528
      1       -7.88811948        4.38367181        5.32489389
      1        2.88227632       -0.97678565        9.20923677
      1       -6.78833631      -12.00774295       -7.77016795
      1      -12.33486595        6.69582711        3.72062449
      1      -12.84486945       10.64450061        2.65453861
      1       -5.12181771       12.12216369       13.06347064
      1      -12.88436555       11.78771497      -13.24761985
      1        8.28608604       -5.49800414        5.53968019
      1      -11.96032591      -10.56042707      -12.50183941
      1        5.85171673       -5.61230070        5.59352782
      1       12.93339781        7.86934794       -7.66184480
      1       12.39741752        2.22988022        2.34482905
      1       -2.77376516        5.05134455       10.29127073
      1      -12.25632814        0.55117585       -2.35970975
      1       12.59980942        8.40429768        9.44074522
      1      -12.26274942       -5.42100590       -9.00278756
      1       -6.24829672        3.18742230       -2.60695802
      1       -2.55528902       -6.91140046        8.81625524
      1       10.39577362       -6.23073717        9.29678500
      1        8.91614891        9.57109241       -5.69894423
      1      -10.39713192        8.24020048        7.66030855
      1       10.11862713        2.80264104       10.47325129
      1       -3.91563240        8.04650998       12.86411047
      1       -7.24973444      -12.97929347       -3.02439541
      1       13.56303719       -5.99716172       -0.71278016
      1       13.49021233       -3.51176275        8.76692073
      1      -12.56299331      -11.81821824        9.97484884
      1        9.68787729       13.50597046        9.91766807
      1       -6.53023964      -10.42810526        8.99566231
      1       -0.98914951        1.54829378       11.33894363
      1        6.33156182       -0.57333635        6.71268691
      1        8.73182954      -13.14853463       11.79170838
      1        8.04061512       -6.77217248       -1.17745546
      1        7.74186706        9.16680032      -12.55443479
      1       -9.32030369       11.42161964        0.92329363
      1        3.94352303        7.84776278       -6.96434077
      1       11.93497100       13.19424063       -9.04034223
      1       -1.40436971       -6.20058224       -9.02115261
      1        0.47854721        8.17123536        6.44600857
      1       -9.51115740       11.66625118       -4.40983225
      1        4.71910184       -4.61067413      -10.18266676
      1       11.45406069       10.10242346      -12.92310204
      1       -2.20585754        1.11021988       -3.77561708
      1       -6.84846027       -3.86706087       12.35652617
      1       -1.62759032       12.36051659      -13.00491991
      1      -10.74659177       -0.38578416       11.22355835
      1        0.87102819        0.76986684        0.62987345
      1      -13.18207507       11.78078522       -6.80097562
      1       -4.91544244       -1.15392819        8.60333679
      1      -12.46366635        3.49183556       -5.33225482
      1       -3.74347717       13.48410320       -1.97147720
      1       12.97161305      -10.38256485       -8.94101836
      1       -1.75888093        4.92979032        6.15891121
      1      -12.84305878        5.77353999      -10.34817295
      1       11.63081193       -7.85049910        4.55997471
      1        3.54547301        3.39586464        2.93769175
      1        8.59259700      -10.37155187        5.44145787
      1      -12.21853486        2.40788670      -12.61209295
      1        3.97127195       -3.98137864       -4.76322381
      1       -9.97289105      -10.88608824      -10.98490652
      1       13.03534471       -2.44560168        6.54632353
      1       -5.36131307       13.48144807        4.91223109
      1       -5.16634666       -8.98112970       -2.18078358
      1       -8.46194168       -2.34644182       -6.83702987
      1       12.41794987        5.36597486       12.71711314
      1      -13.36695395        2.16337415        1.11514891
      1       -9.60347773        9.77683227        4.87919009
