 run_id:         1002
 total_energy:   -4102.4872221245314     
 P   27.848118434861512        27.848118434861512        27.848118434861512     
      1       -0.12930902       -8.79352628        6.80785138
      1      -13.07445400       -9.09963827       -8.02954322
      1       -7.82137970      -12.46742431      -11.83694216
      1      -10.22297644        8.37346697      -10.63799239
      1       13.36624248       13.14745182       13.47319836
      1        9.01129611      -11.09080438        0.77126601
      1      -13.84487240       -3.70532492       -0.70722423
      1       -2.94177404       -4.88992348       12.76132633
      1        0.73771029       -1.63191550        6.12464339
      1       -1.07684395        0.07292630       -0.53974436
      1       -1.44756355       -3.52408612       -1.27762153
      1       -2.74909398       12.94417472       12.73466521
      1       12.14857995      -11.31602763       11.67063836
      1        8.95884750        2.80877143       -4.39631100
      1       -5.61048911       12.06394544       -4.92110266
      1      -11.72931006       -6.13715604        8.04905910
      1       -5.34576591      -10.44274365        4.94108075
      1        5.61430772        9.33172964       -1.42501010
      1       -2.67373004       10.40495001        5.16713774
      1        8.68880961       13.04468828        1.24330243
      1       -2.33434956       -9.64885888        1.52481804
      1        3.10059202       -4.09951785        7.12666463
      1        4.93860054        2.57425106       -9.97049105
      1       10.54639538      -13.40545930       -3.74342649
      1        0.24363951      -12.80369264       -8.57979271
      1       -0.23520914        9.69676758       -6.28354806
      1       13.02415771       -9.53152265        3.60560664
      1       -5.00221799       -8.51425409        9.31452997
      1      -10.08016838        3.22527458      -12.25563658
      1       -0.33195613       -5.36336310        5.49974338
      1        4.87755441       -5.92470891      -13.51817672
      1      -11.04525145       -8.81957336       -4.85560399
      1      -10.82308114        2.82818015        3.40443631
      1        9.87120626      -11.08190166       12.38951399
      1        8.33841188        6.11616199       12.66410256
      1      -12.08592559       -0.64203784        3.70619533
      1       10.90620072        6.64525555       -7.48588976
      1        7.01381522       -0.66838114       -4.77284006
      1       -5.65864598        2.74817437       -9.49536251
      1       10.95624396        0.50648432        1.38545411
      1       10.90750072        7.17736253       -0.03054760
      1       10.77062452       -2.57648810        8.96602633
      1        4.57702179        0.80896944       11.56495240
      1        8.95935082       -8.98051538       -4.52994549
      1        1.16281320       13.02194643       -1.41027330
      1       -4.08193962       11.06769888       -8.08145573
      1      -13.34701210        7.72448170      -13.13018098
      1        6.73551046        4.96894432       -2.03791827
      1      -12.68958563       -7.32607691       -1.76722839
      1       10.08107135        4.89463414        9.08304058
      1        1.19869905       -9.35424782        0.88747180
      1        7.62475162        2.48840701        1.54159703
      1       -3.21250035       -7.70505528       -5.28862954
      1       -0.08206550       -6.17833858       14.79037027
      1        6.92549705       -5.81513614       11.15250220
      1        4.66375992       -3.09909371       -8.25304171
      1        1.81225460       -8.75885861        3.15905260
      1        5.73227684       11.81094754        9.45107549
      1       -0.36536654       11.78803885        7.41060445
      1       -4.41163161        4.44466444        0.42229560
      1        2.27105533        3.25036266      -12.62825566
      1       -8.90486779        0.74244766       -4.33036798
      1        8.15022164       11.67824801        9.38079552
      1        5.35969744        0.14180506      -10.44072748
      1       -7.31613108       -5.85933097       -6.20350303
      1        7.15475882        5.16555100        3.68213098
      1      -11.67172743       13.23042463      -11.69066570
      1       -3.13612118        7.17069812       -3.96012907
      1       -0.01548835       12.17871127       -3.27148657
      1        7.17139590        3.14628430       -9.34920406
      1       10.32617816      -10.35836549      -13.08995749
      1       14.00648259        9.80181256      -10.11481617
      1       13.39916732       -6.66685985        1.51619708
      1       -3.29681077        3.47380019      -12.78273908
      1       -1.49485539        1.93267169      -12.18904485
      1        3.03046413       10.73233794       10.81143963
      1        2.61341883       -4.30080821       11.28086916
      1        7.69433035       -7.81773756       12.23532086
      1        3.75318168      -10.92993636        7.69253103
      1       -4.01115957       -1.05800482      -11.23233398
      1        7.13094138        7.56560774        9.09147235
      1       -8.83946194        3.97221990       -6.28912329
      1       11.17945256       -8.70901150       -1.45690184
      1      -13.35143703       -0.42267673        5.79616203
      1        0.90559626       -5.64434852       -9.40478356
      1        5.62140505       -9.65462757        2.52289764
      1       -0.72762213       -2.48754473       -8.00468349
      1        9.60978595      -12.76344086        8.12331403
      1       -2.23867244        3.30848932       -2.76279030
      1       -3.67937624        5.80698215      -11.77090101
      1       11.94436470        4.58053588        2.39998265
      1        0.64242431       12.46682142      -11.92796371
      1       -7.79149359        0.38933441      -12.19199534
      1      -10.25439990        9.51193156       -7.38049513
      1       -5.15913098      -13.71450677       -3.81650971
      1       -9.99162900       -6.83241686       -3.96957388
      1       10.18774335       -7.95444659       -7.85086901
      1       13.17012687        9.53104432       11.49553724
      1       -2.16865090       10.19738480      -12.36810348
      1       -0.09630124        6.18087820       -1.26020406
      1       -4.79917672       11.77653657        8.16267761
      1      -12.65191386       -1.58764015       -3.65892508
      1        9.21515583      -13.07650164      -10.73568999
      1       -8.67532398       -4.77792721        5.15179492
      1       -9.86561741       -1.26008778        4.18644908
      1        2.97843048       -2.21399893        5.74325343
      1        9.79935578        9.86032607       -9.37519581
      1       11.44513601        5.35744385       -5.52016936
      1       -4.01947265        1.35197545        2.77792820
      1       -3.24438781       -9.10813389      -14.01604208
      1      -13.78385620       13.70933596       -8.05366305
      1        1.33027967      -11.97707165        7.74495979
      1       11.24513296        6.95418396      -11.17607137
      1       12.98346797        7.69799113        0.99425347
      1       -3.37945434       -2.92883685        8.56207583
      1      -10.59480056      -13.18647065        5.39468473
      1       -7.77389032        4.83189211       -1.62342054
      1        8.65871700        2.50125746      -12.97214594
      1       -8.82549955       -8.66229257       13.07243545
      1        8.89601050        2.10860907      -10.62482583
      1       12.76793772        5.92637134      -12.81775772
      1       -9.28758270      -12.16862659       -0.17517749
      1       -0.90658058      -13.31055708        4.68965865
      1        6.01898573       -8.49121773      -11.26951624
      1      -13.05370078        6.83997474       -6.60415984
      1        2.61269971       12.38372653       -6.87484069
      1       -8.05191648        6.37792913        4.03805345
      1       11.36991566      -13.83381059      -11.34239046
      1       -6.82490690      -11.08527324        6.68505250
      1      -12.85175013       -5.52069764       -6.73832086
      1        5.08672805       11.20752674        7.15796202
      1      -12.87647031      -10.53965053        6.24253408
      1       -2.72969566       -2.57462377      -12.55145660
      1      -10.91845793       -4.91877373       -5.20272026
      1        5.38726683       -4.49021918        7.58933969
      1        6.03216966       -6.44409949        0.17042395
      1        9.68756636        2.13437684        5.19033455
      1        2.84246537       -9.10214404       -0.76692324
      1        6.36740314      -12.79719728       11.36737737
      1       13.10006451      -11.88604146        3.80032984
      1        9.61787654       -3.25642943       -1.77257607
      1       -1.03735105        0.62777748       13.60595656
      1        9.25903855        9.78640997       -2.01287602
      1        3.97209124        9.14175512        6.89738653
      1      -10.88073495       -4.25136118       11.12912235
      1       -6.08549154        8.62787011        1.18237277
      1        1.93432607       -5.82099235        5.84830435
      1       11.44555472       -0.95239535       10.57213267
      1       13.67739395        1.77814243       12.18019506
      1        7.65912700        1.12569180        7.84620093
      1        0.27492866       12.12728412        0.58335917
      1        0.04166155        9.17837389        2.39514534
      1      -12.27919491       -7.04673469        4.89518652
      1        8.29998825       -1.98711188        3.62243092
      1      -13.49236432      -13.37497920       -4.05929730
      1       -2.95548851      -10.24099951       -8.55830624
      1        1.95788312       -2.77376550        1.60312294
      1        8.85042637        8.48399815        5.39193480
      1        1.53650012      -13.75485413       12.55154001
      1        2.17940510        6.85483933       -1.20334163
      1        4.44135854       -7.01421760      -10.06478739
      1        5.74024628      -11.44686053       -9.16950858
      1        5.07180467        1.29997126       13.84802774
      1       -0.23044138        7.18881000      -13.29793442
      1       12.91818274      -12.63854998        9.79671983
      1       -8.20755116       -4.08367663       -0.96810893
      1        6.00432858      -12.48937845      -12.70808653
      1       11.12992961       -9.13050896       -9.71059751
      1      -13.06207175       -9.48565922        9.88472298
      1       -1.16765416        7.25669954        3.10897934
      1       11.76533665       -3.41828909        2.77316294
      1       -7.20128314      -12.35132331       12.17775474
      1        7.28774441       -9.82337312        9.30518754
      1        1.58220538      -13.33428964       -6.49922513
      1      -11.63915487        9.67142588        6.16702752
      1        2.53631040       -6.40223699        3.58136861
      1       -9.58902062       13.48483576        8.77335564
      1       -1.90936669       -4.21654853       -5.41542843
      1       11.55164462       -9.59053727        7.92804819
      1       -2.08571777       -9.54961458        3.84707961
      1        8.25645689       -2.34193252       -8.88850954
      1       -5.09125101       -6.62847159       -8.94766120
      1      -12.38095222       -6.02561885        2.78111116
      1       -6.62234017       -0.80043653        3.05532785
      1       -2.69494287        1.65773729       -8.41015576
      1       -5.81047912        8.41172587        6.40940810
      1        0.83007589       -4.23070735       -1.63881486
      1       12.71559349       -9.28576959       -5.07543173
      1      -10.19755670       -5.06703395       -0.15639018
      1      -12.66375003        5.52163040        5.75294190
      1      -13.66429774       -2.21679405       12.63681243
      1       11.01038043        3.05724764       -5.74654122
      1       -1.95841677       -2.43469188       -3.58714049
      1       -6.08569041        1.05865218        1.68092660
      1       10.35964010        3.45879234       -0.93716089
      1       -9.70717251       -2.89582077      -10.28680621
      1       -6.42522881       -7.10403718      -10.82812735
      1      -11.35953008       -2.29459040       12.44933211
      1        3.35180643       -0.64705403      -11.44847256
      1        1.28914455       -9.79454837       10.14863030
      1        3.95130661      -11.28414018       -1.29031089
      1      -11.60808353        5.84282679       -8.32136343
      1       -5.73543187       -7.29758328       11.27752438
      1        3.61335170       -2.69760399        3.43289766
      1       -9.46075069        5.74866567       12.34347302
      1        9.15270905       10.70832273        1.85613596
      1       -0.71463453        5.70129258       -5.75322460
      1       -1.55990852        7.84775287       -9.22453602
      1       -0.37766138        5.37404819       13.08508040
      1       13.14816528        9.06274073       -2.54298839
      1        4.63371018        9.41168776       -5.23783184
      1       -2.89183129       -5.44208154       -1.00027683
      1        0.13934772       -9.68811946        4.64694281
      1       -4.62123546      -11.11866790       -6.94063705
      1       13.30050406       -1.77978129       -9.54586694
      1      -13.34246590      -12.49435176       -6.33376962
      1       -1.67747841      -11.82180471        0.79016807
      1        4.89844718        3.27721372       -1.46074447
      1        3.75340318       -9.06767531        6.22910525
      1       -7.35091789       10.59939018       -3.88177420
      1        9.96420136       -5.33314027       -0.59411911
      1       11.41707793       -1.67543024       -2.21574561
      1      -12.54503569       -0.23678253        9.65674466
      1        9.98310672        8.95962782      -11.57404688
      1      -10.41572595        3.78661022       -8.08121519
      1      -11.03468470       11.37432044       12.98625679
      1       -2.29899604      -13.33766639        2.53262302
      1        6.21199234        5.92239596        0.08826457
      1       13.87600331       12.16726842       -4.55163511
      1       -0.94843018       -7.36147405       -6.51386952
      1        7.88594876        5.66008646       10.31635986
      1       -5.21956851       -7.82857485       13.54564539
      1        4.28106531       12.29446665        2.22240800
      1        0.86352857       -8.94358510       -6.75293749
      1       -6.42373598      -11.49015721      -13.63572102
      1        1.75028022       -0.49702214       -9.65381314
      1      -10.63992728       -2.75513068       -4.07146911
      1       -7.65296824       -3.71822674        1.35599628
      1      -13.45561390        6.13506989       11.49258996
      1       -5.50563788       -2.38505825       -9.87534527
      1      -12.92497248       10.00461365       -3.99037591
      1       -8.21947696        7.84546597        5.94697275
      1        5.36555310       -9.04518689       -4.02260588
      1       -2.86451412        2.83574194        1.28262868
      1       12.12758233       12.94620705        9.75484653
      1        7.09273507       -2.74353979        7.42965215
      1       -8.76410937        5.70346646        7.40272900
      1       12.19542656        3.73536986      -11.82689406
      1       -4.97459057       10.02392921       11.88199535
      1        1.01388175       -8.11236625      -12.21865112
      1      -11.27687915      -13.52020571       -0.77237048
      1        3.14904980        1.16613666        3.74504197
      1        5.08740597       13.24825175        0.15286140
      1        5.81855819       -4.21447840       -6.40353335
      1       12.07045706        6.90048209       -2.14829387
      1        0.85042190      -11.83581981        5.34942824
      1       -3.10863858        0.46328108        8.18959068
      1       -3.12773007        5.27665064        7.83560688
      1       -4.72151079      -13.09293904        2.98180849
      1       -4.74770425       -9.75794478        1.24950716
      1       -6.66188554       -7.67141298       -7.51721518
      1       -2.44514577      -11.11301162       -3.29814349
      1       -2.86332013        1.65258338       -0.76811554
      1       -7.87657555      -10.84721811       -3.80593135
      1       12.91170523       -9.02367347        1.35208217
      1      -10.18488274       -6.46038253        6.18849175
      1        7.46892256       -1.00083848       10.77222511
      1        9.38782329       -2.68982104       -6.76883329
      1        6.90988146       -7.78363716        8.14539594
      1        5.50596377       -6.18400529        9.31731806
      1      -11.46210828        3.99178151        9.09680936
      1        5.24518533       11.00633861       11.91843666
      1       -6.22019644       11.86274490       -7.26800240
      1      -11.82103033       -6.32535794       11.77461534
      1       -0.06808788        9.81860535        0.05775039
      1       -5.56022577        3.79948337        5.75312277
      1       -9.72540888        7.28840600       -8.57783998
      1        4.77013941      -10.66958963       -5.69691991
      1        8.97898292       -4.78053411       10.61328022
      1       -7.50380987       -2.81976704      -11.36839360
      1        9.67884082        9.78878652        7.20597853
      1       -0.71902150        0.80868760       -5.70352542
      1        2.07586423        5.05773335        4.35051152
      1       -6.76260211        1.10673939       -1.54395408
      1        2.21593660        6.23043115      -10.36228703
      1       -4.91878981        7.73164960      -12.82652911
      1      -12.11579326       12.63512832       11.27771235
      1        3.24406322      -12.81324033       -3.07385438
      1        1.00737946       10.06992902       -3.99701594
      1       -6.23639544       -2.27259651       -6.12287451
      1       10.67841468       11.27416652       -6.06328339
      1        3.93013091        4.50524736      -11.23691164
      1        2.74662126       -7.27623675       -6.30824783
      1       -4.20267630       -1.92379888       -0.35547307
      1       -6.98650325        1.06983213       -8.27309623
      1       -0.10717667      -13.78441440       -4.80590080
      1       -9.81757989       -9.88380116       -6.60924614
      1      -13.28779976      -12.73716123        0.31785950
      1        0.71143720        7.46567129       -4.30192330
      1        4.61508961       -0.62179719        0.42816806
      1       -8.49264410       -2.30131085        8.40599268
      1       14.88983984      -13.00669185        2.61381155
      1        7.21346222       11.06082259       -1.98861999
      1      -10.23128672        4.35930594        1.70865978
      1       -7.69859949        7.07220438       -4.89669434
      1      -10.98900156       -3.84918786      -12.12789446
      1        4.01172223        9.97642701        1.87386067
      1        1.58899018       -7.48867903        9.51418036
      1        9.93642576        0.68293987        7.19078689
      1       -2.69877543        1.13418662        5.96225400
      1       -7.56730183      -10.75491620       -9.71039552
      1        1.00830361        3.05232843       -0.00159283
      1        2.99603464       11.10448686       -4.89181218
      1       -3.86002393       -5.42593053       -4.87292770
      1        1.27684249        1.79816307       -9.15789474
      1      -12.85465801       -0.16157311      -10.10453761
      1       13.28664212       -6.28634444        5.42727770
      1       -1.66016983       -8.66955722       12.12470970
      1       -2.60424994       -9.36882421       10.00398419
      1        4.23116095       -2.91611497       12.37970986
      1        7.78947977       -3.28543275       13.83029907
      1       12.67902641      -10.10246317       -2.77989211
      1        2.10415453        9.47285881        5.50137844
      1       -7.31335721       13.10815022       12.38763301
      1        9.99132119        0.83309881       -7.76807638
      1       -4.18442551       -5.08331020        9.14367111
      1        8.31715033       -1.15999347       12.94180885
      1       -4.20077746        6.19975112       11.66408717
      1      -13.13573490        8.80311130        4.46758763
      1       -6.13243544       -5.37771703        7.84043860
      1       -4.05218595      -11.34539012      -14.08530335
      1        3.77708741        5.18653819       12.58436956
      1       -5.20028390       -8.94257332       -6.08244297
      1        0.74155457        3.81405593       -5.87227608
      1       11.01139267        2.30114850      -13.36584903
      1       -1.07868081       -6.32050764       12.27360840
      1       -8.09958187       -7.29852610       11.23144058
      1       -2.78721676        4.95024510       -4.65326568
      1       -7.82423511        4.44298033       11.09200226
      1       -8.63239373       -8.05154729        7.15963071
      1        9.03601561       13.14589059       13.52354159
      1       11.47816348       11.15513165        1.98579786
      1       -8.92029696       -8.46564019       -0.62870104
      1       -0.69711038      -11.93502355      -12.46225180
      1        3.44901663       -1.75936597       -3.88065547
      1       10.13531459       -5.70740175       -8.49934356
      1       -3.66418889       10.87690042        0.85417732
      1       13.67739108        5.12031872       -2.52935679
      1       -1.72013763        8.76551003       13.66163766
      1       -1.34839373        9.66328302        6.96883958
      1       -9.60945232        1.08924048        7.38679567
      1       -0.78300391       -4.89169458        3.17738206
      1        7.94552476        0.30007957       -1.34020523
      1       14.18611481        3.10478831        8.35234688
      1       -7.95269525        8.95366822       -2.09075320
      1      -11.40319778      -12.85812568       -3.04890915
      1       -7.72964182       12.64884749       10.04702560
      1       -9.65221609       13.42097667       -8.39237731
      1      -11.65652859       -3.16674785        0.00425718
      1       -1.55645159       -2.39285096        9.96125394
      1      -12.43372374        4.34284100        0.78050746
      1       12.50714085        3.02372622       -1.98027496
      1       10.28018941       -7.33608121        2.61241098
      1       -1.57150599       -2.97135298       12.24290898
      1      -11.57726196        0.99587831        2.14654346
      1       -8.70196560        0.74763992       -9.94368453
      1        6.85932117        6.72802544       -3.74591317
      1        6.63237273      -12.11410961       -5.85821274
      1        7.97447737       -2.00640036       -0.64024269
      1      -12.22409254       -7.67976203       -9.71024389
      1       10.89260754       -0.18560508       -4.01687421
      1       -0.64410724        3.74306606        1.61672333
      1       -4.70612907        5.77224607       -9.54434206
      1      -13.39805113       12.75453085        3.63038568
      1      -10.73374255      -12.20165058        3.17831308
      1        6.38934061      -13.33552670       -7.86843627
      1       -1.71812100       -7.06149850        6.53019364
      1        9.13888379        8.25185659       -7.65043893
      1        4.04071560        7.34016711       13.71302212
      1       -0.32131713       12.71259087        9.63080980
      1       -3.16552060       -7.89876180       -8.14124541
      1       12.74892487       -5.69247224        9.59205169
      1       13.12533270       -4.00083796       -6.37619386
      1       -3.64917332       10.61634165        9.94492451
      1      -10.68438695       11.81845968       -6.60710189
      1      -13.53179761       -7.11686761      -11.61713663
      1        5.81483458       -7.94633287        6.05429560
      1       -0.75217769       -7.98995533        0.60520916
      1        4.30079024       -9.98563163       -7.93390042
      1        0.95574823       10.64863125      -10.27622339
      1       11.22680444       -5.45151029        1.54342950
      1        1.18006570       -9.99302654       -4.54510708
      1        3.96068619       -0.45966749        7.05991991
      1       -1.94191438       -6.38792959      -11.50597003
      1        7.36665944        0.56360260      -13.54145537
      1        4.66163443       -0.55557147        2.91814135
      1        5.55293948        3.61418939       13.16095333
      1        5.61253368      -12.41602453        7.34443469
      1        6.31673605        0.23158576       -6.87069943
      1       -0.31882985       -9.89312535      -11.22797294
      1        8.97515373       -9.36312576       10.95090712
      1        8.08515580        1.28723109       10.21058813
      1        1.66881308        4.09376510       12.98791406
      1        5.71177322        3.32786931        4.06999758
      1        7.58104859        8.34222715       13.00356315
      1        1.16632673        7.58317392        8.73001105
      1        2.21174892        8.63089663      -11.12140140
      1       -2.70361159        2.88192225       10.91540783
      1       -8.58778139       -1.01947289       10.43538503
      1       -9.37534100        2.79408262       10.29485133
      1        7.63839780        5.47893245       -9.67766990
      1       -9.27332099      -10.43850575       -1.86184278
      1       12.01325964       10.84741851       -9.14858427
      1        5.62529614       -2.74649257       -0.02772087
      1      -13.05828020       -6.32879052       -3.86698232
      1        3.24225383      -12.16565541       12.61689055
      1       12.42048849      -13.55186100       -0.45900740
      1       -5.77360583        0.41985904       10.34013344
      1       -4.84837914        0.10877994       12.85807585
      1       10.69787789       -1.27415262       12.90306823
      1        6.71332752       10.52031770       -5.76867783
      1        0.49985071       12.64001930        4.12433109
      1        7.74901912        9.91895004        3.76630145
      1       -8.13249739       -4.58362092        8.84194383
      1       -6.86235360        8.83687426       11.00194958
      1       -5.28718901       -3.57634818        1.03250735
      1      -10.40439311       -6.88801816       -1.62445235
      1       12.77845040       -9.12043767       11.07897088
      1        3.28764516       -2.41052311      -13.21049304
      1        5.75340540       13.13395808        3.95660691
      1        7.38203726       13.09127308       -0.73501716
      1       -3.42153042       -4.91640110      -12.73277276
      1       -4.91629682       -5.06379398       11.41920032
      1        3.58023708        3.92633452       -3.47516007
      1        0.99351318       -4.68126456      -11.56331911
      1       -6.57461837       -1.80797083        6.99735111
      1        8.41113458       -2.74198203        9.44950584
      1      -11.90749194       -3.94766608        8.92824232
      1       13.10498956       -2.37078618        1.09729375
      1       -6.94856863       13.26722038      -10.98140847
      1        4.51278201        9.13080119      -10.88093409
      1      -10.67612218       -2.50688538        7.48892201
      1      -10.46282068      -12.11656943        8.92715643
      1       10.23087001        5.07421262        0.80654491
      1      -12.82044948      -12.86370664       12.32558035
      1       11.19972418        9.17015761       12.76554250
      1        4.59905774       -4.99026727        3.57371376
      1        5.03207724        7.12947747        6.07664929
      1       -2.91967921       -8.72853097       -3.08035236
      1        6.67232972       -0.37386824        4.28614933
      1        9.48731203       -0.27648345       -9.89511867
      1       -0.09106563       -0.96515853        4.02569909
      1       -8.14038409        9.35629493        0.24409943
      1        2.09726068       -4.77089279        0.30330787
      1        6.16066357       10.82715210       -8.03867947
      1        0.70963258       -6.20764309        1.79751237
      1      -10.30600005       12.00002859      -10.26218991
      1       11.19459783       -3.43383080       13.86129047
      1        4.56622524      -12.40060302        0.69337399
      1       -5.72546226        4.31960630       12.38788532
      1       -7.70342957        5.56249714      -12.31069701
      1       -7.97718470       13.09489335        2.09827074
      1        4.90593658       11.38829919      -11.73167674
      1        5.11691254        0.02978514       -3.47513693
      1       13.65877915      -11.07198998       13.58696332
      1       -4.53749949       -4.89099789       -2.65773560
      1      -10.64978700        9.21303238       11.94127617
      1       -3.12895918       -7.55289187        4.66762537
      1       -5.72920970        2.56343253       -4.90109493
      1        7.76353441      -11.32661154        7.51995405
      1        5.42840955        6.92662043        3.73575972
      1       -2.25340867       11.67159859       -2.63229268
      1       -4.82015527        1.65391505        5.04800782
      1       -5.19583249       12.10559094      -12.29793875
      1       -0.08687692       -5.69183020       -4.99782546
      1       11.56103066       -6.39553766       -1.96500132
      1      -12.05120922        2.25876904       -7.39124531
      1        7.98397420       11.42304282       -9.43665112
      1       -5.04799593       12.29055673       -0.40375285
      1       12.10329316        1.95651374        4.69703001
      1       12.52944854        4.89043060        8.31982007
      1       -5.40576986       -8.06906712        5.07941343
      1      -13.24432411       -4.75507488      -12.19309817
      1        6.74130245      -13.45277380       -3.92015666
      1       -9.64559130       -8.65363124        1.68367335
      1       -8.54818028      -12.29002396        2.15823696
      1       -2.83354453       -2.77421270        6.19061405
      1       -8.24264498       -5.49758435        2.94156300
      1      -11.55409940        4.76343680       11.50302646
      1        9.44508266      -10.62627324      -10.79303195
      1       12.21233245      -11.77212169      -12.40621889
      1       11.94465357       -7.39805523      -11.22263222
      1       -0.21033516      -12.14057470       12.96785268
      1        3.37528821       -4.51355718      -12.14925600
      1       -8.64204447       -1.63782756        2.17571933
      1       -9.90968048       -4.94627174       -9.13677100
      1       -0.60967826      -10.27723999        8.71883242
      1       -4.19665438       -2.53693058       -2.67658099
      1       -7.49361530       -0.56620944       -3.00938350
      1       -3.03166111      -12.20058724      -12.06420133
      1       -8.87019818       13.41060013        6.50367964
      1        6.57828856       -5.46656625        2.25423770
      1      -10.42733246      -13.20201911       -6.13092245
      1        2.08080674       -8.87066720       13.69312848
      1       -5.43239648        0.31633341      -12.59771468
      1       -9.90467357        5.40534059      -13.12135461
      1      -11.44618848       10.06753905       -9.49314466
      1       -5.64412412        7.05069565        9.93431604
      1       12.54719445        9.17464276        2.75886293
      1      -14.07287641       -0.12703476       13.73427809
      1        2.88945394      -12.09310142        4.17957550
      1        2.41920675      -11.36764895      -11.07366524
      1        8.86078968        8.13883432       -3.75772229
      1        8.02939479      -10.96169252       -1.36629484
      1       -9.88964686       -1.03200477       -5.53933861
      1       12.85002338        5.77732436        6.13740029
      1       13.15553279       -3.98586387        4.72491781
      1        7.07593588       -7.60837699       -4.79471619
      1        1.61398327       10.16454042       12.73325978
      1       10.07573154        5.64510704       -9.55198957
      1       -9.05152689       -2.25920590       -2.29335019
      1       -4.31258758        2.12011014        9.38010453
      1        4.07480203        5.54720470       10.21757433
      1        2.75838832      -11.71854088       -5.09403085
      1        4.36356244       12.15507014       13.87380926
      1      -11.29562009      -10.44771282       -3.05393955
      1        2.32580759       -1.05757760       -0.03839633
      1       12.98758915       -1.69267041       -7.10001375
      1       -6.89242622       -9.18551635      -13.38103943
      1        4.43024243       -4.82918524       -0.66137444
      1        4.75718378        3.34614535        6.22763099
      1      -12.86477125        8.22716137       12.41565753
      1        7.08163090        7.00369078       -7.92989778
      1        6.69665036        3.32593685        7.59412775
      1        4.92867918        8.03030623       -3.34607542
      1      -13.49526411        3.47915752      -10.92728365
      1        3.32804713        3.66863458        0.46073310
      1       -3.84054216        6.86865234        3.31089805
      1       -8.80835589       -6.52843689      -10.68054158
      1       -7.36155842       -4.51894290      -13.22083562
      1       -3.80882998        3.90551952       -8.20718146
      1        1.27919635       -3.84301492       -7.78564236
      1       12.98717123       -4.76468414       -4.05514027
      1       13.40850441       -4.27106602       13.56798830
      1        2.60281036       -1.88556690       -7.86082686
      1        3.14110220        1.57252524        6.13546343
      1       -3.20490807       11.72976265       -4.83099083
      1        8.01022112       -8.84069612       -7.68662350
      1       10.84450751       -8.42940445        9.88344389
      1        4.69559208       -5.43118710       -3.02747445
      1        3.40194037       12.89684747        6.90731658
      1       -4.11674079        2.57732476       12.85488980
      1      -10.10131538        6.42679300        2.80954730
      1       -9.26608099        3.06329093      -10.03055723
      1      -10.09489123        1.76311162       -2.38902060
      1        6.99030832        3.31179525       -5.56460212
      1       -8.72921476        1.56664505       -0.31533802
      1      -10.05468543        8.11773350        1.15276212
      1       -4.59498173       -4.30573625       -8.58424514
      1       -4.86621916       -2.36805853        2.95664348
      1       -0.06055541        7.50690985       -7.34564642
      1        7.87554977        4.84239310        1.46687045
      1        0.61431684       -4.26964571       12.70431447
      1       -6.18269272      -11.06541497        2.73559693
      1        7.76813562       11.64872361       12.00338641
      1       -0.63585190       -3.45768607        6.73880668
      1       -1.04782912       13.12092100       -7.92562867
      1        0.97506688        2.13099765        7.18553445
      1      -10.09074301        3.43459972        7.11163235
      1       -0.40936143       -2.68059448      -11.86492011
      1       -6.76759568       -5.61546201       -2.15741340
      1       13.49017392      -12.54166538        6.05436781
      1      -10.69488025       -7.26163472       13.69141499
      1       -2.22771735        0.41308631      -10.44244535
      1        2.67691354       -0.55622388       -5.78491378
      1        8.94969532       -8.89022801       -2.14157163
      1        7.44448835       -3.28325935        1.75712134
      1       13.32582443        7.50857482      -10.01382918
      1      -13.16590336       -8.02207951       -5.80559978
      1      -11.69102721        8.53251393       -5.62968104
      1       -0.47607873       -6.18278756        9.87937493
      1       -6.51197530       -8.94985739       -4.09191520
      1       -4.33081378       -3.91488109        4.68641823
      1        6.65665271       -6.71745350       -7.01834772
      1       -3.55126395      -11.35169411       11.32687189
      1       -6.98014257        6.84204785       -2.64769084
      1      -14.24957160        1.41661630        9.83847452
      1       -1.75942284        6.05489454       11.22683535
      1       13.79771620        9.90666408      -12.42840534
      1      -10.42841787        4.67165681       -4.61629205
      1       -6.25286002       -7.65445672        7.29996382
      1       -9.16887625      -10.90078167       12.27062648
      1        5.07379965      -13.47514816       13.24888831
      1       11.12234671      -12.98300868        3.13717518
      1       -6.88800720       -7.50756931        3.20769291
      1       -9.91175268       -0.12286467        0.78040275
      1       -2.26652466       -0.85739802        4.83736218
      1        0.03058184        5.08477444      -10.15343039
      1        7.41032729        4.52723005      -13.52969992
      1        9.03525168        4.40924412       -2.65143501
      1        7.51054810      -13.48873570        2.92717884
      1       11.83342172      -11.92364354        7.83833971
      1       12.16901680        1.84620687       -4.03874469
      1      -10.06252180        4.16730140       -2.33310552
      1       14.01181307        6.53157719        9.20312387
      1        3.45006239       12.28438687       -1.26804336
      1      -10.17606122        1.71428633       12.26970111
      1       -0.43285720      -10.46212032       -8.70511868
      1       -0.44645738       -0.68629973       -2.72147165
      1      -11.44512172        6.84937548      -11.98171736
      1       -1.76209362       -1.34787516       -6.13433132
      1        4.71098547       12.72052533       -8.08952708
      1       -8.13164632        9.21792591      -11.36497590
      1       -2.28451594       -4.27264301       -7.92352809
      1       11.77681038       -0.41089527        4.88094503
      1      -10.16827624        9.73698742        9.57365198
      1        1.87421239       -8.30129216       -2.87102270
      1       13.66400409       -1.80718242       10.39496735
      1        9.03021082       -6.93666609        7.32004400
      1        1.95867118       -7.75718661        7.15069857
      1       10.80631562       -7.89964097       -5.49334374
      1        7.00820394       -4.83329532      -10.73184487
      1       12.02852735        9.64066005        7.51980994
      1        5.59967205        0.88231893       -1.26592021
      1      -10.98949398      -11.90707529       13.55570751
      1      -12.60111053       11.65046112        7.25441800
      1       -5.14542394        3.99102330        8.08027111
      1        6.04020199        4.32945269        9.63192831
      1      -11.68792894      -11.01326640       -7.49383355
      1       10.69741629       -5.71225002       -4.41227251
      1      -11.48822670      -10.04692200        2.29801970
      1       -7.24075261       13.59664497       -8.56675572
      1       -3.36481594        6.46298205        0.92267255
      1        0.75159669      -13.13521603      -10.95912025
      1        1.41291605        2.95483140       -3.75856933
      1       -9.50902777       -5.60470071      -12.78162494
      1      -10.83756562       -1.22924412       -1.09223511
      1        5.87624065       -9.89342075       -1.75695472
      1        9.13439573        8.88373350        0.17091350
      1       -4.07918873       -5.64242560        1.13386942
      1       -0.00603716        3.88104693       -2.04367541
      1       11.23296002        1.07914114        9.28297240
      1        9.14747821      -12.59848805        4.43820851
      1        4.60303359       -7.62112081       -7.80287936
      1        1.12450243        2.63855624       11.09374145
      1      -13.17881706       -0.55707545       -5.81745730
      1       -9.39547300       13.98719478       -3.93459909
      1       -6.91125433       15.35833330       -0.69550277
      1       12.49863002      -12.53953431       -2.69832172
      1       -6.09342175       -9.45888775      -11.06017053
      1       -7.31573837        6.38850512       -8.64776276
      1       -0.56487767        9.71204244       11.86155175
      1        5.32134124      -13.70185889        9.38397974
      1       -2.50007066       12.10361091       -9.48457691
      1        8.13660239       -6.80776350        3.49687728
      1        1.90972651       12.87842206        2.21800147
      1       11.96627581       13.23917945        6.03101090
      1        6.70243209      -11.61332548        1.65853416
      1       -1.55439295       -7.32038247       -1.60227718
      1        7.87978025       -4.96013729       -8.50487505
      1      -11.44238807        7.56323648       -0.76275876
      1       -8.17091258       -9.58464981        3.40908459
      1        0.72720583      -11.65691129        0.56775557
      1        0.98218865       -2.28458088      -13.79130665
      1      -10.48851922       10.05230062        2.60314874
      1      -12.80703839      -13.29143207      -10.08161894
      1       12.08797743       12.75341545        3.67136655
      1       13.10516162       -8.17195534       13.22366232
      1       -6.56709635        9.00671687       -5.56770337
      1       -6.97778485        5.29761463        9.03977351
      1       -3.72342012        7.57512576       -8.30693533
      1        8.47611058       11.85413234        6.88792246
      1        7.81923582       13.75935502      -12.38419167
      1      -11.59986073       -0.34399660        7.49952183
      1        1.82059849       12.82725437       10.54026427
      1       -1.80088199       11.56315831       11.05958213
      1        8.40981846        4.94287005        7.20791962
      1       -7.33455073        4.49413309      -10.15521080
      1       10.52353363       -9.11765813        0.87345745
      1        2.03579646       -5.02482411       -5.87180718
      1        3.33206000        2.59050771       -8.20374686
      1       12.76387455        8.18321545        5.80094374
      1       -7.69110402        1.92923432       -6.04912653
      1      -12.47078640       -3.92790829        3.87951501
      1       -4.41844756        9.84180420      -11.77499310
      1        2.30337016        8.85712548        3.15335332
      1       -5.24576747       10.25611852        2.70516914
      1        4.08059057       12.69678753       -3.48593372
      1       -7.02984683       -1.43141876       12.34611518
      1        5.42269501        8.64663195       -8.66774622
      1      -10.83265535      -12.37691036       -9.24967002
      1       -6.63825028       10.42482822        7.37856681
      1      -12.02283358        5.27892591       -1.35231242
      1       -8.77924913      -10.00966071        5.82219514
      1        1.66216620       -1.93958766       -2.21259748
      1       -6.26817703        6.55573447        2.38009470
      1       -4.16921581        8.25785587       -0.37597481
      1       -8.73122873        0.56556798        5.26067137
      1       -6.69328623       11.92244863        3.74311756
      1       -4.19166069        8.24510632       -5.91285754
      1       -6.51014528       -0.08247128        5.32118130
      1       -2.53871445        8.86301453        8.82787963
      1       10.81793912       -4.56927938       -6.59456719
      1       10.63639681        6.84337036       12.31985009
      1       -5.56278876       -6.01341989      -12.75826722
      1       -8.47311204      -11.68513437       -5.98815892
      1        0.43291440        3.18432164        3.69330387
      1       10.84808534       -0.88736721       -6.33239507
      1      -12.65071067       -8.44035254      -13.35026882
      1      -11.29326696       -0.03620641       -7.17070085
      1       -4.30630600        4.35463306       -1.90235385
      1      -13.12531534      -10.35946629        0.49585050
      1        8.69650553        0.56456797       -3.60453620
      1        5.51122321      -10.08987925      -13.03386010
      1        2.07849897        6.69184228       -8.05039267
      1      -11.45613638       -7.68734499        9.85112287
      1       10.18687397       -8.74110022        6.21563648
      1        1.27329495       -0.03377030       13.32782347
      1       11.49020337       10.76660939       -2.11664423
      1       -2.34957632       -8.74491543      -11.84404533
      1        2.15932487       -7.59161458      -10.17962169
      1       -8.58601289        2.55299960        3.96605680
      1        3.56828846       10.06068782       -0.52727055
      1       -3.74172134        4.85756805        4.58083767
      1       12.44886622       11.87304323       -0.15064761
      1       10.31593278       13.41891017       -7.30280196
      1       -4.40467379        8.91540203        4.48337331
      1       14.10995455        1.97939768        6.15626435
      1       -4.25060926        7.42594374        8.06504845
      1       -0.17757226      -11.73714013       -3.54865719
      1       -0.83854456        2.68384549        5.69589694
      1        0.33735847       -6.40457705       -2.75133943
      1       -1.36944759        4.71925338       -8.13147508
      1        7.39001740       -9.80732882       -9.80561310
      1        1.53992775       11.73609007        6.00958655
      1       -8.60229418        2.08558688       14.18420709
      1        7.81587785        1.97742723       -7.38722493
      1       -6.74135732      -13.43390208        6.67245122
      1       12.88038412       11.83024632        7.71746831
      1       13.84343680       -9.10263366        7.79487277
      1        1.96743072       12.21459575      -13.91981174
      1       -8.46934519       11.58551158      -11.74225960
      1        8.45759918       13.64585684       -8.75488212
      1       -4.65764820        6.74583562       -2.21501711
      1        7.07330733       -5.90545122       -3.16501948
      1        3.44434832       -6.47460706       10.66072764
      1        1.11742651        0.56948166       -4.24547244
      1        6.04715526        8.83516539        2.46015546
      1        5.59453895      -10.59336227       10.84873501
      1       10.51277450       -1.70954052        6.73191361
      1       -9.23943692       -8.39594345        9.44965262
      1        9.27214426        1.60688814        0.12007416
      1       -5.29400925        2.56134538      -11.89100020
      1        3.67815931       -7.40455866       -4.05330061
      1      -11.87685835        3.33566011        5.48780295
      1        7.10491024       -8.83423963        4.25345840
      1       -5.07478359      -10.91028153       -0.78952807
      1        3.89025511       -7.52426857       12.78978428
      1       -2.16284256        9.68840669       -1.15871095
      1        8.90561388        9.07089552        9.43238973
      1        0.38223611       -9.88995474       12.32024275
      1        3.20542793      -10.70208070      -13.29388661
      1       11.02092938       -8.07717137      -13.30993356
      1        7.60799487        1.75999077        3.84943357
      1        2.47744391      -12.70310875        1.91178045
      1        3.68267413       -9.90577121        3.96808917
      1       -8.55388402       -8.93587736       -8.38673797
      1      -13.07237962       -9.62571832       -1.76478426
      1       -9.19800620       -4.60640021       -6.88482498
      1      -10.66452334      -11.26825960        6.70887372
      1       -6.96454266        8.73985466       -9.32791845
      1       -3.26587961       13.28471047      -11.48026058
      1        8.75495080       -4.33843995       -3.72597496
      1      -13.72785775        1.94134937       -9.07958064
      1       -7.88194592        2.86558095        1.58533466
      1       10.55399491        7.26314327        9.96338326
      1       -6.97179985        5.47109264       -6.45786591
      1      -12.17936413        2.86112702       12.84355033
      1       13.44234462       11.90248713       11.42187971
      1       -7.85505494       10.32662495        9.46246720
      1        7.45060479       -0.51755916      -11.46674642
      1        4.93442091        7.73743695       10.07303904
      1       -3.09909759       -0.88339795        2.61191851
      1        3.73500173        5.99525684        0.52364295
      1        4.20101179        5.73397856       -5.63025369
      1       13.70744325       -4.14512631      -10.05746420
      1        7.34352630        7.04741245        6.78150653
      1        9.69432365       13.76915317        6.24348316
      1        5.01581237        2.27715343       -4.57089370
      1       -0.45034813        2.36432864       -7.56836503
      1       -5.62263466      -12.14685964       10.34123193
      1       -5.97642419       13.74319247        8.86329795
      1        6.36459134       12.05424931       -3.95687610
      1       -3.64937124       12.35383934        6.16579338
      1        6.11980640       -1.29491400       -8.62871322
      1       -0.31692517       -2.65708775        2.35977283
      1       -1.84813345      -12.99737248       11.38186262
      1       -2.19496456       13.66845150       -5.83239167
      1      -12.59151956       -2.36935632        2.14405828
      1        4.45991610      -13.40648504        5.43683585
      1       10.31047289        6.23945766       -3.59684651
      1       10.93080107        7.88155159        4.24935246
      1       -1.42623641        6.54514632      -11.28442880
      1       -7.62404382       -6.80940852       -4.06388051
      1        9.45772406       -4.75266195       13.00314740
      1       -6.42857806       -3.99526762        5.95746262
      1        1.57762240        9.15386121       -1.57202361
      1       10.77218750        3.45071055       -9.95096396
      1       -6.80044997        3.68825457      -13.39970867
      1       -6.67357980       -7.60393578       -0.87699643
      1       -0.04985497        6.28314358        4.99105400
      1        8.58294662      -10.78422248       -6.11256521
      1      -11.75265509        6.18367127        7.90106056
      1      -11.13374900       11.91800734       -0.63768957
      1        8.45390031      -13.13515600       -2.34779987
      1        7.58793651       -2.95423362       -5.29042818
      1       -1.14529539        7.87334683       -2.67656126
      1      -13.17132541       10.98353278        0.29248936
      1       11.69587486        3.11395928       12.37128623
      1       11.21934901       12.59926137      -13.30602910
      1        2.13946504       -9.74602260       -9.11232425
      1       13.87415007       -6.73857424        7.70159636
      1        0.66053684       11.34732508       -7.87428784
      1        0.71668852        3.72381965        8.99774994
      1       10.40199911      -13.08146958        0.89559704
      1       -0.11409825       -3.94031075        8.99586676
      1        6.19939463        5.51819898      -11.66169114
      1        0.93945777        0.92386550        2.98780147
      1        6.56868532        5.67661275       -5.88823318
      1        9.06019140        9.68963002       11.78342523
      1       -1.06537126       10.98973838        3.48539614
      1       -8.01935922       11.36046246        5.63760667
      1        2.29922902        5.46496957        8.57600220
      1      -12.32474898        0.00621515      -12.46448032
      1        4.15718829        1.15941132       -6.48069789
      1       -1.89108455       12.28563665        1.69497672
      1        8.73426277       -3.10295670        5.71046485
      1        2.64259763        4.58103851       -7.04438205
      1        8.15674059       -2.93911590      -11.64354011
      1       -5.66286049       -0.91295196       -7.96702367
      1       -5.44399225       -4.46645988       -6.37839995
      1       10.47590179      -12.38754026       -5.97700939
      1        5.10237083       -8.60758039        0.30512398
      1       12.70453467       10.23794368       -7.00919370
      1       -3.06798528      -12.14699938       -1.21950243
      1       13.38604010       -2.84559983       -2.77747702
      1        2.25727839        0.54744294       11.16941713
      1       -3.62251835      -12.33541115       -5.08335565
      1        5.95130784       -4.43800878       12.85959783
      1       -8.55420485        8.02947855       12.57562175
      1      -10.18969525       -6.32583053        1.87884225
      1       -9.08702687       12.44642567       13.90525212
      1      -10.99440843       10.72045342       -2.78497092
      1      -12.63955417       13.52176394        5.76661862
      1       11.82016835        2.38650110       -8.09794208
      1       11.50013474       -5.14972188      -10.38961010
      1        1.93381647        8.34431981      -13.49789831
      1       -4.30465705        0.66623369       -4.85513073
      1        6.94033244       -6.59468601      -12.35545654
      1        9.11440834        4.47065919        5.04572993
      1       10.55350079       -3.30983495      -11.69484194
      1        3.43600587        5.30753267        6.40807616
      1      -13.39061095        1.46749239       -4.45515109
      1       -7.73433060        9.92123686       -7.44194872
      1       -1.74840461       13.67084241        6.75350637
      1       -0.47253793       -1.21766669      -10.01775441
      1        6.83008064        8.19268888        0.29330927
      1       11.15700133        5.49545478        4.42701317
      1       -4.88989377        0.38820688       -0.30605215
      1       -3.82264404      -10.28314745      -10.76439886
      1       -6.77785709        4.79351216        0.71355616
      1        5.36278313        8.63960257       12.20927168
      1       -2.70212717       10.05381884       -6.34223131
      1      -13.84499032      -11.32959396      -10.89097853
      1        3.30220939      -11.22812704       10.23705529
      1        4.50812805      -12.55622320      -10.85956817
      1       -6.00989243      -13.96046094        1.00585527
      1        2.88964510        0.99806554      -13.06316820
      1        3.21769985        6.61330092        2.83294033
      1       -1.13547272       -0.12007001        9.43853408
      1        7.23793355       11.47758003      -11.68903664
      1      -12.61452298       -9.26870351        4.26393273
      1       -4.71964758        9.33115290       -9.48309587
      1       14.00287985        5.80603129        2.02740503
      1        5.04388599       -1.33384958       10.75213357
      1        2.94987059        6.54381790       -3.46434689
      1        0.77548253       -0.09680834        8.00023383
      1        2.14629034       -3.28745867        9.18798629
      1       -8.85937871      -10.65709009        9.90884601
      1       -3.13654042      -11.49394950        4.70006857
      1        1.15408771      -12.47777873       -1.68002723
      1       12.51322647      -11.16873750       -6.56988037
      1       13.63199729       -6.09015414       11.94855537
      1       -1.85912761       -1.85343412        0.55064049
      1       12.30083667       -0.53558292       -0.25914310
      1        2.89610469      -13.67946275        8.97491124
      1       -8.29224742       -1.53732617      -13.35341852
      1        3.11511064        8.94803171        9.12412786
      1       -4.74655853        4.39115747       -6.05062096
      1       -2.68632685       -1.11270696       13.36121736
      1      -10.10393085        7.11250212       -4.53021862
      1       -8.57425901       -4.95258112       11.10472290
      1      -10.69312019       -1.75100209      -13.22487711
      1       -0.99963689        5.99954257        1.00380478
      1       -9.91187522      -13.42494576      -12.85338906
      1      -13.45836427        8.79721213       -0.54200098
      1      -10.57520426       -0.74070935       -9.39878129
      1       -3.63696224       -0.04725719       -7.01731758
      1        0.44593493        2.95577381      -11.13448668
      1       11.40523590       -1.19130488      -10.99765979
      1       10.55213537       -1.29469263        3.00830726
      1       -0.77691593        7.98722058       10.19777014
      1        6.22620055        2.53511311       11.03188608
      1       -7.31581144        7.79114917      -13.09793253
      1       -5.55024776       -1.22596046       -4.12006282
      1        6.69726559       11.45322608        5.34799567
      1       -3.08464343       -5.55086445        3.33515015
      1       -5.57431814       -7.52364896        1.21269705
      1       -1.32858195       10.06608169      -10.16814237
      1        5.70237936        7.72616756      -12.36643132
      1       11.50897260       12.19680203       -4.03809697
      1        8.92716227       -6.85593898      -13.81014828
      1       13.81360084        5.28954473       -4.99773481
      1      -10.21955073        8.48926715       -2.55741591
      1      -10.51065495       -3.27362967        5.24076196
      1       -1.07423131      -12.88688071        8.86424723
      1        5.71121329       -9.05971717       12.67476710
      1       11.64416685       -0.00465244      -13.13903198
      1      -11.23269009       11.86259712        9.18588573
      1       13.78449226        1.24954926       -0.92278084
      1      -10.04697363       -8.50623178      -10.22412848
      1       -8.08285182        1.02570785        9.32122337
      1        3.98298297       13.03989563      -10.29888696
      1       -7.87471288        4.37804741        5.35567472
      1        2.81477213       -0.95498284        9.20522211
      1       -6.79626785      -12.00356569       -7.75539284
      1      -12.33399305        6.68225188        3.72991140
      1      -12.84172704       10.62687789        2.67119277
      1       -5.13581616       12.16883939       13.09863347
      1      -12.81934367       11.80664520      -13.26414865
      1        8.27941070       -5.50206228        5.52579189
      1      -12.02731737      -10.59543877      -12.47549749
      1        5.84708340       -5.61801533        5.58473401
      1       12.93548346        7.87486691       -7.68022246
      1       12.40287904        2.22878716        2.35370675
      1       -1.58028063        4.50119052        9.50811035
      1      -12.25724124        0.55205466       -2.36390042
      1       12.58238214        8.40842303        9.46407067
      1      -12.26725643       -5.42321595       -9.00596784
      1       -6.25589637        3.18068003       -2.62054377
      1       -2.56698966       -6.92440115        8.81208985
      1       10.37801839       -6.16629613        9.24235657
      1        8.92399809        9.57154315       -5.70656616
      1      -10.35650921        8.18147109        7.66680576
      1       10.12670666        2.81344661       10.47528711
      1       -3.91572655        8.16368272       12.97179640
      1       -7.25510723      -12.97983091       -3.01230224
      1       13.56156433       -5.99448192       -0.71036514
      1       13.49697284       -3.52358257        8.77400529
      1      -12.60712102      -11.84978386       10.08375434
      1        9.68453747       13.50335222        9.92075846
      1       -6.56325149      -10.43345484        9.00162639
      1       -0.93636094        1.41671792       11.31259187
      1        6.32929532       -0.57749122        6.71311895
      1        8.75265545      -13.10746162       11.77411101
      1        8.04153454       -6.77194306       -1.18162909
      1        7.75440051        9.18610836      -12.56209261
      1       -9.32154503       11.41186998        0.93748246
      1        3.95320062        7.85715514       -6.96927818
      1       11.95174127       13.21544757       -9.05416350
      1       -1.40768425       -6.20431602       -9.02772409
      1        0.42357082        8.12544243        6.50203645
      1       -9.51445120       11.66074339       -4.39145702
      1        4.72327874       -4.60970322      -10.18407906
      1       11.48442074       10.21671902      -12.96030347
      1       -2.20525562        1.10430469       -3.79117749
      1       -6.85456136       -3.85303651       12.34965581
      1       -1.63656274       12.41463147      -12.96192430
      1      -10.73463545       -0.39303548       11.23109157
      1        0.87988428        0.75088799        0.59452692
      1      -13.18479799       11.77135155       -6.77750262
      1       -4.91682281       -1.14164830        8.61183923
      1      -12.46793629        3.49046643       -5.34648431
      1       -3.74520852       13.48518943       -1.96057636
      1       12.95060311      -10.35438149       -8.87137550
      1       -1.77737816        4.85008921        5.88315625
      1      -12.84512745        5.77930101      -10.37602153
      1       11.62917129       -7.85418721        4.54721864
      1        3.54118427        3.38676224        2.91886022
      1        8.57913848      -10.38607513        5.42886311
      1      -12.19027034        2.40608549      -12.63278177
      1        3.97546901       -3.98064323       -4.77302290
      1       -9.98300450      -10.92394713      -10.96275264
      1       13.03916821       -2.44777181        6.55425275
      1       -5.36209355       13.47459260        4.91300937
      1       -5.16896316       -8.98399283       -2.17877555
      1       -8.46468692       -2.34650067       -6.84879727
      1       12.42942666        5.38000399       12.71131694
      1      -13.36435843        2.16111834        1.12019775
      1       -9.58441281        9.74104504        4.89130555
