 run_id:         1002
 total_energy:   -4102.4379284533688     
 P   27.848118434861512        27.848118434861512        27.848118434861512     
      1       -0.12838854       -8.79577773        6.80913650
      1      -13.08006174       -9.09473479       -8.04146192
      1       -7.81617145      -12.46075107      -11.84009502
      1      -10.22992114        8.38003355      -10.63646613
      1       13.35456848       13.24759001       13.48122604
      1        8.99419246      -11.09302123        0.76448747
      1      -13.83511578       -3.70385547       -0.70541335
      1       -2.94000218       -4.88690217       12.76320689
      1        0.73858817       -1.63359604        6.12560349
      1       -1.07357740        0.07276555       -0.54377424
      1       -1.44423614       -3.52442537       -1.28253171
      1       -2.75095356       12.94727541       12.73450154
      1       12.14102991      -11.34739484       11.67361232
      1        8.95974996        2.80561951       -4.39233871
      1       -5.61510793       12.06948705       -4.92256960
      1      -11.73189480       -6.12309172        8.05172539
      1       -5.34463153      -10.44104811        4.93570183
      1        5.61419785        9.32932017       -1.42213174
      1       -2.67630740       10.40646904        5.16614589
      1        8.68830161       13.04288275        1.24813210
      1       -2.33206296       -9.64941341        1.52321114
      1        3.09976541       -4.10443778        7.13087293
      1        4.93745776        2.57153708       -9.96760531
      1       10.54853593      -13.40724923       -3.74530404
      1        0.24205900      -12.80091404       -8.57868015
      1       -0.23912003        9.69985154       -6.28313673
      1       13.02266892       -9.52704663        3.60541090
      1       -4.99748064       -8.50652235        9.31008232
      1      -10.07856718        3.23347647      -12.24889328
      1       -0.32995195       -5.36562308        5.50036132
      1        4.88461524       -5.92563607      -13.51740226
      1      -11.04563609       -8.81716972       -4.86258045
      1      -10.82009066        2.82843081        3.40648685
      1        9.86643031      -11.09379495       12.39425570
      1        8.33479367        6.11119418       12.66643478
      1      -12.05668855       -0.63654143        3.72455503
      1       10.90446235        6.64219490       -7.48180420
      1        7.01645154       -0.67180278       -4.77159147
      1       -5.65258305        2.74806469       -9.49067724
      1       10.94990538        0.49108551        1.39229563
      1       10.90616142        7.17108210       -0.02447765
      1       10.80107395       -2.55473932        8.92068762
      1        4.57627082        0.80462307       11.56993280
      1        8.96611711       -8.97949467       -4.53489846
      1        1.16282296       13.02120915       -1.41014916
      1       -4.08711233       11.07492883       -8.08271884
      1      -13.35260463        7.73671043      -13.12755341
      1        6.73632368        4.96563799       -2.03402192
      1      -12.68717613       -7.32459704       -1.77237509
      1       10.07267402        4.89341995        9.08664440
      1        1.20291176       -9.35701135        0.88771888
      1        7.62385558        2.48139238        1.54509791
      1       -3.21248337       -7.70555121       -5.29380315
      1       -0.07980533       -6.17649072       14.79394152
      1        6.93596227       -5.81508653       11.15258009
      1        4.66805956       -3.10051485       -8.25272467
      1        1.81417293       -8.76347543        3.16078435
      1        5.72968769       11.80654933        9.45498613
      1       -0.36854027       11.78934052        7.41098509
      1       -4.41013187        4.44795009        0.42052461
      1        2.27004588        3.24800408      -12.62531138
      1       -8.90354500        0.74581770       -4.32889048
      1        8.14874424       11.67358887        9.38454613
      1        5.36219015        0.13950000      -10.43997859
      1       -7.31617269       -5.85837664       -6.21035896
      1        7.15771149        5.16062132        3.68647083
      1      -11.67361816       13.24015877      -11.70290540
      1       -3.13861689        7.17827773       -3.96095345
      1       -0.01734856       12.18010075       -3.27146898
      1        7.17058384        3.14283655       -9.34622194
      1       10.33454039      -10.37367976      -13.08840315
      1       14.00042792        9.80598180      -10.12386885
      1       13.40212395       -6.66792751        1.51361299
      1       -3.29461663        3.47725778      -12.78171372
      1       -1.49403253        1.93456705      -12.18829428
      1        3.02579087       10.73099612       10.81309048
      1        2.61903760       -4.30189170       11.28447287
      1        7.70125205       -7.82064631       12.23563580
      1        3.75491302      -10.93416709        7.69665119
      1       -4.01029312       -1.05516120      -11.23171044
      1        7.12421583        7.56153614        9.09296488
      1       -8.84088634        3.97741188       -6.28550721
      1       11.18632428       -8.70982989       -1.45385137
      1      -13.26833166       -0.39337656        5.84329175
      1        0.90779193       -5.64313719       -9.40229381
      1        5.62315646       -9.65548909        2.53243082
      1       -0.72784110       -2.48519184       -8.00182517
      1        9.61065203      -12.76886409        8.12844304
      1       -2.23820447        3.31413152       -2.76411441
      1       -3.68038438        5.81091155      -11.77196893
      1       11.94445550        4.56852782        2.40389241
      1        0.63848998       12.46852371      -11.92615080
      1       -7.78927138        0.39753864      -12.18811715
      1      -10.26044009        9.51514354       -7.38020544
      1       -5.16210419      -13.70971492       -3.81815534
      1       -9.99058870       -6.83087393       -3.97558833
      1       10.18936370       -7.95604915       -7.85644754
      1       13.16386270        9.54333846       11.50591252
      1       -2.17312593       10.20104632      -12.36657502
      1       -0.09681474        6.18565271       -1.26161904
      1       -4.80180442       11.77769927        8.16023271
      1      -12.64869456       -1.58633828       -3.65756292
      1        9.20355919      -13.08210915      -10.73344912
      1       -8.66383939       -4.77997683        5.14706630
      1       -9.83648415       -1.25951153        4.19232918
      1        2.97686332       -2.22115176        5.74429821
      1        9.79579726        9.85539077       -9.37339919
      1       11.44391782        5.35526523       -5.51530284
      1       -4.01251622        1.35499164        2.77307203
      1       -3.24378367       -9.10180617      -14.01722100
      1      -13.78612303       13.70697137       -8.06002746
      1        1.33066298      -11.97829163        7.74738132
      1       11.24345397        6.95394649      -11.17305546
      1       12.98186986        7.69416229        0.99933989
      1       -3.37410114       -2.93290012        8.56368996
      1      -10.59552062      -13.18803758        5.38813621
      1       -7.77450155        4.83566414       -1.62281877
      1        8.65794844        2.49703395      -12.97088346
      1       -8.82289715       -8.65358448       13.06297971
      1        8.89487063        2.10485462      -10.62282287
      1       12.77181471        5.92479734      -12.80908161
      1       -9.29132890      -12.16584654       -0.17936999
      1       -0.90710888      -13.31079295        4.68991777
      1        6.02104519       -8.49242701      -11.26963973
      1      -13.05747526        6.84015685       -6.60121590
      1        2.60999676       12.38368492       -6.87243024
      1       -8.05268219        6.38185022        4.03463361
      1       11.35298009      -13.84804540      -11.33455274
      1       -6.82469262      -11.08200417        6.67820440
      1      -12.84995300       -5.52054068       -6.74603117
      1        5.08313954       11.20428087        7.16174833
      1      -12.87716094      -10.53432412        6.24059455
      1       -2.72759714       -2.57231127      -12.54943595
      1      -10.91791683       -4.91704710       -5.20868287
      1        5.38376849       -4.49613900        7.59854726
      1        6.03264306       -6.45251485        0.16924979
      1        9.70268350        2.11903887        5.18259699
      1        2.84830844       -9.10871772       -0.76635415
      1        6.36374274      -12.80258104       11.37057096
      1       13.09807623      -11.88220509        3.80246660
      1        9.62049773       -3.25979684       -1.77284730
      1       -1.03516588        0.62948116       13.60763094
      1        9.25834249        9.78275991       -2.00892162
      1        3.96810975        9.13953583        6.89893485
      1      -10.88588613       -4.24843018       11.13151485
      1       -6.08871681        8.63226845        1.18048593
      1        1.93511766       -5.82557828        5.85100880
      1       11.46602027       -0.94794255       10.55692519
      1       13.68091281        1.77978639       12.17798683
      1        7.60952422        1.13162109        7.88480958
      1        0.27406772       12.12847390        0.58385640
      1        0.04036603        9.18067046        2.39472646
      1      -12.28168741       -7.03777834        4.89357968
      1        8.26747907       -1.99937611        3.61524095
      1      -13.49318089      -13.37388553       -4.06481937
      1       -2.95924341      -10.23852325       -8.56184843
      1        1.95950079       -2.77838010        1.60186675
      1        8.84788212        8.47877102        5.39527188
      1        1.53347576      -13.75501315       12.55343569
      1        2.17968195        6.85708786       -1.20173673
      1        4.44474377       -7.01496730      -10.06437842
      1        5.73889805      -11.44930473       -9.16853759
      1        5.07116846        1.29164935       13.85452260
      1       -0.23491464        7.19099853      -13.29712240
      1       12.92390086      -12.64651085        9.79324811
      1       -8.20292942       -4.08333128       -0.97286540
      1        5.99999728      -12.49304946      -12.70526413
      1       11.12902788       -9.13241166       -9.71713954
      1      -13.06010117       -9.48781269        9.88700449
      1       -1.16956890        7.25994548        3.10844328
      1       11.77301406       -3.42805470        2.76019366
      1       -7.18900134      -12.35036612       12.17069551
      1        7.29380458       -9.82766876        9.31168706
      1        1.58128633      -13.33329058       -6.49839317
      1      -11.64206063        9.66941902        6.16922644
      1        2.53452506       -6.40768856        3.58350328
      1       -9.59266437       13.48398093        8.77130117
      1       -1.90658721       -4.21916068       -5.41662155
      1       11.55887490       -9.59107195        7.93668017
      1       -2.08373332       -9.55035486        3.84575596
      1        8.26027052       -2.34419350       -8.88872332
      1       -5.09361052       -6.62607124       -8.95294625
      1      -12.37710625       -6.01982468        2.77755750
      1       -6.61090153       -0.79913605        3.05250442
      1       -2.70100658        1.66394589       -8.41366215
      1       -5.81270173        8.41243643        6.40851385
      1        0.83278342       -4.23460634       -1.64033698
      1       12.71885411       -9.28606545       -5.08045248
      1      -10.19258123       -5.06638650       -0.15987867
      1      -12.66684389        5.52147421        5.75734347
      1      -13.65847785       -2.21515303       12.62997717
      1       11.01130925        3.05464530       -5.74230848
      1       -1.95535087       -2.43346625       -3.59450866
      1       -6.07980253        1.06143506        1.67793074
      1       10.35975625        3.45093189       -0.93163053
      1       -9.70655834       -2.89425014      -10.28845812
      1       -6.42801365       -7.10176709      -10.83342591
      1      -11.35348770       -2.29160523       12.45369061
      1        3.35309398       -0.65004195      -11.44480444
      1        1.29145400       -9.79505213       10.15159289
      1        3.95856047      -11.29022825       -1.28900179
      1      -11.61415677        5.84465311       -8.32073699
      1       -5.73472174       -7.29228905       11.27255602
      1        3.61250690       -2.70300735        3.43375771
      1       -9.46196702        5.75169745       12.34723582
      1        9.15148282       10.70519366        1.85982020
      1       -0.71481942        5.70506621       -5.75091632
      1       -1.56356171        7.85080902       -9.22351635
      1       -0.38068284        5.37510972       13.08679371
      1       13.14546204        9.06094572       -2.53977134
      1        4.63149328        9.40982136       -5.23510931
      1       -2.88796620       -5.44286027       -1.00418103
      1        0.14039312       -9.69059633        4.64813857
      1       -4.62676297      -11.11688356       -6.94732127
      1       13.30355098       -1.78213288       -9.54873961
      1      -13.33827631      -12.49595061       -6.34165684
      1       -1.67605829      -11.82219663        0.78833669
      1        4.89899628        3.27460770       -1.45983707
      1        3.75465251       -9.07144030        6.23496267
      1       -7.35713603       10.60660983       -3.88152602
      1        9.96670083       -5.33708641       -0.59523230
      1       11.42028182       -1.67874680       -2.21333778
      1      -12.51531581       -0.22912370        9.66230048
      1        9.98329696        8.96075067      -11.57510254
      1      -10.41560904        3.79186241       -8.07891080
      1      -11.03711119       11.37012976       12.99496963
      1       -2.30004861      -13.33574983        2.53196091
      1        6.21291480        5.91852662        0.09225465
      1       13.87411955       12.16748665       -4.55426147
      1       -0.94673653       -7.36126374       -6.51589865
      1        7.88000668        5.65754955       10.31887389
      1       -5.21821172       -7.82190088       13.54088783
      1        4.28106048       12.29196539        2.22512566
      1        0.86539897       -8.94415590       -6.75268139
      1       -6.42061012      -11.48429744      -13.64091429
      1        1.75148749       -0.49753306       -9.65034443
      1      -10.63725303       -2.75389192       -4.07444444
      1       -7.64562143       -3.71941070        1.35058784
      1      -13.45860960        6.13632998       11.49710702
      1       -5.50636187       -2.38227160       -9.87609330
      1      -12.92967744       10.00562770       -3.98890305
      1       -8.22178698        7.84505348        5.94654330
      1        5.37067589       -9.04802710       -4.02306145
      1       -2.86126980        2.83917810        1.27721470
      1       12.12855102       12.94135420        9.76343636
      1        7.07768328       -2.74163244        7.44827212
      1       -8.76555363        5.70150174        7.40278757
      1       12.19130994        3.73174785      -11.82353568
      1       -4.97763393       10.02740747       11.88164582
      1        1.01696797       -8.11052338      -12.21595788
      1      -11.28127253      -13.51746089       -0.77557907
      1        3.14565948        1.16639116        3.74416229
      1        5.08908390       13.24461531        0.15527252
      1        5.82191672       -4.21663661       -6.40337030
      1       12.06938882        6.89715352       -2.14241896
      1        0.85087480      -11.83808966        5.35161860
      1       -3.10030746        0.46654147        8.18814369
      1       -3.12660059        5.27936488        7.83547017
      1       -4.72338163      -13.09262648        2.97805290
      1       -4.74520433       -9.75757262        1.24561245
      1       -6.66639020       -7.67127672       -7.52569970
      1       -2.44545040      -11.11224259       -3.30142203
      1       -2.85939348        1.65380784       -0.77186791
      1       -7.87936527      -10.84636273       -3.81401638
      1       12.90766223       -9.02322349        1.34975888
      1      -10.18914485       -6.45080668        6.18766461
      1        7.48275832       -1.01121128       10.76766038
      1        9.39198570       -2.69335120       -6.76958689
      1        6.91369693       -7.78795360        8.15268898
      1        5.50889139       -6.18895130        9.32456063
      1      -11.46208352        3.99147673        9.09869507
      1        5.23941750       11.00184099       11.92222607
      1       -6.22565576       11.87112231       -7.26946095
      1      -11.82876298       -6.32305456       11.77395155
      1       -0.07026700        9.82041491        0.05732883
      1       -5.55736526        3.80331571        5.75245290
      1       -9.73510772        7.29246381       -8.57836196
      1        4.77198021      -10.67141319       -5.69647357
      1        8.99052755       -4.78045972       10.60887795
      1       -7.50376509       -2.81970531      -11.37078092
      1        9.67653752        9.78350694        7.20956871
      1       -0.71830878        0.81253511       -5.70217756
      1        2.07142973        5.05945444        4.34963886
      1       -6.75913292        1.10979590       -1.54538543
      1        2.21377485        6.23021739      -10.35969849
      1       -4.92281796        7.73608867      -12.82514317
      1      -12.12724961       12.61500936       11.29024445
      1        3.24544661      -12.81496527       -3.07207825
      1        1.00397546       10.07074671       -3.99748682
      1       -6.23544734       -2.27144512       -6.12334518
      1       10.67549244       11.27015092       -6.06004484
      1        3.92810811        4.50327498      -11.23315830
      1        2.74974754       -7.27776163       -6.30735958
      1       -4.19781884       -1.92302606       -0.35901986
      1       -6.98555225        1.07347244       -8.26966087
      1       -0.10903825      -13.78336162       -4.80617925
      1       -9.82648619       -9.87803701       -6.62321126
      1      -13.29201153      -12.73485121        0.31640836
      1        0.71143096        7.46651784       -4.30059789
      1        4.61513774       -0.62582414        0.42878604
      1       -8.46732333       -2.29912613        8.41594938
      1       14.88551414      -13.00391282        2.61291340
      1        7.21360251       11.05856095       -1.98538497
      1      -10.23190868        4.35822906        1.70835048
      1       -7.70309046        7.07948920       -4.89503948
      1      -10.98957646       -3.84971562      -12.13070847
      1        4.01100777        9.97413032        1.87536923
      1        1.59125113       -7.48936480        9.51822036
      1        9.87068270        0.72150317        7.20770748
      1       -2.69160502        1.13481729        5.96020340
      1       -7.58025777      -10.75609798       -9.72672519
      1        1.00904053        3.05252494       -0.00256166
      1        2.99417646       11.10369631       -4.89005627
      1       -3.85878647       -5.42645262       -4.87654781
      1        1.27512762        1.79789023       -9.15541396
      1      -12.85395385       -0.15978906      -10.10440101
      1       13.28581717       -6.27164606        5.42750846
      1       -1.65732777       -8.66591052       12.12536280
      1       -2.60101897       -9.36820127       10.00573969
      1        4.23919096       -2.91702079       12.38012715
      1        7.79937177       -3.28948918       13.82840313
      1       12.68123877      -10.10209404       -2.78362125
      1        2.10128274        9.47295136        5.50209451
      1       -7.31407996       13.10969923       12.38381458
      1        9.99317892        0.83042352       -7.76709346
      1       -4.18517549       -5.08580509        9.14504351
      1        8.32782860       -1.16525839       12.93806018
      1       -4.20113851        6.20434147       11.66536031
      1      -13.13989905        8.80146441        4.47036223
      1       -6.13295298       -5.37721002        7.84035209
      1       -4.04982820      -11.33850517      -14.08874227
      1        3.77156284        5.18391006       12.59136652
      1       -5.20336597       -8.94074265       -6.08938630
      1        0.73884290        3.81538168       -5.87152865
      1       11.01107623        2.29762563      -13.36548251
      1       -1.07622374       -6.31727241       12.27582602
      1       -8.09851678       -7.28938086       11.22320406
      1       -2.78875639        4.95783169       -4.65298737
      1       -7.82169642        4.45114795       11.09579303
      1       -8.63536274       -8.04469616        7.15224434
      1        9.02744099       13.14201925       13.52659325
      1       11.47616621       11.15520003        1.98966978
      1       -8.91938069       -8.46476354       -0.63330172
      1       -0.69859303      -11.93087089      -12.46137309
      1        3.45111399       -1.76185732       -3.88027690
      1       10.14048728       -5.70935504       -8.50498671
      1       -3.66685277       10.88103518        0.85386832
      1       13.67603113        5.11671754       -2.52357769
      1       -1.72455598        8.76864947       13.66347070
      1       -1.35217941        9.66515207        6.96881376
      1       -9.57402908        1.09949128        7.39327754
      1       -0.77937638       -4.89443243        3.17713578
      1        7.94547050        0.29647078       -1.33960405
      1       14.18319276        3.10770329        8.35183819
      1       -7.95775290        8.95941985       -2.09050005
      1      -11.40560654      -12.85627285       -3.05277051
      1       -7.73048072       12.65079913       10.04327412
      1       -9.65802171       13.42928358       -8.40160183
      1      -11.64727244       -3.16290547        0.00511939
      1       -1.55275792       -2.39345165        9.96403968
      1      -12.43789270        4.33409552        0.78685694
      1       12.50777863        3.01876555       -1.97377924
      1       10.27849931       -7.33905679        2.61747465
      1       -1.56704446       -2.96967592       12.24603591
      1      -11.56984052        0.99238015        2.15032580
      1       -8.70050989        0.75316299       -9.94038423
      1        6.85816336        6.72439340       -3.74189251
      1        6.63413481      -12.11579666       -5.85812225
      1        7.97086553       -2.01117736       -0.64746453
      1      -12.22757525       -7.67925671       -9.72540909
      1       10.89531072       -0.18922128       -4.01484163
      1       -0.64275710        3.74739446        1.61425941
      1       -4.70895861        5.77571572       -9.54773657
      1      -13.40137188       12.75674322        3.63067606
      1      -10.73708323      -12.19925083        3.17367167
      1        6.38613786      -13.33813847       -7.86678485
      1       -1.71660354       -7.06324723        6.53009423
      1        9.13619807        8.24759308       -7.64712096
      1        4.03525461        7.33775352       13.71814146
      1       -0.32417325       12.71310792        9.63134096
      1       -3.16915830       -7.89634095       -8.14474310
      1       12.74754911       -5.68338167        9.58485097
      1       13.12835654       -4.00161784       -6.37892153
      1       -3.65276688       10.61889112        9.94422900
      1      -10.68765502       11.82367692       -6.61234411
      1      -13.53166344       -7.12615876      -11.63465436
      1        5.81655450       -7.95111512        6.06297261
      1       -0.74844218       -7.99286871        0.60304123
      1        4.30161197       -9.98617834       -7.93290243
      1        0.95346106       10.65058892      -10.27438069
      1       11.22847899       -5.46054016        1.54171611
      1        1.18266868       -9.99447131       -4.54486014
      1        3.94967631       -0.46269087        7.05941833
      1       -1.94209143       -6.38450947      -11.50479242
      1        7.37033457        0.55693123      -13.54392677
      1        4.65545097       -0.55731999        2.91912761
      1        5.54589627        3.61025193       13.17295407
      1        5.61406852      -12.42033502        7.34923781
      1        6.31838408        0.22903088       -6.86886757
      1       -0.32021305       -9.88895889      -11.22714135
      1        8.98377682       -9.36961070       10.95569567
      1        8.08252130        1.28958437       10.23637077
      1        1.66387904        4.09118244       12.99177824
      1        5.71113859        3.32525454        4.07224243
      1        7.57485731        8.33587172       13.00695801
      1        1.16110259        7.58393685        8.73053866
      1        2.20752519        8.63080602      -11.11869261
      1       -2.70023581        2.88426752       10.91798309
      1       -8.57034836       -1.01065819       10.44272338
      1       -9.37085745        2.80122764       10.30192727
      1        7.63697416        5.47556594       -9.67406696
      1       -9.27420133      -10.43682571       -1.86785607
      1       12.00983369       10.84104728       -9.14633409
      1        5.62223523       -2.75146528       -0.03228132
      1      -13.05652786       -6.32854501       -3.87249690
      1        3.24026757      -12.16700609       12.61978705
      1       12.41542316      -13.55022920       -0.45905810
      1       -5.75703486        0.42304487       10.34359124
      1       -4.84433494        0.11112292       12.86003380
      1       10.70916340       -1.27545612       12.88943647
      1        6.71173560       10.51698884       -5.76510309
      1        0.49889969       12.63995944        4.12482907
      1        7.74751519        9.91505551        3.77004460
      1       -8.13656471       -4.58374981        8.83579606
      1       -6.86473570        8.83931234       11.00165861
      1       -5.28002626       -3.57638251        1.02984852
      1      -10.40208380       -6.88633812       -1.62970751
      1       12.78714574       -9.16508740       11.10254513
      1        3.29307845       -2.41177561      -13.20973945
      1        5.75193749       13.12852065        3.96287507
      1        7.38411565       13.09007186       -0.73280632
      1       -3.42189482       -4.91302334      -12.73152221
      1       -4.91478866       -5.06013493       11.42114234
      1        3.58080801        3.92471667       -3.47475298
      1        0.99830007       -4.68030401      -11.56078500
      1       -6.55830170       -1.80623892        6.99649446
      1        8.44586140       -2.74439780        9.44013618
      1      -11.92187336       -3.93212321        8.93494536
      1       13.11610015       -2.36965913        1.09760126
      1       -6.95073319       13.27166905      -10.98413524
      1        4.50884237        9.12709635      -10.87720257
      1      -10.64430139       -2.52686876        7.50108758
      1      -10.45081974      -12.11077672        8.91047896
      1       10.23125076        5.06606501        0.81153917
      1      -12.74048008      -12.88353025       12.26696429
      1       11.19285643        9.16817068       12.76943250
      1        4.59625867       -4.99756827        3.57987710
      1        5.02872985        7.12730452        6.07783090
      1       -2.91896445       -8.72816143       -3.08439267
      1        6.66025231       -0.37291977        4.29239263
      1        9.49121805       -0.28003740       -9.89507557
      1       -0.08788222       -0.96861406        4.02447131
      1       -8.14503331        9.36004795        0.24447577
      1        2.09873533       -4.77559728        0.30225939
      1        6.15678881       10.82301184       -8.03460828
      1        0.71179237       -6.21118085        1.79693303
      1      -10.31469096       12.00556875      -10.26903377
      1       11.20123791       -3.43219866       13.85653212
      1        4.56935269      -12.40501417        0.69792199
      1       -5.72317891        4.32456604       12.39067000
      1       -7.70234808        5.56982371      -12.30639471
      1       -7.98107115       13.09770980        2.09685694
      1        4.89994106       11.38436663      -11.72821609
      1        5.11921021        0.02641908       -3.47354208
      1       13.66300488      -11.20686536       13.56539573
      1       -4.53426982       -4.89068373       -2.66112125
      1      -10.65358615        9.21172255       11.94190249
      1       -3.12643998       -7.55386852        4.66649846
      1       -5.72797856        2.56908149       -4.90079096
      1        7.76518190      -11.33118708        7.52630583
      1        5.42821728        6.92220516        3.73737057
      1       -2.25614869       11.67469656       -2.63361491
      1       -4.80883140        1.66014865        5.04380300
      1       -5.19812723       12.11141518      -12.29948802
      1       -0.08395668       -5.69436121       -4.99790519
      1       11.56603198       -6.39617456       -1.96594040
      1      -12.05000238        2.26192630       -7.38970116
      1        7.97968406       11.41784275       -9.43315369
      1       -5.05070424       12.29344970       -0.40547756
      1       12.10103430        1.83459385        4.71071261
      1       12.52353764        4.89301720        8.32606377
      1       -5.40421891       -8.06739033        5.07542019
      1      -13.24325480       -4.76156725      -12.20167062
      1        6.74497177      -13.45698200       -3.92166752
      1       -9.64666815       -8.65369326        1.67891544
      1       -8.55078854      -12.28611942        2.15407751
      1       -2.82959428       -2.77521412        6.19074748
      1       -8.23731186       -5.49831603        2.93573797
      1      -11.55447682        4.76715722       11.50432178
      1        9.44312170      -10.63199535      -10.79474290
      1       12.20430512      -11.80713674      -12.40589147
      1       11.94638306       -7.40325754      -11.23244051
      1       -0.21082261      -12.13782162       12.96921955
      1        3.38056406       -4.51493412      -12.14853424
      1       -8.62989230       -1.63779770        2.17177566
      1       -9.90999177       -4.94701160       -9.14266083
      1       -0.60729926      -10.27738294        8.72157214
      1       -4.19249624       -2.53615197       -2.68036076
      1       -7.48989046       -0.56349350       -3.01079697
      1       -3.03342255      -12.19562777      -12.06658778
      1       -8.87212357       13.41064955        6.50104740
      1        6.57037603       -5.48035756        2.25696801
      1      -10.43165057      -13.19691762       -6.14220177
      1        2.08364605       -8.86933764       13.69603779
      1       -5.43017299        0.32173464      -12.59583223
      1       -9.90466880        5.41310716      -13.11672500
      1      -11.45447958       10.07451265       -9.49333898
      1       -5.64522231        7.05313046        9.93479324
      1       12.54384187        9.17282395        2.76261235
      1      -14.06896316       -0.12705759       13.72999337
      1        2.89034642      -12.09632345        4.18255363
      1        2.41718331      -11.36725688      -11.07143541
      1        8.85988476        8.13452136       -3.75331438
      1        8.03969481      -10.95878084       -1.38342204
      1       -9.88745058       -1.02865973       -5.53998335
      1       12.84697720        5.77568485        6.14214780
      1       13.16865307       -3.96807052        4.71540689
      1        7.08029047       -7.61036163       -4.79669003
      1        1.60932606       10.16469826       12.73500136
      1       10.07434290        5.64296854       -9.54870466
      1       -9.04679787       -2.25831899       -2.29750564
      1       -4.30381377        2.12381249        9.37793406
      1        4.06525232        5.54743012       10.22413581
      1        2.76041724      -11.72015929       -5.09255721
      1        4.35851183       12.15183214       13.87717484
      1      -11.29625303      -10.44594226       -3.06037985
      1        2.32658085       -1.06116760       -0.03880095
      1       12.99095806       -1.69366109       -7.10200043
      1       -6.89206804       -9.17874106      -13.38896203
      1        4.43097862       -4.83665774       -0.66281643
      1        4.74745301        3.34719821        6.22664040
      1      -12.87101907        8.23100462       12.41719456
      1        7.07902148        6.99967792       -7.92629722
      1        6.67707679        3.33292442        7.60320720
      1        4.92838220        8.02848794       -3.34351520
      1      -13.49742712        3.48220429      -10.92677546
      1        3.32847832        3.66823730        0.46096364
      1       -3.84219480        6.87126814        3.30932680
      1       -8.81127086       -6.52834122      -10.68878380
      1       -7.36459872       -4.51872294      -13.22330327
      1       -3.80795824        3.91663838       -8.20473958
      1        1.27838646       -3.84198962       -7.78244330
      1       12.99096095       -4.76306255       -4.05750564
      1       13.41251547       -4.26837427       13.56129717
      1        2.60589412       -1.88771366       -7.85921319
      1        3.13461515        1.57128722        6.13458240
      1       -3.20922189       11.73388853       -4.83217663
      1        8.01171591       -8.84212649       -7.68889074
      1       10.86441687       -8.44098869        9.90244971
      1        4.69896850       -5.43511038       -3.02892822
      1        3.39978767       12.89475586        6.91060469
      1       -4.11470678        2.58140420       12.85705943
      1      -10.10411270        6.42665907        2.80911225
      1       -9.26000969        3.07071740      -10.02547650
      1      -10.09440400        1.76542077       -2.38686712
      1        6.99138759        3.30838153       -5.56116635
      1       -8.72540945        1.56834825       -0.31557987
      1      -10.05797387        8.11944471        1.15393088
      1       -4.59484220       -4.30405143       -8.58746888
      1       -4.85681112       -2.36848310        2.95389756
      1       -0.06337075        7.51003171       -7.34488185
      1        7.87579260        4.83559423        1.47058784
      1        0.61919930       -4.26983546       12.70709324
      1       -6.18153232      -11.06375263        2.73087970
      1        7.76264758       11.64233302       12.00727469
      1       -0.63293603       -3.46015270        6.74021167
      1       -1.05032803       13.12420089       -7.92576161
      1        0.97165852        2.13117566        7.18678599
      1      -10.09107292        3.43740321        7.11405843
      1       -0.40674977       -2.67968902      -11.86215799
      1       -6.76469901       -5.61549648       -2.16272022
      1       13.49060047      -12.53996154        6.05604512
      1      -10.70569891       -7.26898587       13.68860610
      1       -2.22680642        0.41535334      -10.44198302
      1        2.67804676       -0.55814623       -5.78314175
      1        8.95955394       -8.88744733       -2.14741755
      1        7.42215659       -3.29742954        1.75175390
      1       13.32282308        7.51393887      -10.01029247
      1      -13.16513636       -8.02001682       -5.81390668
      1      -11.69606741        8.53471007       -5.62849370
      1       -0.47493634       -6.18413783        9.88135930
      1       -6.51279091       -8.94932806       -4.09731720
      1       -4.32406766       -3.91600184        4.68425164
      1        6.66045604       -6.71809949       -7.01972795
      1       -3.54949883      -11.34932011       11.32425844
      1       -6.98326615        6.84770722       -2.64652051
      1      -14.24321986        1.41288999        9.83565545
      1       -1.76077716        6.05633714       11.22757859
      1       13.79292523        9.92941214      -12.43873413
      1      -10.43054492        4.67485352       -4.61230934
      1       -6.25413797       -7.65254135        7.29484206
      1       -9.14344428      -10.89222560       12.25504266
      1        5.06996704      -13.47899651       13.25193534
      1       11.12019900      -12.97975959        3.13950961
      1       -6.88428500       -7.50796010        3.20195521
      1       -9.90482566       -0.12336992        0.77986599
      1       -2.26294890       -0.85836281        4.83637131
      1        0.02843027        5.08638956      -10.15334790
      1        7.40791361        4.52339043      -13.52566951
      1        9.03578000        4.40400523       -2.64539258
      1        7.51191255      -13.49584361        2.93845920
      1       11.83350224      -11.92545255        7.84169701
      1       12.17031053        1.84364670       -4.03431219
      1      -10.06384819        4.16949003       -2.32930965
      1       14.00614415        6.53494496        9.20853605
      1        3.45032818       12.28292338       -1.26618247
      1      -10.16969777        1.72239837       12.27751504
      1       -0.43587272      -10.45957875       -8.70546942
      1       -0.44075013       -0.68847272       -2.72419339
      1      -11.44984432        6.85673576      -11.98111947
      1       -1.76219615       -1.34210922       -6.13390505
      1        4.70809444       12.71756872       -8.08692376
      1       -8.13784746        9.22240258      -11.36282891
      1       -2.28450759       -4.27075377       -7.92341739
      1       11.74179588       -0.51813038        4.87436294
      1      -10.17157590        9.73644748        9.57367964
      1        1.87889305       -8.30520599       -2.86984679
      1       13.69200079       -1.80693601       10.38080793
      1        9.03185643       -6.93717953        7.32480239
      1        1.95947081       -7.76051195        7.15477310
      1       10.81146000       -7.89836103       -5.49962141
      1        7.01387468       -4.83520934      -10.73298144
      1       12.02634515        9.63921484        7.52367976
      1        5.60003406        0.87952974       -1.26414410
      1      -10.95331432      -11.91100823       13.52821698
      1      -12.60227039       11.65037566        7.25630130
      1       -5.14357023        3.99361555        8.07995582
      1        6.02955566        4.33063341        9.64224728
      1      -11.69384701      -11.00713032       -7.51070385
      1       10.70296119       -5.71364788       -4.41366201
      1      -11.49169292      -10.04334363        2.29610904
      1       -7.24637413       13.60298670       -8.57115181
      1       -3.36497213        6.46691360        0.92111427
      1        0.74805966      -13.13301843      -10.95823976
      1        1.41255296        2.95590897       -3.75856718
      1       -9.51330021       -5.60610188      -12.78902530
      1      -10.83056633       -1.22732724       -1.09457416
      1        5.88257531       -9.89954850       -1.75931250
      1        9.13438451        8.87947069        0.17499468
      1       -4.07405668       -5.64353521        1.13045007
      1       -0.00537064        3.88482967       -2.04380150
      1       11.22515452        1.09124260        9.27512645
      1        9.14905526      -12.60141171        4.44631152
      1        4.60634571       -7.62186572       -7.80250391
      1        1.12634180        2.63654765       11.09547608
      1      -13.17691591       -0.55649849       -5.81703801
      1       -9.40137823       13.99329617       -3.94544749
      1       -6.91383021       15.36156601       -0.69881296
      1       12.49947757      -12.53903385       -2.70039157
      1       -6.09881264       -9.45684766      -11.06613241
      1       -7.32820562        6.39840516       -8.64329451
      1       -0.56951668        9.71391776       11.86269455
      1        5.31930664      -13.70636308        9.38747375
      1       -2.50286119       12.10829170       -9.48579695
      1        8.13497541       -6.81053841        3.50314885
      1        1.90958048       12.87706244        2.21900365
      1       11.96789353       13.23717250        6.03562485
      1        6.69896152      -11.61979376        1.67730057
      1       -1.55185591       -7.32270051       -1.60453927
      1        7.88504664       -4.96267815       -8.50610831
      1      -11.44593025        7.56267562       -0.76025832
      1       -8.16993268       -9.58259907        3.40194573
      1        0.72948400      -11.65894728        0.56769623
      1        0.98679096       -2.28553405      -13.78833124
      1      -10.49270221       10.05380264        2.60464264
      1      -12.80744880      -13.29032096      -10.08742763
      1       12.08489877       12.75631367        3.67368592
      1       13.10594066       -8.16950967       13.20382965
      1       -6.57233746        9.01432315       -5.56796693
      1       -6.97750757        5.29930350        9.03953376
      1       -3.72993336        7.58181412       -8.30947366
      1        8.47618828       11.84916322        6.89179694
      1        7.81108170       13.75310141      -12.38245948
      1      -11.53265121       -0.36010442        7.52599600
      1        1.81695171       12.82626027       10.54260730
      1       -1.80474489       11.56500621       11.05969343
      1        8.40492572        4.93402250        7.20826853
      1       -7.32629557        4.50301297      -10.15072099
      1       10.51453148       -9.12141675        0.87655883
      1        2.03863252       -5.02625150       -5.87105957
      1        3.33084663        2.58881730       -8.20069416
      1       12.76020726        8.18076681        5.80438758
      1       -7.69080170        1.93473046       -6.04674035
      1      -12.45557095       -3.91844063        3.87425813
      1       -4.42376670        9.84739383      -11.77509405
      1        2.30149841        8.85663637        3.15413322
      1       -5.24872769       10.25913210        2.70413894
      1        4.08046295       12.69490366       -3.48421023
      1       -7.02286221       -1.43003148       12.35642045
      1        5.41973236        8.64250238       -8.66441872
      1      -10.83425608      -12.36685935       -9.26622997
      1       -6.64101960       10.42543623        7.37729332
      1      -12.02538585        5.27613395       -1.34514658
      1       -8.77771242      -10.00367901        5.81410532
      1        1.66441265       -1.94351128       -2.21295054
      1       -6.26889056        6.56002815        2.37768590
      1       -4.17149891        8.26172860       -0.37648670
      1       -8.70782282        0.57270199        5.26273945
      1       -6.69722889       11.92438393        3.74166826
      1       -4.19683815        8.25063429       -5.91425228
      1       -6.49053048       -0.08081979        5.31839382
      1       -2.54224539        8.86532231        8.82812328
      1       10.82214498       -4.57328815       -6.59798756
      1       10.63347425        6.83913887       12.32271003
      1       -5.56376051       -6.00973461      -12.76111724
      1       -8.48069817      -11.67603685       -5.99919359
      1        0.43327866        3.18375395        3.69010973
      1       10.85123883       -0.89018023       -6.33162833
      1      -12.67059939       -8.46016091      -13.37664487
      1      -11.29214912       -0.03334604       -7.17080073
      1       -4.30583767        4.36036436       -1.90376287
      1      -13.12802444      -10.35723045        0.49369542
      1        8.69886027        0.56094370       -3.60268655
      1        5.51138509      -10.09258958      -13.03220220
      1        2.07588067        6.69208980       -8.04785113
      1      -11.46160799       -7.68136078        9.84880725
      1       10.19231007       -8.74132725        6.22390884
      1        1.27374495       -0.03546051       13.33082515
      1       11.48809623       10.76539867       -2.11382142
      1       -2.35165653       -8.74108025      -11.84396204
      1        2.16210608       -7.59065170      -10.17694150
      1       -8.58092133        2.55874644        3.96593488
      1        3.56772250       10.05909582       -0.52579177
      1       -3.74031314        4.85933822        4.57767959
      1       12.44454012       11.87396067       -0.14796838
      1       10.31093392       13.41424508       -7.29928405
      1       -4.40751025        8.91755722        4.48202119
      1       14.10075962        1.98201211        6.15461748
      1       -4.25264448        7.42728302        8.06467965
      1       -0.17713060      -11.73675803       -3.54861857
      1       -0.83679869        2.68717172        5.69386537
      1        0.34118189       -6.40869854       -2.75213361
      1       -1.36943818        4.72356434       -8.13043877
      1        7.38951458       -9.81082368       -9.80608646
      1        1.53750647       11.73611137        6.01091008
      1       -8.59871720        2.09598736       14.19138624
      1        7.81755405        1.97481074       -7.38448851
      1       -6.74375268      -13.43130300        6.66838051
      1       12.88047928       11.82754105        7.72423224
      1       13.84803131       -9.09548765        7.79713328
      1        1.96283427       12.21445427      -13.91780764
      1       -8.47268989       11.58913143      -11.74152714
      1        8.45246061       13.64059504       -8.75144042
      1       -4.66005293        6.75145374       -2.21620724
      1        7.07717675       -5.90800021       -3.16674712
      1        3.44695697       -6.47700709       10.66590494
      1        1.11867085        0.57037887       -4.24640502
      1        6.04605673        8.83183587        2.46260430
      1        5.59702296      -10.59713626       10.85206309
      1       10.42267958       -1.64074502        6.72917746
      1       -9.24265641       -8.38572148        9.44291332
      1        9.27214004        1.59855255        0.12486097
      1       -5.29079077        2.56641447      -11.88747649
      1        3.68219282       -7.40869732       -4.05307131
      1      -11.87966967        3.33609037        5.48878643
      1        7.10772203       -8.83750929        4.26291278
      1       -5.07470137      -10.90918520       -0.79324334
      1        3.89534198       -7.52614008       12.79343042
      1       -2.16574875        9.69299255       -1.15825265
      1        8.90138329        9.06406744        9.43452726
      1        0.38435696       -9.88750045       12.32289296
      1        3.20484238      -10.70258156      -13.29126156
      1       11.02728308       -8.09110580      -13.31876690
      1        7.60907438        1.75524803        3.85322090
      1        2.47902423      -12.70497433        1.91354912
      1        3.68339002       -9.90862904        3.97393674
      1       -8.56130627       -8.93229631       -8.40018861
      1      -13.07096798       -9.62431085       -1.76788700
      1       -9.19778013       -4.60470132       -6.89072775
      1      -10.66209003      -11.26511114        6.69494764
      1       -6.97184209        8.74746848       -9.32520073
      1       -3.26860633       13.29026658      -11.48138150
      1        8.75982434       -4.34161811       -3.72721515
      1      -13.72724596        1.94365931       -9.07815498
      1       -7.87823818        2.86765429        1.58512159
      1       10.55359205        7.25987318        9.96595000
      1       -6.97568667        5.47892309       -6.45573730
      1      -12.17757701        2.86488873       12.84588637
      1       13.42862180       11.92379348       11.45928053
      1       -7.85800397       10.32782509        9.46118146
      1        7.45363810       -0.52093091      -11.46724119
      1        4.92827085        7.73541843       10.07634443
      1       -3.09225546       -0.88130440        2.60874931
      1        3.73505336        5.99483457        0.52474606
      1        4.19961063        5.73052825       -5.62749028
      1       13.71062928       -4.14833572      -10.06657431
      1        7.34047657        7.04117953        6.78333615
      1        9.69553162       13.76400464        6.24876219
      1        5.01661929        2.27372940       -4.56844984
      1       -0.45477762        2.36636423       -7.56905425
      1       -5.61723042      -12.14227210       10.33165615
      1       -5.97740404       13.74571264        8.85874486
      1        6.36363196       12.05132356       -3.95391828
      1       -3.65179871       12.35558570        6.16373844
      1        6.12385171       -1.29649101       -8.62810083
      1       -0.31482042       -2.66011033        2.35802401
      1       -1.84779476      -12.99528907       11.38236839
      1       -2.19761826       13.67205156       -5.83300546
      1      -12.57809860       -2.35313003        2.14397986
      1        4.45999716      -13.40920153        5.44168735
      1       10.30964582        6.23523334       -3.59083649
      1       10.92764475        7.87618895        4.25179360
      1       -1.42821894        6.54806775      -11.28278552
      1       -7.62283675       -6.80775595       -4.06999083
      1        9.46807923       -4.75663984       13.00048969
      1       -6.42031641       -3.99484402        5.95637418
      1        1.57598140        9.15565618       -1.57159266
      1       10.76986075        3.44791180       -9.94683810
      1       -6.79575885        3.69696747      -13.39486753
      1       -6.67195610       -7.60356152       -0.88165210
      1       -0.05243710        6.28623661        4.99036856
      1        8.58547368      -10.78576439       -6.11449825
      1      -11.75821925        6.18383677        7.90640742
      1      -11.13910515       11.92073633       -0.63748094
      1        8.45772284      -13.13933599       -2.35017473
      1        7.59217660       -2.95715689       -5.29105520
      1       -1.14699536        7.87941214       -2.67681862
      1      -13.17569836       10.98386356        0.29399814
      1       11.69855465        3.11395721       12.37431995
      1       11.21287477       12.60856239      -13.31149340
      1        2.13941716       -9.74542014       -9.11032308
      1       13.87501906       -6.73047631        7.70007207
      1        0.65731205       11.35005678       -7.87299570
      1        0.71491665        3.72264042        9.00006622
      1       10.39650409      -13.07798792        0.89752680
      1       -0.11226203       -3.94207998        8.99791366
      1        6.19772365        5.51488422      -11.65763982
      1        0.93779248        0.92195951        2.98524400
      1        6.56747858        5.67291525       -5.88423664
      1        9.05340003        9.68283601       11.78584447
      1       -1.06730469       10.99127372        3.48518483
      1       -8.02226710       11.36044930        5.63635826
      1        2.29381364        5.46556210        8.57768463
      1      -12.32393446        0.01029424      -12.46439900
      1        4.15844649        1.15706507       -6.47892096
      1       -1.89239342       12.28760891        1.69487259
      1        8.69395149       -3.09658647        5.71143799
      1        2.64067761        4.58056241       -7.04315495
      1        8.16175921       -2.94108774      -11.64549811
      1       -5.66262998       -0.91037001       -7.96656275
      1       -5.44318062       -4.46561060       -6.38158056
      1       10.47839646      -12.38925499       -5.97915461
      1        5.10821707       -8.61667042        0.30724977
      1       12.70161338       10.23534481       -7.00716654
      1       -3.06758380      -12.14554401       -1.22179346
      1       13.39091507       -2.84631046       -2.77576951
      1        2.25851581        0.54425350       11.17301154
      1       -3.62630941      -12.33136919       -5.08750383
      1        5.95916194       -4.43954539       12.85977181
      1       -8.55634491        8.03205916       12.57645227
      1      -10.18620331       -6.32540721        1.87534087
      1       -9.08597569       12.44492073       13.90367129
      1      -10.99918937       10.72413283       -2.78500353
      1      -12.64031561       13.52209589        5.76636610
      1       11.82052723        2.38561959       -8.09431451
      1       11.50370444       -5.15404415      -10.39801637
      1        1.92934430        8.34501636      -13.49530085
      1       -4.30347880        0.67131606       -4.85582435
      1        6.94818105       -6.59812251      -12.35559768
      1        9.11954230        4.45498252        5.04795241
      1       10.55836219       -3.31108439      -11.69970216
      1        3.42867228        5.30872777        6.40837572
      1      -13.38920043        1.46727969       -4.45220732
      1       -7.74096463        9.93081990       -7.44055369
      1       -1.75092111       13.67222937        6.75346749
      1       -0.47174039       -1.21592640      -10.01516404
      1        6.82983129        8.18922395        0.29612317
      1       11.15738536        5.48916180        4.42947022
      1       -4.88538997        0.38950032       -0.30955731
      1       -3.82708922      -10.27959116      -10.76752591
      1       -6.77643033        4.79643221        0.71280157
      1        5.35701547        8.63532150       12.21309915
      1       -2.70650913       10.05866083       -6.34439431
      1      -13.85730588      -11.33863291      -10.89948524
      1        3.30354610      -11.22961891       10.24016134
      1        4.50406978      -12.55901012      -10.85656636
      1       -6.01389560      -13.95793902        1.00322110
      1        2.88797303        0.99491625      -13.05845470
      1        3.21681421        6.61294880        2.83343122
      1       -1.13257601       -0.12053944        9.44121553
      1        7.23185193       11.47215022      -11.68526643
      1      -12.61631183       -9.26138872        4.26231194
      1       -4.72781194        9.33850891       -9.48339953
      1       13.99999312        5.79983916        2.03193025
      1        5.05290540       -1.33499059       10.75127072
      1        2.94904027        6.54384478       -3.46227073
      1        0.77528644       -0.09764022        8.00128638
      1        2.14769997       -3.28994859        9.19208788
      1       -8.85253400      -10.64633593        9.89529877
      1       -3.13610235      -11.49362658        4.69812680
      1        1.15562723      -12.47876607       -1.68056742
      1       12.51550809      -11.17003588       -6.57436583
      1       13.62422187       -6.08766498       11.94515657
      1       -1.85479027       -1.85416477        0.54680194
      1       12.30052818       -0.53942205       -0.25512751
      1        2.89441806      -13.68184124        8.97792001
      1       -8.28949221       -1.53014467      -13.34638558
      1        3.11062980        8.94698256        9.12571885
      1       -4.74893445        4.39982169       -6.04947444
      1       -2.68330977       -1.11086024       13.36319829
      1      -10.10846016        7.11631457       -4.52795106
      1       -8.57735275       -4.94529655       11.09997501
      1      -10.69090544       -1.74726639      -13.21992326
      1       -0.99943613        6.00403221        1.00250012
      1       -9.90406102      -13.42184985      -12.85993998
      1      -13.46204219        8.79581183       -0.53803353
      1      -10.57355884       -0.73812890       -9.39899201
      1       -3.63696701       -0.04204742       -7.01831225
      1        0.44518197        2.95638199      -11.13179667
      1       11.40894074       -1.19303868      -11.00081799
      1       10.51989358       -1.33393302        2.98657667
      1       -0.78107039        7.98947363       10.19856718
      1        6.21969056        2.53782803       11.04466750
      1       -7.31964544        7.79723074      -13.09595210
      1       -5.54687832       -1.22308588       -4.12183278
      1        6.69592953       11.44807437        5.35376972
      1       -3.08044006       -5.55322074        3.33270601
      1       -5.57089600       -7.52347838        1.20731180
      1       -1.33101507       10.06940173      -10.16733984
      1        5.69804667        7.72200940      -12.36241798
      1       11.50816500       12.19432690       -4.03665230
      1        8.93633865       -6.86057265      -13.81092347
      1       13.81226164        5.28934076       -4.99270827
      1      -10.22487050        8.49253574       -2.55519433
      1      -10.49438196       -3.27275882        5.24315841
      1       -1.07545027      -12.88611900        8.86455553
      1        5.71644580       -9.06196786       12.67673851
      1       11.64686859       -0.00828120      -13.14436038
      1      -11.23868793       11.86285903        9.19194983
      1       13.78464352        1.24587775       -0.91366797
      1      -10.05304101       -8.50907223      -10.24247057
      1       -8.06322420        1.03983661        9.33504355
      1        3.97835470       13.03695500      -10.29564663
      1       -7.87126091        4.38470778        5.35413683
      1        2.81467292       -0.95739016        9.20959531
      1       -6.80389791      -11.99577053       -7.76592426
      1      -12.33678800        6.68045389        3.73281747
      1      -12.84660291       10.62731404        2.67335786
      1       -5.13785563       12.17248365       13.09719381
      1      -12.84292334       11.84350736      -13.28393549
      1        8.27397538       -5.50378594        5.53075253
      1      -12.06655037      -10.61455557      -12.52650910
      1        5.84275184       -5.62344260        5.59290181
      1       12.93209114        7.87367828       -7.67814494
      1       12.39696643        2.20767998        2.37823739
      1       -1.58010557        4.50316573        9.50867368
      1      -12.25686552        0.55332888       -2.35956272
      1       12.57950911        8.41451037        9.47223290
      1      -12.26699384       -5.42573753       -9.01472606
      1       -6.25518081        3.18541029       -2.62049423
      1       -2.56559719       -6.92411894        8.81142877
      1       10.38438206       -6.18132049        9.24960600
      1        8.92192694        9.56693870       -5.70281255
      1      -10.35862401        8.17806224        7.66749565
      1       10.12517192        2.81618577       10.48311096
      1       -3.91998614        8.16812509       12.97338971
      1       -7.26004653      -12.97825846       -3.01564792
      1       13.56693811       -5.99297717       -0.71183915
      1       13.46516501       -3.50536251        8.74022394
      1      -12.59609574      -11.84902308       10.05064606
      1        9.68514534       13.49721388        9.92501007
      1       -6.55727139      -10.42771679        8.99285218
      1       -0.93467106        1.41708561       11.31437670
      1        6.31386916       -0.57814790        6.72245810
      1        8.74710170      -13.11526457       11.77643452
      1        8.04412282       -6.77505229       -1.18298965
      1        7.75102312        9.18155859      -12.55893927
      1       -9.32702886       11.41459936        0.93808223
      1        3.95096700        7.85412920       -6.96538906
      1       11.94516052       13.20723591       -9.05020000
      1       -1.40645284       -6.20306193       -9.02553609
      1        0.41958804        8.12719818        6.50242995
      1       -9.52104643       11.66539518       -4.39392018
      1        4.72895871       -4.61113394      -10.18390389
      1       11.47844413       10.22712430      -12.96322790
      1       -2.20464683        1.10774073       -3.79042895
      1       -6.85504077       -3.85171282       12.34857478
      1       -1.63979693       12.41759081      -12.96147636
      1      -10.71648589       -0.38870414       11.24356918
      1        0.88217856        0.74963637        0.59197814
      1      -13.18775094       11.77068917       -6.78059351
      1       -4.90349844       -1.13993757        8.61308327
      1      -12.46846847        3.49107041       -5.34348001
      1       -3.74801291       13.48816833       -1.96247763
      1       12.94789726      -10.35722169       -8.87741288
      1       -1.77830612        4.85247604        5.88236310
      1      -12.84979443        5.78358524      -10.37698982
      1       11.63105227       -7.84918788        4.55250667
      1        3.54058481        3.38734701        2.91943559
      1        8.58395724      -10.38828291        5.43742572
      1      -12.18758051        2.41102764      -12.62969295
      1        3.97893651       -3.98268758       -4.77298273
      1      -10.00948319      -10.91948129      -11.00169430
      1       13.05670779       -2.37743510        6.50620681
      1       -5.36424604       13.47617829        4.91000240
      1       -5.16877213       -8.98407566       -2.18424918
      1       -8.46387903       -2.34454236       -6.85041737
      1       12.42957228        5.37976342       12.71930070
      1      -13.36991530        2.15037259        1.13511144
      1       -9.58812884        9.74105049        4.89251696
