 run_id:         1006
 total_energy:   -4103.8830434775800     
 P   27.848118434861512        27.848118434861512        27.848118434861512     
      1       -0.11575988       -8.77132137        6.81126638
      1      -13.07646856       -9.11557986       -8.05252007
      1       -7.80044344      -12.46678624      -11.84248081
      1      -10.21875836        8.38270450      -10.64052349
      1       13.08598531       12.85840120       13.51212678
      1        9.00531538      -11.08316120        0.76409588
      1      -13.84784847       -3.70795461       -0.70594728
      1       -2.93050812       -4.88244659       12.76961285
      1        0.74564726       -1.55381795        6.17528955
      1       -1.07176360        0.08739080       -0.51877281
      1       -1.44255873       -3.51365213       -1.26095911
      1       -2.72823482       12.89915023       12.69209164
      1       12.09721811      -11.50569274       11.65189080
      1        8.94950266        2.80428966       -4.39816195
      1       -5.60514167       12.06114321       -4.93957882
      1      -11.72697357       -6.12434740        8.05551056
      1       -5.33363049      -10.43350614        4.93300121
      1        5.61181120        9.33213296       -1.45037610
      1       -2.66938635       10.40957573        5.16594389
      1        8.68784809       13.05720993        1.22521268
      1       -2.32888198       -9.64046920        1.52725299
      1        3.10615369       -4.06437295        7.14976466
      1        4.95495296        2.53913498      -10.00427614
      1       10.54474715      -13.40159108       -3.76005762
      1        0.23959475      -12.82102997       -8.59091064
      1       -0.23364364        9.65823885       -6.31072509
      1       13.02519763       -9.51544479        3.60152012
      1       -4.97568664       -8.50419384        9.31043318
      1      -10.11015046        3.22248432      -12.22207893
      1       -0.31964825       -5.32126644        5.52653488
      1        4.88892355       -5.92309142      -13.52523209
      1      -11.04516416       -8.82133848       -4.86596075
      1      -10.83979948        2.83156729        3.38514262
      1        9.85277535      -11.13360200       12.41271553
      1        8.35144169        6.11147866       12.61264071
      1      -12.09235068       -0.63888306        3.70266012
      1       10.90646444        6.63011544       -7.47527659
      1        7.00207048       -0.67266076       -4.76501695
      1       -5.67044906        2.73767463       -9.44821589
      1       10.95010187        0.50435194        1.38629543
      1       10.90727582        7.18165943       -0.03960429
      1       10.76205645       -2.57042658        8.96816843
      1        4.63270401        1.01913158       11.62965866
      1        8.95911141       -8.98632057       -4.53743475
      1        1.15931775       13.02365804       -1.42067573
      1       -4.07284130       11.05607914       -8.10084826
      1      -13.34672141        7.70181151      -13.12776473
      1        6.72900752        4.96856294       -2.04791268
      1      -12.68972369       -7.32750036       -1.77188668
      1       10.09399607        4.87623376        9.06825929
      1        1.19991047       -9.34236161        0.89121833
      1        7.62315525        2.48632799        1.54879103
      1       -3.20734998       -7.70305378       -5.28303372
      1       -0.08513781       -6.19358513       14.79927503
      1        6.94077084       -5.81282326       11.16235663
      1        4.65036483       -3.11244321       -8.24236105
      1        1.81356655       -8.73754054        3.16255518
      1        5.75462276       11.82036454        9.43666994
      1       -0.35589540       11.77547541        7.39128079
      1       -4.40774748        4.44839195        0.44563467
      1        2.24430128        3.13550729      -12.62650303
      1       -8.90526625        0.74233510       -4.31238857
      1        8.17751441       11.67809670        9.37029946
      1        5.34665205        0.10651839      -10.44002740
      1       -7.31339244       -5.86236932       -6.20079361
      1        7.16506153        5.16425716        3.67477895
      1      -11.68120167       13.24928016      -11.72973225
      1       -3.13163614        7.17060925       -3.95912673
      1       -0.01926040       12.17702920       -3.28176836
      1        7.17793367        3.11256768       -9.35612842
      1       10.46981891      -10.43107238      -13.09732573
      1       14.00491782        9.78209298      -10.09391294
      1       13.39819621       -6.66242860        1.51631873
      1       -3.35036106        3.44701907      -12.77514379
      1       -1.52585662        1.92106904      -12.19700072
      1        3.05912342       10.75198627       10.78900316
      1        2.64638651       -4.27398092       11.27588054
      1        7.71439263       -7.82524526       12.24110559
      1        3.75842276      -10.91555590        7.68866992
      1       -4.02712815       -1.05944020      -11.23039529
      1        7.19503438        7.58201976        9.05616065
      1       -8.83505990        3.97588316       -6.27463263
      1       11.17984731       -8.71162620       -1.46217237
      1      -13.35873910       -0.41215683        5.79292195
      1        0.90491372       -5.64627692       -9.40527629
      1        5.62941689       -9.63304019        2.53064591
      1       -0.72920440       -2.48765241       -7.99589760
      1        9.61431500      -12.75216914        8.11773871
      1       -2.24002466        3.31824066       -2.75144254
      1       -3.68041954        5.78952271      -11.80248798
      1       11.94491960        4.58339215        2.39241055
      1        0.63743742       12.43683553      -11.94256589
      1       -7.80865466        0.37740725      -12.16125593
      1      -10.24177064        9.51952305       -7.38639740
      1       -5.15351283      -13.71977520       -3.82911109
      1       -9.99204689       -6.83667946       -3.97166369
      1       10.19150196       -7.97249362       -7.86359770
      1       13.16792522        9.51206832       11.47400364
      1       -2.14274370       10.12853041      -12.46322798
      1       -0.10019205        6.17733117       -1.23269184
      1       -4.78763746       11.76529375        8.16102654
      1      -12.65501369       -1.59220805       -3.65106312
      1        9.18207092      -13.07392364      -10.73307408
      1       -8.66775007       -4.77112015        5.14806154
      1       -9.87151060       -1.26101030        4.17816794
      1        2.97540276       -2.17395889        5.77368498
      1        9.78482653        9.82965539       -9.37492105
      1       11.44641215        5.34611989       -5.51401294
      1       -4.01919634        1.35797898        2.79719719
      1       -3.22924918       -9.11027530      -14.01885850
      1      -13.78702522       13.70998173       -8.09705164
      1        1.33705639      -11.96710512        7.73733262
      1       11.24962193        6.89943999      -11.16176648
      1       12.98606238        7.70637083        0.97855397
      1       -3.35469562       -2.91617891        8.57645364
      1      -10.58810015      -13.16312135        5.37679234
      1       -7.77079806        4.83870574       -1.61317660
      1        8.65741350        2.44995434      -13.00019011
      1       -8.79520550       -8.61763583       13.07129489
      1        8.89409253        2.07927585      -10.63987535
      1       12.77634699        5.90253604      -12.81785412
      1       -9.28422337      -12.16485613       -0.19075506
      1       -0.90200645      -13.30294106        4.68381195
      1        6.01197668       -8.49848719      -11.27005098
      1      -13.04934751        6.84097611       -6.59661200
      1        2.59374597       12.36671165       -6.89468087
      1       -8.06309378        6.39421265        4.03060117
      1       11.31325440      -13.88600788      -11.31260668
      1       -6.80700611      -11.07510885        6.68003976
      1      -12.85432643       -5.52473564       -6.73542558
      1        5.12001359       11.23897773        7.13552718
      1      -12.87079523      -10.51294599        6.24853653
      1       -2.74179120       -2.57288399      -12.55301280
      1      -10.92044207       -4.92198938       -5.19941162
      1        5.39011083       -4.47624810        7.60207395
      1        6.03294854       -6.43457201        0.18014282
      1        9.69553732        2.12580317        5.20482757
      1        2.84193565       -9.09433552       -0.76567165
      1        6.36239838      -12.80272782       11.36731375
      1       13.10385312      -11.86879620        3.78111382
      1        9.61059390       -3.25790081       -1.76735648
      1       -1.07155522        0.64810962       13.57410189
      1        9.25743911        9.78781919       -2.03180757
      1        4.04129000        9.17059959        6.82494572
      1      -10.86473901       -4.22429875       11.12021351
      1       -6.08562965        8.62926627        1.18134362
      1        1.94468008       -5.78940201        5.86834876
      1       11.43718541       -0.95280020       10.58106098
      1       13.67030805        1.77190005       12.17925658
      1        7.61960660        1.11149872        8.01208987
      1        0.27534130       12.12847380        0.57505605
      1        0.03866287        9.16928740        2.39554909
      1      -12.27868299       -7.03466793        4.89997098
      1        8.28471069       -1.97237819        3.64045086
      1      -13.49332338      -13.37156050       -4.08538921
      1       -2.95232464      -10.24624402       -8.56653369
      1        1.95985762       -2.75616357        1.62835666
      1        8.87410901        8.49779984        5.36842667
      1        1.53975515      -13.76379644       12.53825469
      1        2.17738927        6.85219124       -1.20948420
      1        4.43689260       -7.02142196      -10.06377721
      1        5.73573981      -11.45631455       -9.17528392
      1        4.99185718        1.24754532       13.94667426
      1       -0.21177004        7.11163555      -13.42800400
      1       12.95642166      -12.64848157        9.71735237
      1       -8.20848070       -4.08616293       -0.96597780
      1        5.97792282      -12.49214269      -12.70944760
      1       11.13616728       -9.14379533       -9.73218958
      1      -13.07249043       -9.47031730        9.94147030
      1       -1.15851377        7.24461174        3.15195237
      1       11.75907288       -3.41380087        2.77556951
      1       -7.15267292      -12.36238052       12.16531358
      1        7.31645995       -9.81511652        9.32093237
      1        1.57762917      -13.34395613       -6.51161252
      1      -11.65213390        9.72490644        6.15283344
      1        2.54310227       -6.37863710        3.60111741
      1       -9.59636423       13.52278695        8.78065655
      1       -1.90714426       -4.21007829       -5.40306925
      1       11.57254914       -9.57217777        7.96450651
      1       -2.07768957       -9.53655544        3.85067134
      1        8.24866031       -2.35898852       -8.87383511
      1       -5.08589167       -6.62943423       -8.94562036
      1      -12.38038165       -6.02305499        2.78070036
      1       -6.62001692       -0.79768141        3.05954891
      1       -2.70739668        1.65853550       -8.41033419
      1       -5.88603479        8.46207101        6.37252536
      1        0.83403142       -4.22129793       -1.62241842
      1       12.71516767       -9.29587688       -5.09926281
      1      -10.19850281       -5.06904683       -0.15688488
      1      -12.66090386        5.53219747        5.73677864
      1      -13.64836557       -2.18512382       12.63504558
      1       11.00561967        3.04841959       -5.74126055
      1       -1.95334715       -2.42620761       -3.57259254
      1       -6.08066389        1.06419876        1.69196146
      1       10.35432991        3.45752895       -0.93909141
      1       -9.70955500       -2.89635133      -10.26813200
      1       -6.41626076       -7.10566248      -10.82665428
      1      -11.34979373       -2.28095730       12.45230696
      1        3.32959668       -0.71369672      -11.41064832
      1        1.30367382       -9.77885556       10.14723746
      1        3.94627494      -11.27632551       -1.29676261
      1      -11.59712446        5.84902240       -8.30871389
      1       -5.71371137       -7.29111536       11.27273172
      1        3.61110376       -2.67170758        3.46220170
      1       -9.52670908        5.75760232       12.36200121
      1        9.15733575       10.72033048        1.83341350
      1       -0.70761448        5.71122866       -5.76592771
      1       -1.56420699        7.80479522       -9.28654210
      1       -0.21423719        5.30527967       12.88922221
      1       13.14725430        9.06698220       -2.55967376
      1        4.61679878        9.40022780       -5.26640144
      1       -2.88658165       -5.43328113       -0.99179793
      1        0.14673494       -9.67352590        4.65229334
      1       -4.61748267      -11.12068584       -6.94817674
      1       13.29476285       -1.78399919       -9.53043521
      1      -13.34641689      -12.50113629       -6.36531381
      1       -1.67483021      -11.81404830        0.78652784
      1        4.88799977        3.28377365       -1.45883255
      1        3.76059034       -9.04823939        6.23179998
      1       -7.34960944       10.60311258       -3.89781943
      1        9.96367002       -5.33440972       -0.59106747
      1       11.41184974       -1.68023230       -2.21116593
      1      -12.55405122       -0.23207505        9.64875562
      1        9.95255152        8.88219645      -11.55303940
      1      -10.41815827        3.78847820       -8.05886080
      1      -11.06536016       11.36970022       13.02355882
      1       -2.29689164      -13.33274025        2.52687792
      1        6.21536910        5.92490070        0.07825576
      1       13.87284274       12.17102186       -4.57652174
      1       -0.94764152       -7.36154900       -6.51008511
      1        7.91407284        5.67663934       10.29266139
      1       -5.20030634       -7.82637377       13.54104240
      1        4.28577286       12.30849248        2.20526830
      1        0.86303198       -8.94580982       -6.75523755
      1       -6.40211026      -11.48913947      -13.64155059
      1        1.72735622       -0.51853479       -9.62938782
      1      -10.64220783       -2.75922041       -4.06475730
      1       -7.64699483       -3.71649775        1.35340187
      1      -13.46886154        6.13944291       11.48534276
      1       -5.50943831       -2.38633010       -9.86149584
      1      -12.92568389       10.01424700       -4.00543112
      1       -8.28040380        7.86457405        5.94138704
      1        5.36285785       -9.04541605       -4.02560692
      1       -2.85818900        2.84082112        1.30827392
      1       12.13562577       12.94973975        9.71989439
      1        7.08289539       -2.72402542        7.45441367
      1       -8.85263858        5.66952467        7.32572647
      1       12.18558914        3.71674506      -11.81853598
      1       -4.96753171        9.97508739       11.84693758
      1        1.01448569       -8.12523106      -12.21723111
      1      -11.27666300      -13.51161135       -0.79178051
      1        3.13703185        1.19966262        3.79385134
      1        5.08712765       13.25384920        0.13132111
      1        5.81088827       -4.22606437       -6.39545452
      1       12.06922208        6.90419130       -2.15638782
      1        0.85646478      -11.82688741        5.34264844
      1       -3.11802205        0.48044663        8.20668595
      1       -3.42394441        5.33586183        7.99333914
      1       -4.71953638      -13.08710914        2.97615274
      1       -4.74143134       -9.75143995        1.24533907
      1       -6.65738310       -7.67283050       -7.51700198
      1       -2.44415605      -11.11324137       -3.30498261
      1       -2.85982648        1.66407694       -0.74886616
      1       -7.87175939      -10.84623735       -3.81577399
      1       12.90731961       -9.01603616        1.34642185
      1      -10.18312995       -6.44665999        6.19070887
      1        7.47336777       -0.94571481       10.77803069
      1        9.38065794       -2.70265121       -6.75556539
      1        6.92548387       -7.77625750        8.15919503
      1        5.52208758       -6.17359705        9.32462062
      1      -11.49502723        3.98033722        9.09312157
      1        5.25150747       11.01530766       11.92128941
      1       -6.21074390       11.85693613       -7.28884823
      1      -11.80924659       -6.28309432       11.77706389
      1       -0.06845789        9.81659814        0.05535412
      1       -5.57579100        3.80210384        5.74531482
      1       -9.71807849        7.30047365       -8.58049195
      1        4.76659325      -10.67139898       -5.70081672
      1        8.99822736       -4.77738710       10.62765226
      1       -7.50668103       -2.82926684      -11.35055085
      1        9.70522152        9.80942507        7.17602570
      1       -0.72314184        0.81451178       -5.68900544
      1        2.11466368        5.06430280        4.36767336
      1       -6.75604136        1.11072933       -1.53363573
      1        2.30677934        6.13993102      -10.48622881
      1       -4.90502327        7.70598036      -12.88932677
      1      -12.18581016       12.61834559       11.34744377
      1        3.24302706      -12.81102280       -3.08247310
      1        1.00330286       10.06853021       -4.00653750
      1       -6.23586951       -2.27715738       -6.10567451
      1       10.66678674       11.26404058       -6.06649090
      1        4.08741271        4.36958651      -11.45796945
      1        2.74667620       -7.27963523       -6.30725659
      1       -4.19379722       -1.91569942       -0.34087905
      1       -6.99785566        1.05835853       -8.24024028
      1       -0.11010043      -13.78739299       -4.81716159
      1       -9.81192938       -9.88878922       -6.61461149
      1      -13.28760778      -12.72917475        0.30063937
      1        0.69537196        7.46629263       -4.32691051
      1        4.61199304       -0.60290618        0.45539121
      1       -8.49820992       -2.30454247        8.39758066
      1       14.89241322      -12.99478895        2.59724719
      1        7.21217450       11.06300345       -2.00765992
      1      -10.23194519        4.36443072        1.69425829
      1       -7.69456581        7.07691011       -4.89374492
      1      -10.98895187       -3.83796788      -12.11174859
      1        4.02207292        9.99041234        1.84617713
      1        1.60248431       -7.46628798        9.52403797
      1        9.86842069        0.69979366        7.23213224
      1       -2.68742312        1.18219061        5.99755128
      1       -7.55614490      -10.75895373       -9.72503969
      1        1.01152969        3.06679501        0.02654380
      1        2.98831715       11.09920003       -4.90852410
      1       -3.85620789       -5.42375036       -4.86379710
      1        1.26692348        1.78109627       -9.15143105
      1      -12.86026958       -0.16696099      -10.08686470
      1       13.28881040       -6.27604075        5.43569194
      1       -1.64594690       -8.66663966       12.12395371
      1       -2.58421212       -9.36452753       10.00089573
      1        4.24496391       -2.86592165       12.38621701
      1        7.79201352       -3.30024693       13.83435083
      1       12.67770160      -10.10189879       -2.79739579
      1        2.15492060        9.50886793        5.45191629
      1       -7.30215436       13.09744446       12.38778279
      1        9.98172725        0.81542079       -7.76345893
      1       -4.16354129       -5.07174749        9.14905937
      1        8.30419323       -1.17010789       12.94998727
      1       -4.51550106        6.09000499       11.56575718
      1      -13.12480992        8.82435862        4.44890029
      1       -6.11161399       -5.36795996        7.84188369
      1       -4.03090428      -11.34762696      -14.09346075
      1        3.74425635        5.26141484       12.62865258
      1       -5.19209231       -8.94335319       -6.08560889
      1        0.73665793        3.81656568       -5.88248517
      1       11.01381203        2.27885023      -13.36525305
      1       -1.06949130       -6.31393197       12.28921439
      1       -8.07714633       -7.27746997       11.21996563
      1       -2.77548077        4.95149152       -4.65180815
      1       -7.96851536        4.41331541       11.07931284
      1       -8.61991588       -8.02954810        7.15832400
      1        8.96264776       13.09365060       13.54280320
      1       11.48050005       11.17045636        1.96527659
      1       -8.91635484       -8.46513807       -0.63119101
      1       -0.68958722      -11.94983180      -12.47134247
      1        3.44242663       -1.75656734       -3.86664859
      1       10.13521656       -5.72218827       -8.49980764
      1       -3.66228605       10.87979027        0.84538249
      1       13.67485164        5.12177038       -2.52836654
      1       -1.72048135        8.67404707       13.55009225
      1       -1.33337612        9.64084995        6.95030464
      1       -9.63081823        1.07133330        7.37281480
      1       -0.77363584       -4.86814853        3.20109606
      1        7.93611909        0.30177058       -1.33591455
      1       14.15776116        3.11478328        8.34118383
      1       -7.94891540        8.96340536       -2.09765411
      1      -11.40402683      -12.85488586       -3.07061248
      1       -7.73171194       12.68399475       10.04372103
      1       -9.64514781       13.42978549       -8.42188796
      1      -11.65905310       -3.16913696        0.00495258
      1       -1.54210800       -2.34078497        9.97889293
      1      -12.43759504        4.34739311        0.77426741
      1       12.50304529        3.02475822       -1.97924192
      1       10.28192904       -7.33115680        2.62215048
      1       -1.56408519       -2.95980277       12.24851633
      1      -11.58348847        0.99157093        2.13610328
      1       -8.71214833        0.74624783       -9.91346737
      1        6.84405959        6.72242585       -3.75963661
      1        6.62618956      -12.11813825       -5.86697561
      1        7.96630659       -2.00417067       -0.63480440
      1      -12.21822635       -7.67706587       -9.71354970
      1       10.88364331       -0.18981823       -4.00924665
      1       -0.63492268        3.73971761        1.66143649
      1       -4.70794915        5.75600379       -9.57389210
      1      -13.39827632       12.77107744        3.62069341
      1      -10.73041910      -12.18778289        3.15910781
      1        6.37319093      -13.34868865       -7.87145450
      1       -1.70085301       -7.03448305        6.54051458
      1        9.13354654        8.22909999       -7.64698610
      1        4.04631807        7.40040272       13.71606453
      1       -0.31134560       12.69863499        9.61320678
      1       -3.16387529       -7.90460976       -8.14058201
      1       12.74783946       -5.67191112        9.59343959
      1       13.11786889       -4.01026059       -6.37203913
      1       -3.62325552       10.56390769        9.91781710
      1      -10.68620727       11.83051125       -6.62966257
      1      -13.52322117       -7.10059767      -11.61927275
      1        5.82673139       -7.93300647        6.06754659
      1       -0.74900866       -7.97567971        0.61443079
      1        4.30001593       -9.99162861       -7.93868851
      1        0.92160330       10.60339719      -10.29699980
      1       11.22642856       -5.44924098        1.54709686
      1        1.18053235       -9.99284872       -4.54774203
      1        3.95134066       -0.42109233        7.09382679
      1       -1.94392598       -6.39282923      -11.49777563
      1        7.33047734        0.53191562      -13.52774666
      1        4.65116744       -0.52373811        2.95258771
      1        5.12546786        3.69997051       13.86737979
      1        5.62109240      -12.39817068        7.33947593
      1        6.30353927        0.22259223       -6.86434987
      1       -0.31830871       -9.90866038      -11.23230341
      1        9.01169332       -9.38288609       10.97622350
      1        8.09452675        1.38409833       10.37994856
      1        1.74577942        4.04714164       13.04206443
      1        5.73342152        3.32731930        4.10672571
      1        7.60856445        8.34147095       12.98270551
      1        1.35908254        7.65312751        8.61784135
      1        2.21052020        8.59019505      -11.13939052
      1       -2.94321912        2.83407303       11.03149541
      1       -8.60707780       -1.04861039       10.44201409
      1       -9.46089518        2.73300150       10.29898342
      1        7.67145417        5.44057853       -9.66773939
      1       -9.27107220      -10.43411852       -1.87336741
      1       11.99738137       10.82075143       -9.14526864
      1        5.61726428       -2.73245690       -0.00607447
      1      -13.06347366       -6.34026419       -3.87377798
      1        3.23476864      -12.16349038       12.60890576
      1       12.41962195      -13.54198374       -0.47683219
      1       -5.81463511        0.37154484       10.32705580
      1       -4.90942077        0.01993288       12.85602914
      1       10.68525561       -1.27519544       12.91148207
      1        6.70160052       10.50698598       -5.77943823
      1        0.50233450       12.64818450        4.11139841
      1        7.76201561        9.93068503        3.74523765
      1       -8.11889611       -4.58229570        8.83555106
      1       -6.93258121        8.88272603       11.00925853
      1       -5.27896658       -3.56851451        1.04523579
      1      -10.40415802       -6.88998422       -1.62618920
      1       12.81964208       -9.27225154       11.27555429
      1        3.26254695       -2.43749868      -13.21434904
      1        5.76162090       13.15551220        3.93674445
      1        7.38149954       13.09571143       -0.75452341
      1       -3.41954512       -4.91824734      -12.72648691
      1       -4.89919611       -5.05825878       11.42263874
      1        3.56999836        3.93334943       -3.47705392
      1        0.98693952       -4.68515409      -11.56585032
      1       -6.57704865       -1.81109715        6.99283759
      1        8.40296782       -2.72465591        9.47144714
      1      -11.91461930       -3.93370050        8.92744674
      1       13.10090999       -2.37231937        1.09799850
      1       -6.93044634       13.25638626      -11.00405126
      1        4.50695290        9.11491441      -10.87950364
      1      -10.68081484       -2.51018836        7.47993712
      1      -10.41110820      -12.05865941        8.88245242
      1       10.23069800        5.07763730        0.79978817
      1      -12.42953807      -12.90569408       12.08373952
      1       11.20880405        9.12408134       12.75019039
      1        4.60399424       -4.96674945        3.59354803
      1        5.09957587        7.14984828        6.03239983
      1       -2.91352236       -8.72621644       -3.07623651
      1        6.66379929       -0.35563830        4.32559230
      1        9.48110963       -0.29473076       -9.88703596
      1       -0.08171668       -0.92669578        4.05877780
      1       -8.13826527        9.36393376        0.23726890
      1        2.09844068       -4.75459063        0.32428941
      1        6.14595757       10.80489878       -8.04797820
      1        0.70965502       -6.19258387        1.81629101
      1      -10.31950850       12.01569262      -10.28782962
      1       11.18644627       -3.42510758       13.88036970
      1        4.56511308      -12.39889547        0.68095472
      1       -5.91843755        4.22774214       12.38760858
      1       -7.75104693        5.58728049      -12.28137188
      1       -7.97813315       13.10862255        2.08307866
      1        4.89380353       11.37383523      -11.73202538
      1        5.10659472        0.03745908       -3.46947017
      1       13.32488750      -12.65309265       13.31185320
      1       -4.53414663       -4.88618494       -2.64906285
      1      -10.67498092        9.23015038       11.94452095
      1       -3.11300970       -7.53691668        4.67804101
      1       -5.72459084        2.57121063       -4.88730583
      1        7.77154888      -11.31134110        7.52479745
      1        5.44908479        6.93578378        3.69582887
      1       -2.25639494       11.66549778       -2.64395390
      1       -4.81977914        1.65392599        5.06644476
      1       -5.18258998       12.07545669      -12.32994173
      1       -0.08836726       -5.69101105       -4.98969283
      1       11.55970572       -6.39737380       -1.96345765
      1      -12.05295349        2.25631644       -7.37567323
      1        7.97360753       11.40227601       -9.44037867
      1       -5.04540847       12.29368809       -0.41292841
      1       12.09879596        1.95250244        4.68754086
      1       12.52968595        4.92349513        8.30949627
      1       -5.39038802       -8.05865412        5.08080431
      1      -13.24377354       -4.73391783      -12.18040460
      1        6.73759242      -13.45424496       -3.92931695
      1       -9.64336178       -8.65078271        1.68110220
      1       -8.54295487      -12.27757515        2.14366317
      1       -2.82103375       -2.73885666        6.20282642
      1       -8.23791876       -5.49332117        2.93900213
      1      -11.59371794        4.75559476       11.50553869
      1        9.44772948      -10.62528780      -10.83197012
      1       12.28578614      -11.96932760      -12.44935492
      1       11.95550870       -7.40095079      -11.22786065
      1       -0.20164932      -12.14744071       12.95762548
      1        3.37101855       -4.53488953      -12.15217607
      1       -8.63766820       -1.63704057        2.17325509
      1       -9.90715392       -4.94746798       -9.12456790
      1       -0.58835385      -10.26953642        8.71287245
      1       -4.19165169       -2.53190611       -2.66224880
      1       -7.48941912       -0.56564912       -2.99588562
      1       -3.02238113      -12.22440931      -12.07586809
      1       -8.87456144       13.43895727        6.50604671
      1        6.57822364       -5.45531505        2.26713308
      1      -10.42866278      -13.20581062       -6.15195942
      1        2.08526665       -8.86608411       13.68935810
      1       -5.44979422        0.31821907      -12.59350652
      1       -9.93886838        5.39547719      -13.10350656
      1      -11.44321826       10.07875450       -9.49452162
      1       -5.87044785        7.06913944        9.87998822
      1       12.55312137        9.19152211        2.73555081
      1      -14.07131046       -0.11808168       13.74586358
      1        2.89604177      -12.07595717        4.17100500
      1        2.40621112      -11.37596736      -11.07779891
      1        8.85057673        8.12877535       -3.76555908
      1        8.02564404      -10.95778045       -1.37421291
      1       -9.88888418       -1.03179048       -5.52437351
      1       12.85548553        5.79640250        6.12403002
      1       13.14952698       -3.97659443        4.72825721
      1        7.07670966       -7.61177913       -4.79492412
      1        1.62625133       10.15530089       12.70007511
      1       10.09220423        5.60292530       -9.52815557
      1       -9.05034632       -2.26077212       -2.28915913
      1       -4.40356245        2.09391225        9.36991891
      1        4.19908192        5.56380136       10.28003394
      1        2.75364494      -11.72272343       -5.10478155
      1        4.35688317       12.14994324       13.87447332
      1      -11.29550039      -10.44598060       -3.06379577
      1        2.32186128       -1.03716158       -0.01059218
      1       12.98089719       -1.69988201       -7.08662885
      1       -6.87206119       -9.18257946      -13.38743402
      1        4.42932127       -4.81811104       -0.64847870
      1        4.81437377        3.34184958        6.28494736
      1      -12.87250854        8.22329883       12.41868024
      1        7.08277266        6.97876402       -7.94037772
      1        6.69990341        3.31477531        7.73869198
      1        4.91393830        8.02720718       -3.36777035
      1      -13.50859734        3.47615455      -10.90777646
      1        3.33512850        3.67179487        0.48144917
      1       -3.81782465        6.89440436        3.36326610
      1       -8.79704500       -6.51824288      -10.67477170
      1       -7.35584553       -4.52353511      -13.21063407
      1       -3.80518886        3.91276699       -8.20404583
      1        1.27507039       -3.85135078       -7.77732642
      1       12.98210910       -4.77401476       -4.05131166
      1       13.41350233       -4.20472795       13.58999490
      1        2.59326857       -1.89245962       -7.83901411
      1        3.13262973        1.62412214        6.19233041
      1       -3.20132581       11.71811173       -4.84752789
      1        8.00936581       -8.84912229       -7.69622943
      1       10.94662158       -8.47552350        9.99055279
      1        4.69409344       -5.43005815       -3.01621088
      1        3.41792627       12.91473622        6.89235909
      1       -4.28764788        2.48563177       12.91887717
      1      -10.10247247        6.43423834        2.79085977
      1       -9.27268145        3.06426979      -10.00546089
      1      -10.10025060        1.76870902       -2.37982070
      1        6.97936661        3.30580482       -5.56839724
      1       -8.72756064        1.56858900       -0.31243589
      1      -10.05669893        8.12963261        1.14061589
      1       -4.59364256       -4.30765120       -8.57570718
      1       -4.85634538       -2.35730027        2.96773458
      1       -0.05395881        7.47867581       -7.41343797
      1        7.87632060        4.83982755        1.45831493
      1        0.63311303       -4.29437420       12.67102589
      1       -6.17983713      -11.05687707        2.72916941
      1        7.75838173       11.61005242       11.99252468
      1       -0.61667612       -3.40513386        6.76398963
      1       -1.04913338       13.09849905       -7.94475353
      1        0.99267537        2.26578929        7.29625031
      1      -10.14514561        3.40285665        7.09497362
      1       -0.41964526       -2.68630732      -11.87247157
      1       -6.76562868       -5.61429265       -2.15619380
      1       13.49831487      -12.51088798        6.03208026
      1      -10.68403942       -7.23069099       13.69164323
      1       -2.24370899        0.40609716      -10.44081360
      1        2.67016182       -0.55169591       -5.77131964
      1        8.94901346       -8.88832042       -2.14744271
      1        7.43742391       -3.26986908        1.77143479
      1       13.32185882        7.48477072      -10.00210988
      1      -13.16612080       -8.03169051       -5.82466273
      1      -11.68505410        8.54061403       -5.63611468
      1       -0.45293449       -6.14548937        9.89890912
      1       -6.50550066       -8.94967076       -4.09509962
      1       -4.31241943       -3.89634956        4.69964987
      1        6.65751355       -6.72769097       -7.01862051
      1       -3.52065068      -11.35790897       11.32049485
      1       -6.97651307        6.84778766       -2.64330180
      1      -14.25664065        1.42244884        9.83209337
      1       -0.54479496        5.62340036       10.53800920
      1       13.78244939        9.86081956      -12.40224369
      1      -10.42782593        4.67732242       -4.60886796
      1       -6.23586063       -7.64325099        7.30091680
      1       -9.07297846      -10.85954971       12.26491907
      1        5.06043578      -13.47875977       13.24370599
      1       11.12380185      -12.96275872        3.12147160
      1       -6.87187338       -7.49346573        3.20924215
      1       -9.90976142       -0.12359413        0.77869671
      1       -2.25677589       -0.81114510        4.86272857
      1        0.06004853        5.07207726      -10.19255121
      1        7.42259893        4.43419922      -13.67223587
      1        9.02893304        4.40592318       -2.65427997
      1        7.51851566      -13.46643006        2.91070329
      1       11.83140208      -11.90122706        7.80861306
      1       12.16287597        1.84055206       -4.03257843
      1      -10.06007373        4.17348658       -2.32653650
      1       14.04251261        6.53260763        9.18930205
      1        3.44772014       12.28831205       -1.28703175
      1      -10.22107027        1.69381614       12.30169454
      1       -0.43210313      -10.47600137       -8.70945425
      1       -0.44410786       -0.67526192       -2.70234042
      1      -11.45424062        6.84687079      -11.96231836
      1       -1.76080081       -1.34390492       -6.12334418
      1        4.69823201       12.70238184       -8.09653934
      1       -8.12123431        9.22389859      -11.36994850
      1       -2.28415526       -4.27359641       -7.91229624
      1       11.75172434       -0.41413263        4.88847438
      1      -10.20770271        9.78901532        9.58105158
      1        1.87206398       -8.29854124       -2.87027144
      1       13.65709230       -1.79743286       10.39575735
      1        9.04352938       -6.91938253        7.34347083
      1        1.97026138       -7.73334717        7.15971996
      1       10.80579534       -7.90690904       -5.50435174
      1        7.00206506       -4.84857365      -10.72345916
      1       12.05413706        9.65708778        7.48765953
      1        5.59046761        0.88899089       -1.25806774
      1      -10.89460626      -11.83530182       13.52391339
      1      -12.59283573       11.69756846        7.26159313
      1       -5.34177968        3.93841167        8.09300046
      1        6.10844413        4.23941133        9.84918347
      1      -11.67903324      -11.01883546       -7.50731419
      1       10.69159523       -5.72210685       -4.41281617
      1      -11.49359959      -10.03367384        2.29168454
      1       -7.23072155       13.59183407       -8.58861873
      1       -3.36302918        6.46405626        0.96309496
      1        0.74973529      -13.16120684      -10.96920441
      1        1.40192348        2.96573588       -3.75737394
      1       -9.50723574       -5.58930072      -12.76826189
      1      -10.83836243       -1.23194610       -1.08992749
      1        5.87336688       -9.88760907       -1.75871734
      1        9.13723698        8.89069278        0.15295864
      1       -4.06899658       -5.63320886        1.14362039
      1       -0.00669223        3.88171691       -2.02410185
      1       11.22891061        1.07327052        9.28816394
      1        9.15261868      -12.57565781        4.42892977
      1        4.60224675       -7.62745343       -7.80260087
      1        1.10151135        2.70037969       11.13995990
      1      -13.18516324       -0.56152281       -5.80610225
      1       -9.39180067       13.99214360       -3.95047584
      1       -6.90609218       15.36205453       -0.70656230
      1       12.49948145      -12.53760842       -2.71908537
      1       -6.07985988       -9.45916068      -11.06596578
      1       -7.32369805        6.40715240       -8.63687160
      1       -0.51896852        9.63951553       11.78824472
      1        5.33177380      -13.69465208        9.37423047
      1       -2.50010759       12.08557636       -9.51197561
      1        8.14291846       -6.79070250        3.51077126
      1        1.91174766       12.88751238        2.20552339
      1       11.97319844       13.26247306        6.00831256
      1        6.69344404      -11.59522785        1.64916210
      1       -1.55121916       -7.31305607       -1.59524621
      1        7.87958252       -4.97397958       -8.49928990
      1      -11.44232300        7.57280455       -0.77406927
      1       -8.15400967       -9.56345662        3.40013622
      1        0.72949293      -11.64622558        0.56213482
      1        0.95904493       -2.30582987      -13.81418882
      1      -10.49685924       10.06723543        2.58484734
      1      -12.77883015      -13.26923645      -10.11252212
      1       12.08745984       12.77182763        3.65057750
      1       13.12569087       -7.95944862       13.19377801
      1       -6.55847182        9.00480420       -5.57919490
      1       -7.15549382        5.27248176        9.02184937
      1       -3.71625922        7.54993174       -8.32936988
      1        8.48911252       11.86894318        6.87417571
      1        7.77649529       13.75719136      -12.37021588
      1      -11.61215406       -0.35608704        7.49265487
      1        1.83080316       12.83260524       10.52055165
      1       -1.77102686       11.50831676       11.02893734
      1        8.41278619        4.90929016        7.21186925
      1       -7.34114120        4.50513533      -10.12824039
      1       10.51711935       -9.10996931        0.87235001
      1        2.03449355       -5.02984097       -5.86388741
      1        3.33688293        2.58260488       -8.23417827
      1       12.77439338        8.19736803        5.76996967
      1       -7.69148060        1.93233070       -6.02417920
      1      -12.47636395       -3.92472310        3.87935161
      1       -4.38731368        9.80949788      -11.82664684
      1        2.31559292        8.86779350        3.11822289
      1       -5.25210396       10.27117872        2.69076529
      1        4.07620112       12.69542395       -3.50710201
      1       -7.07228704       -1.46698220       12.37220437
      1        5.41582305        8.61732682       -8.67077448
      1      -10.81194073      -12.35775454       -9.27295979
      1       -6.66687746       10.46569496        7.37405334
      1      -12.02377930        5.28670763       -1.35570425
      1       -8.75254123       -9.98331121        5.81091314
      1        1.66317366       -1.92668146       -2.18801220
      1       -6.25382960        6.56250436        2.39673395
      1       -4.15874583        8.24801445       -0.36206124
      1       -8.73747518        0.56228851        5.25251614
      1       -6.69425068       11.94317045        3.73044933
      1       -4.18576784        8.22900890       -5.92850381
      1       -6.51377066       -0.08076651        5.32565913
      1       -2.52394205        8.78710549        8.80132893
      1       10.81164913       -4.58275961       -6.59268430
      1       10.65003477        6.81670146       12.25809077
      1       -5.55610220       -6.01834744      -12.75689306
      1       -8.46573897      -11.69238426       -5.99811008
      1        0.41624220        3.22649310        3.77213087
      1       10.83925223       -0.89868655       -6.32182088
      1      -12.64701787       -8.40150983      -13.37223228
      1      -11.29691055       -0.03913952       -7.15134734
      1       -4.30063198        4.36467865       -1.88274258
      1      -13.12916765      -10.35060898        0.48695067
      1        8.68698235        0.56192703       -3.60060656
      1        5.50155678      -10.09162929      -13.03689701
      1        2.08164445        6.64253231       -8.14602172
      1      -11.46131443       -7.66848270        9.86699246
      1       10.20222620       -8.72497643        6.24701320
      1        1.21841753       -0.05908807       13.28076333
      1       11.48872697       10.77014446       -2.13301219
      1       -2.34302253       -8.75047890      -11.84510514
      1        2.15534088       -7.59783368      -10.17765302
      1       -8.60700818        2.55072917        3.95721689
      1        3.56859027       10.06495421       -0.55030153
      1       -3.70862996        4.98071408        4.77848132
      1       12.44807354       11.88372412       -0.17181213
      1       10.29685985       13.40742306       -7.30296361
      1       -4.42188432        8.94831414        4.48072543
      1       14.08973648        1.98629960        6.14738360
      1       -4.40632488        7.50051797        8.07258330
      1       -0.17786971      -11.73984531       -3.55687467
      1       -0.83855308        2.76924997        5.80791322
      1        0.34115075       -6.39613541       -2.74171001
      1       -1.35893870        4.71815353       -8.16132332
      1        7.39007359       -9.81656423       -9.81704368
      1        1.55607055       11.75322190        5.99216398
      1       -8.65778497        2.05739544       14.22332523
      1        7.80856559        1.96077350       -7.38457398
      1       -6.73348818      -13.42476267        6.67138459
      1       12.88945797       11.84951879        7.68641953
      1       13.86277646       -9.08353339        7.82704258
      1        1.96233978       12.20090645      -13.93647341
      1       -8.47343495       11.59162141      -11.75250189
      1        8.43777999       13.63040938       -8.75560025
      1       -4.65334350        6.75236080       -2.21066690
      1        7.07075695       -5.90945588       -3.16256270
      1        3.46246141       -6.45617409       10.66474894
      1        1.11396279        0.57786579       -4.23174255
      1        6.05972140        8.85069299        2.43207415
      1        5.60748816      -10.59247972       10.84758569
      1       10.48354720       -1.67049292        6.74595755
      1       -9.23735604       -8.36535108        9.44799502
      1        9.26705982        1.60668411        0.12185246
      1       -5.35034206        2.56070785      -11.84769566
      1        3.67736987       -7.40222603       -4.05079858
      1      -11.90733514        3.33615103        5.46120794
      1        7.11550046       -8.81893179        4.26515848
      1       -5.06911480      -10.90717458       -0.79313799
      1        3.90119575       -7.52213518       12.78704609
      1       -2.16254131        9.68510482       -1.16172785
      1        8.97014638        9.06863427        9.40462900
      1        0.39207180       -9.89150261       12.31587773
      1        3.19477699      -10.70416903      -13.29628275
      1       11.05612120       -8.09237845      -13.32065909
      1        7.61799678        1.76249596        3.85908709
      1        2.47992362      -12.69294049        1.90477292
      1        3.68600831       -9.88538623        3.96884877
      1       -8.54258039       -8.94393963       -8.38908845
      1      -13.07497200       -9.62556712       -1.77637272
      1       -9.19605339       -4.60751009       -6.87509961
      1      -10.64469425      -11.23461811        6.67202826
      1       -6.92848968        8.74158525       -9.34584462
      1       -3.24640384       13.24858375      -11.52292871
      1        8.75268323       -4.34262867       -3.72269580
      1      -13.73082286        1.93475951       -9.06231230
      1       -7.88015960        2.86364496        1.58830610
      1       10.61477363        7.24512414        9.90362476
      1       -6.96838278        5.47629763       -6.45279660
      1      -12.20814730        2.86350783       12.86094599
      1       13.40257096       11.87474768       11.40133993
      1       -7.89416224       10.37196507        9.45741332
      1        7.44175053       -0.54656578      -11.45626222
      1        5.02769806        7.75846414       10.06924245
      1       -3.08873451       -0.87044783        2.63429513
      1        3.73971640        5.99847038        0.51431896
      1        4.17714386        5.74060170       -5.65613424
      1       13.70590161       -4.14611580      -10.04294647
      1        7.39449243        7.03723786        6.75268328
      1        9.70102525       13.78821072        6.23132523
      1        5.00206315        2.27989272       -4.57347703
      1       -0.45922677        2.36029302       -7.56686517
      1       -5.58726726      -12.14579665       10.32624141
      1       -5.95838867       13.74342580        8.85774364
      1        6.36044588       12.05221938       -3.97572861
      1       -3.64428007       12.35593677        6.16397189
      1        6.11080005       -1.31136117       -8.61647043
      1       -0.31135693       -2.62899795        2.39253051
      1       -1.83225927      -13.02118573       11.37064122
      1       -2.19334124       13.65853970       -5.84941048
      1      -12.59557660       -2.36804836        2.14287142
      1        4.47313417      -13.38507178        5.42402976
      1       10.30698712        6.23464021       -3.59838798
      1       10.94012361        7.88580482        4.22221368
      1       -1.40302862        6.50575981      -11.37281464
      1       -7.62250871       -6.81150509       -4.06215613
      1        9.46907033       -4.76723993       13.01907482
      1       -6.41766533       -3.99297489        5.95462721
      1        1.57303364        9.15222216       -1.58366593
      1       10.76908676        3.41037435       -9.94306583
      1       -6.89388424        3.67837128      -13.34361643
      1       -6.66869086       -7.60117359       -0.87477020
      1       -0.03482850        6.27485059        5.04276964
      1        8.57828189      -10.78900629       -6.12209886
      1      -11.71958410        6.19374900        7.87286695
      1      -11.13188603       11.92797046       -0.65595925
      1        8.45316580      -13.12887077       -2.36199908
      1        7.57677006       -2.96055332       -5.28186685
      1       -1.13518340        7.86282000       -2.67020577
      1      -13.17216571       10.99577896        0.27033732
      1       11.70291538        3.10768992       12.38110673
      1       11.04890579       12.44008244      -13.19257483
      1        2.13597582       -9.75313132       -9.11095973
      1       13.87795651       -6.72316260        7.71076969
      1        0.64972786       11.31541866       -7.90297411
      1        0.84786162        3.97048050        9.13631945
      1       10.40120111      -13.07018883        0.88085868
      1       -0.09542890       -3.89395615        9.02115969
      1        6.34880475        5.55073066      -11.71081404
      1        0.92582613        0.97496636        3.03000947
      1        6.54775665        5.66707453       -5.89858566
      1        9.08988185        9.67839547       11.75571645
      1       -1.06231908       10.99121619        3.47976884
      1       -8.03136826       11.39806532        5.62222746
      1        2.50876454        5.54554588        8.57198129
      1      -12.33150275        0.00477371      -12.44533091
      1        4.14711813        1.16230716       -6.48594769
      1       -1.88959274       12.28825172        1.68925877
      1        8.71948449       -3.08198158        5.73084690
      1        2.63798191        4.56845140       -7.07224070
      1        8.14994736       -2.95839496      -11.63797297
      1       -5.66393029       -0.91788595       -7.94892326
      1       -5.44141442       -4.46878992       -6.36986279
      1       10.47518244      -12.38816052       -5.99674855
      1        5.10296872       -8.59972400        0.30534327
      1       12.69919109       10.22937689       -7.00384569
      1       -3.06404802      -12.14660682       -1.22487144
      1       13.38049195       -2.85138152       -2.77612698
      1        2.28145368        0.64254109       11.19012570
      1       -3.61679269      -12.34008873       -5.09420170
      1        5.94840899       -4.42259444       12.85322680
      1       -8.59473403        8.03738635       12.58850115
      1      -10.18680486       -6.32380729        1.88009566
      1       -9.09781700       12.45630294       13.90164384
      1      -10.99363485       10.72934742       -2.80202551
      1      -12.63470851       13.55210297        5.75442938
      1       11.81476445        2.36238425       -8.08342279
      1       11.50244488       -5.15768645      -10.38464647
      1        1.91578175        8.34282148      -13.51861892
      1       -4.30400658        0.67059621       -4.84311906
      1        6.94504305       -6.60723939      -12.35186483
      1        9.11813155        4.46261431        5.04446819
      1       10.54742209       -3.31711619      -11.67871919
      1        3.53395641        5.32343749        6.38754343
      1      -13.39575722        1.46455146       -4.44586211
      1       -7.71825025        9.91435034       -7.46069466
      1       -1.73781430       13.66689851        6.74595239
      1       -0.49102059       -1.22895424      -10.01718009
      1        6.83399654        8.19728802        0.26781955
      1       11.15885211        5.49776266        4.42015628
      1       -4.88421415        0.39512137       -0.29259378
      1       -3.81312750      -10.29863397      -10.77552575
      1       -6.77678688        4.79876552        0.72745763
      1        5.39575894        8.65988315       12.20691079
      1       -2.69838960       10.03681747       -6.36024029
      1      -13.80788316      -11.33709612      -10.99917920
      1        3.31203252      -11.21905042       10.23223747
      1        4.49161796      -12.56610084      -10.85816718
      1       -6.00458699      -13.95493898        0.99701454
      1        2.80221408        0.88155368      -13.04367974
      1        3.22634053        6.62246375        2.82198612
      1       -1.13956119       -0.04711169        9.47570049
      1        7.22649044       11.46476243      -11.69268853
      1      -12.61541137       -9.25318810        4.26235894
      1       -4.67063209        9.32040047       -9.52052018
      1       14.00162935        5.81494887        2.01845242
      1        5.04022533       -1.18437111       10.82276196
      1        2.93167468        6.54215345       -3.48120780
      1        0.79119181        0.00140706        8.05872251
      1        2.16408389       -3.23312717        9.20729840
      1       -8.81685267      -10.61613281        9.90020104
      1       -3.12639713      -11.48674612        4.69388624
      1        1.15341665      -12.47482392       -1.68584467
      1       12.51292104      -11.17138706       -6.61183714
      1       13.65452109       -5.96576534       11.94207227
      1       -1.85157694       -1.84105505        0.56990077
      1       12.29592473       -0.53743178       -0.25708395
      1        2.90710397      -13.66794098        8.96332111
      1       -8.30878136       -1.54574335      -13.32372373
      1        3.26387143        9.00593252        9.07588080
      1       -4.74064379        4.39740751       -6.04447875
      1       -2.70570379       -1.11501761       13.35472820
      1      -10.10092353        7.11865674       -4.53338769
      1       -8.56357623       -4.94145299       11.09769156
      1      -10.70320944       -1.74845627      -13.21404342
      1       -0.99711275        5.99434109        1.03928090
      1       -9.89516768      -13.39598025      -12.86981735
      1      -13.45809192        8.80662637       -0.55884962
      1      -10.58312811       -0.74514810       -9.37744376
      1       -3.63792623       -0.04450342       -7.00627320
      1        0.42288791        2.92176311      -11.12758107
      1       11.40260312       -1.20107215      -10.98573805
      1       10.53895981       -1.29459116        3.01208072
      1       -0.56954526        7.96852020       10.03062042
      1        6.47758831        2.74993038       11.56751806
      1       -7.31354297        7.79414429      -13.10645370
      1       -5.54643403       -1.22381603       -4.10705050
      1        6.72065385       11.47748556        5.32009482
      1       -3.07347218       -5.53450710        3.34624717
      1       -5.56394561       -7.51504138        1.21281745
      1       -1.37175305       10.03052916      -10.22323626
      1        5.72214044        7.73988940      -12.36902910
      1       11.50670127       12.19995952       -4.05216535
      1        8.94594710       -6.87762022      -13.79495704
      1       13.81470877        5.28815617       -4.99412393
      1      -10.21640925        8.50003593       -2.56563249
      1      -10.51187614       -3.27444773        5.23372337
      1       -1.06126867      -12.89097028        8.85541508
      1        5.72250388       -9.05987673       12.67394624
      1       11.64540313       -0.02200607      -13.13210670
      1      -11.26508677       11.92643562        9.23091505
      1       13.77818218        1.24836785       -0.92376823
      1      -10.03469942       -8.49098765      -10.21560470
      1       -8.12856283        0.99807764        9.31828700
      1        3.96902501       13.02714253      -10.30336074
      1       -7.88573078        4.38208570        5.32159364
      1        2.83185123       -0.89467051        9.24792867
      1       -6.78924985      -12.00901290       -7.76779850
      1      -12.33058264        6.69635600        3.71619610
      1      -12.84850752       10.64673086        2.65009537
      1       -5.11973828       12.12773129       13.06502174
      1      -12.88223555       11.78852164      -13.25127754
      1        8.29186860       -5.48608432        5.54295803
      1      -11.96268488      -10.56095172      -12.49905230
      1        5.85793242       -5.60365355        5.59902546
      1       12.93250584        7.86390275       -7.66923333
      1       12.39867796        2.22979314        2.34653535
      1       -2.78758174        5.04746148       10.27863413
      1      -12.25978861        0.55061160       -2.35792033
      1       12.62788108        8.41737604        9.42430410
      1      -12.26491890       -5.42392096       -8.99955303
      1       -6.24852374        3.18811330       -2.60580121
      1       -2.53864792       -6.90593694        8.82593015
      1       10.39233328       -6.21800267        9.29794241
      1        8.91293885        9.55969643       -5.71314074
      1      -10.39091878        8.25001110        7.65696615
      1       10.16690524        2.81698954       10.47927823
      1       -3.92756547        8.04851015       12.86341414
      1       -7.24861345      -12.97997739       -3.02352364
      1       13.56194644       -5.99723836       -0.71140127
      1       13.48571044       -3.50626527        8.76771076
      1      -12.56053157      -11.81283366        9.97567582
      1        9.69632948       13.50834268        9.91064538
      1       -6.52837120      -10.42581099        8.99494395
      1       -0.98723131        1.53697449       11.32037236
      1        6.31749629       -0.55189984        6.76412894
      1        8.73670205      -13.14943037       11.78523041
      1        8.04015541       -6.77180633       -1.17770829
      1        7.75319083        9.18137369      -12.58228944
      1       -9.32121581       11.42294615        0.92223601
      1        3.90963529        7.84634676       -7.00184782
      1       11.93102400       13.18641449       -9.04666673
      1       -1.40710876       -6.20477177       -9.01961767
      1        0.48863516        8.16468795        6.45133402
      1       -9.51327561       11.66624994       -4.41117573
      1        4.71534460       -4.61681859      -10.18116906
      1       11.45825199       10.09528612      -12.93755466
      1       -2.20755138        1.11031586       -3.77414335
      1       -6.84781032       -3.86960440       12.35785793
      1       -1.62656179       12.36365734      -13.00343957
      1      -10.74501643       -0.38832241       11.22271326
      1        0.87544994        0.77195067        0.63282058
      1      -13.18712363       11.77633701       -6.80520320
      1       -4.91515470       -1.15695606        8.60032416
      1      -12.46755422        3.48910710       -5.33265590
      1       -3.74101821       13.48432053       -1.97110937
      1       12.96890417      -10.38549367       -8.94086917
      1       -1.75636236        4.93316186        6.15796220
      1      -12.84253214        5.77019580      -10.35540724
      1       11.63185038       -7.84547780        4.56044136
      1        3.56506064        3.39928226        2.94689538
      1        8.59460735      -10.36643503        5.43937549
      1      -12.21492613        2.40284318      -12.61550533
      1        3.96983305       -3.98102734       -4.76159553
      1       -9.97513309      -10.88737401      -10.98246166
      1       13.02365637       -2.42843294        6.55013132
      1       -5.35668521       13.48230915        4.91080887
      1       -5.16492257       -8.98021490       -2.17947956
      1       -8.46426826       -2.34748688       -6.83331059
      1       12.43270239        5.36904952       12.71121501
      1      -13.36790977        2.16431303        1.11469630
      1       -9.59817306        9.78047153        4.87388923
