 run_id:         1007
 total_energy:   -4103.9158871443296     
 P   27.848118434861512        27.848118434861512        27.848118434861512     
      1       -0.12246660       -8.77586614        6.80936230
      1      -13.07446613       -9.11249367       -8.05399838
      1       -7.80522443      -12.46593952      -11.84345984
      1      -10.22240430        8.38321134      -10.63845526
      1       13.07972381       12.85408204       13.51619666
      1        9.01113644      -11.08183523        0.76799706
      1      -13.84467936       -3.70869034       -0.70945367
      1       -2.93069233       -4.87956729       12.76799129
      1        0.74743708       -1.54836795        6.20192495
      1       -1.07263175        0.08573089       -0.52269610
      1       -1.44315673       -3.51429459       -1.26206421
      1       -2.73025410       12.90425044       12.70325295
      1       12.09618501      -11.51220365       11.65376529
      1        8.95557908        2.80579935       -4.39344662
      1       -5.60539708       12.06228503       -4.93624228
      1      -11.72507603       -6.12848732        8.05460421
      1       -5.33472335      -10.43482746        4.93391558
      1        5.61631971        9.34073007       -1.44021834
      1       -2.67016786       10.41807742        5.17879424
      1        8.68845028       13.06113370        1.22741777
      1       -2.32957163       -9.64374784        1.52591421
      1        3.11040478       -4.09152323        7.12512649
      1        4.93021832        2.55884897       -9.95564824
      1       10.54723454      -13.39598104       -3.75588294
      1        0.24019821      -12.81686466       -8.58804942
      1       -0.23868306        9.68002453       -6.29745271
      1       13.02620646       -9.52129024        3.60247091
      1       -4.97905100       -8.50339550        9.30998408
      1      -10.11840190        3.22206370      -12.21663844
      1       -0.32403270       -5.32246641        5.52245001
      1        4.87881525       -5.92306138      -13.51540227
      1      -11.04352311       -8.82018863       -4.86627032
      1      -10.82827516        2.83324063        3.39559272
      1        9.85291807      -11.13907685       12.41696597
      1        8.34373454        6.09660992       12.66611636
      1      -12.08918714       -0.64076941        3.69731715
      1       10.90035723        6.63690768       -7.46996939
      1        7.00746001       -0.67440026       -4.76786924
      1       -5.67169957        2.73976069       -9.44298898
      1       10.95890715        0.50437227        1.38213763
      1       10.91658767        7.18671822       -0.03852514
      1       10.75780896       -2.59729264        8.98435817
      1        4.48140910        0.86210265       11.52452193
      1        8.95955424       -8.98150083       -4.53624954
      1        1.15644356       13.02217783       -1.41335582
      1       -4.07357018       11.05942545       -8.09740105
      1      -13.35818685        7.69980218      -13.12171083
      1        6.73705146        4.97121921       -2.04324907
      1      -12.68824119       -7.32674476       -1.77358451
      1       10.09283404        4.87380171        9.06842731
      1        1.19742766       -9.34379254        0.88968063
      1        7.63475792        2.49064624        1.52152750
      1       -3.20596678       -7.70118208       -5.28452364
      1       -0.07812331       -6.17652129       14.79460617
      1        6.93624763       -5.82953739       11.16610663
      1        4.65126108       -3.10504630       -8.25023688
      1        1.81228355       -8.74478921        3.16045673
      1        5.74227609       11.81744089        9.44967309
      1       -0.35575733       11.78319423        7.40024537
      1       -4.39719920        4.44844482        0.46602542
      1        2.28869580        3.21543038      -12.60611738
      1       -8.90246604        0.74320473       -4.31333420
      1        8.16355626       11.67589567        9.38844983
      1        5.34317665        0.13289799      -10.44289068
      1       -7.31225456       -5.86059133       -6.20207142
      1        7.17455817        5.17609615        3.65745780
      1      -11.68401012       13.24873242      -11.72884697
      1       -3.12937278        7.17518818       -3.95068875
      1       -0.02122309       12.17644077       -3.27450914
      1        7.16018264        3.13260214       -9.33676509
      1       10.47200538      -10.42998845      -13.09603946
      1       14.00327248        9.78412566      -10.08767555
      1       13.40080203       -6.66384665        1.51468161
      1       -3.35420443        3.45317659      -12.77383512
      1       -1.51691495        1.93559387      -12.20714641
      1        3.05685453       10.75297076       10.79830388
      1        2.62905992       -4.30122647       11.27919453
      1        7.71386250       -7.83647076       12.24681435
      1        3.75786185      -10.91727073        7.69221777
      1       -4.01969859       -1.05254976      -11.22980228
      1        7.19052538        7.54420987        9.08167465
      1       -8.83220476        3.97714786       -6.27296123
      1       11.18065798       -8.71016395       -1.46300209
      1      -13.36942893       -0.42609529        5.77979793
      1        0.90673201       -5.63079444       -9.41804374
      1        5.62702538       -9.63719183        2.52902391
      1       -0.72465720       -2.48008231       -8.00453615
      1        9.61102266      -12.75841644        8.12313638
      1       -2.23983973        3.32092913       -2.74559181
      1       -3.68908768        5.79428831      -11.79846882
      1       11.95492851        4.58538761        2.38866512
      1        0.63784676       12.43958554      -11.94016298
      1       -7.80823397        0.37675847      -12.15805432
      1      -10.23988582        9.52034113       -7.38449056
      1       -5.15262474      -13.71921679       -3.82539032
      1       -9.99068224       -6.83519309       -3.97273987
      1       10.19298107       -7.96764277       -7.86429530
      1       13.14776619        9.50293290       11.48394627
      1       -2.14006722       10.12534191      -12.45512289
      1       -0.10192830        6.17541222       -1.20950437
      1       -4.79217229       11.77204103        8.16947808
      1      -12.65189453       -1.59049516       -3.65291945
      1        9.18224645      -13.06723378      -10.72990278
      1       -8.66982798       -4.77266736        5.14690815
      1       -9.86728630       -1.25638152        4.17865744
      1        2.96774276       -2.19344428        5.75796068
      1        9.78388553        9.83764076       -9.36318911
      1       11.44933047        5.35223806       -5.51039469
      1       -4.01332920        1.35326900        2.79413900
      1       -3.23022981       -9.10716662      -14.01780342
      1      -13.78340918       13.71402417       -8.09380851
      1        1.33612181      -11.96880994        7.74093239
      1       11.24122313        6.90292565      -11.14969142
      1       12.99441690        7.70721757        0.98248450
      1       -3.35790121       -2.91953250        8.57792659
      1      -10.59038521      -13.16831632        5.37787850
      1       -7.76304210        4.84067602       -1.60315235
      1        8.64492877        2.47506417      -12.96470908
      1       -8.79643848       -8.61924930       13.07126631
      1        8.87626832        2.08839215      -10.61647885
      1       12.76218434        5.90347838      -12.81151911
      1       -9.28151878      -12.16537263       -0.18836906
      1       -0.90433225      -13.30383677        4.68783602
      1        6.01004124       -8.49243826      -11.26918329
      1      -13.04786667        6.84536616       -6.59362592
      1        2.59645528       12.37207916       -6.88920951
      1       -8.04470497        6.39517690        4.03664465
      1       11.31317185      -13.88077067      -11.30776520
      1       -6.80894114      -11.07700718        6.67974884
      1      -12.85229930       -5.52267816       -6.73775660
      1        5.12486971       11.24512193        7.14190943
      1      -12.87188145      -10.51921733        6.24885145
      1       -2.73263144       -2.56203085      -12.55519508
      1      -10.91886274       -4.92015395       -5.20067614
      1        5.39360972       -4.48876530        7.59493785
      1        6.03171917       -6.43707313        0.17671587
      1        9.65769377        2.14735620        5.19509202
      1        2.83997493       -9.09408148       -0.76637303
      1        6.36021611      -12.80528602       11.37545414
      1       13.10512904      -11.87431819        3.78480941
      1        9.61515124       -3.25908418       -1.77082677
      1       -1.06133761        0.67406062       13.55860065
      1        9.26293369        9.79596232       -2.02565454
      1        4.04806817        9.18014511        6.82515623
      1      -10.86651353       -4.22393152       11.12201242
      1       -6.07003267        8.60695826        1.20462394
      1        1.93815950       -5.80583492        5.85318883
      1       11.43222113       -0.96406624       10.57921223
      1       13.64962796        1.77543338       12.18338640
      1        7.70268433        1.12165162        7.80059816
      1        0.27569475       12.12534709        0.58358460
      1        0.03498122        9.14861423        2.41888414
      1      -12.27713703       -7.03950752        4.89728294
      1        8.30835146       -1.98924395        3.62385854
      1      -13.48950689      -13.36763617       -4.08297821
      1       -2.95220553      -10.24289874       -8.56725447
      1        1.95385831       -2.75734025        1.62095670
      1        8.87808130        8.50786452        5.37292681
      1        1.53905963      -13.77160603       12.54625207
      1        2.17478607        6.85548804       -1.19353836
      1        4.43568601       -7.01281050      -10.06451540
      1        5.73518101      -11.44824825       -9.17422280
      1        5.04498701        1.29768126       13.81251728
      1       -0.20157105        7.09449391      -13.42977779
      1       12.95355114      -12.65748750        9.72009140
      1       -8.20595658       -4.08451884       -0.96756513
      1        5.97590246      -12.49205255      -12.70602260
      1       11.13784394       -9.13918205       -9.73250237
      1      -13.07232035       -9.47591795        9.94233091
      1       -1.12970751        7.20784957        3.21469956
      1       11.76716028       -3.41619804        2.77561230
      1       -7.15632513      -12.36051031       12.16757482
      1        7.31459212       -9.82093981        9.32496885
      1        1.57676119      -13.34076149       -6.50703434
      1      -11.65309846        9.71720954        6.15834263
      1        2.53751833       -6.38843089        3.58748579
      1       -9.60414790       13.51784225        8.78068503
      1       -1.90580830       -4.20592508       -5.40879198
      1       11.57368485       -9.58157541        7.96424782
      1       -2.08021769       -9.53961143        3.84897728
      1        8.24261559       -2.34483054       -8.88578404
      1       -5.08398459       -6.62579220       -8.94623308
      1      -12.37618626       -6.02733899        2.77810056
      1       -6.61895607       -0.79480660        3.06244335
      1       -2.70660944        1.66157762       -8.41418222
      1       -5.89285788        8.47098646        6.38717084
      1        0.83210806       -4.22169942       -1.62722424
      1       12.71708475       -9.29220037       -5.09852367
      1      -10.19551880       -5.06882475       -0.15929175
      1      -12.66174979        5.52820456        5.73969436
      1      -13.65583114       -2.18311152       12.63747286
      1       11.00955085        3.05446539       -5.73753883
      1       -1.95326217       -2.42778003       -3.57317657
      1       -6.07802769        1.06454087        1.69300710
      1       10.36661390        3.45935083       -0.94329340
      1       -9.70932972       -2.89357421      -10.26965755
      1       -6.41419450       -7.10175101      -10.82748573
      1      -11.35680785       -2.27996125       12.45368456
      1        3.33431865       -0.64604931      -11.46198241
      1        1.29830059       -9.78515251       10.14661370
      1        3.94622509      -11.27527757       -1.29562940
      1      -11.59746677        5.85091535       -8.30551926
      1       -5.71598196       -7.29096865       11.27307567
      1        3.60687915       -2.68263643        3.44890162
      1       -9.54590419        5.75984528       12.36841590
      1        9.16634096       10.72735531        1.83655742
      1       -0.71627707        5.70993269       -5.75269980
      1       -1.56154687        7.80847331       -9.27261118
      1       -0.15226871        5.30031204       12.86845247
      1       13.15411329        9.07084561       -2.55534519
      1        4.62545365        9.41029361       -5.24648569
      1       -2.88726063       -5.43337437       -0.99328641
      1        0.14381855       -9.67718287        4.65075980
      1       -4.61628928      -11.11938493       -6.94834003
      1       13.29276512       -1.78001662       -9.53282169
      1      -13.34237392      -12.49661741       -6.36310624
      1       -1.67563988      -11.81855670        0.78832744
      1        4.90038904        3.28261178       -1.46058648
      1        3.75911878       -9.05443980        6.23070987
      1       -7.34590012       10.60263542       -3.89251364
      1        9.96514326       -5.33462616       -0.59186366
      1       11.41583252       -1.67980963       -2.21337122
      1      -12.55963926       -0.23613101        9.64863799
      1        9.94601119        8.88439703      -11.53828553
      1      -10.41781271        3.79051029       -8.05562347
      1      -11.07313980       11.36535047       13.02539476
      1       -2.29577602      -13.33893156        2.52883734
      1        6.22441988        5.93413574        0.07770194
      1       13.87836382       12.17478812       -4.57231093
      1       -0.94690650       -7.35749726       -6.51417933
      1        7.91518359        5.63427508       10.31746104
      1       -5.20085918       -7.82267228       13.54208726
      1        4.28675448       12.31394803        2.20955878
      1        0.86341724       -8.94217265       -6.75501748
      1       -6.40401333      -11.48749167      -13.64018923
      1        1.74292413       -0.49580700       -9.65674753
      1      -10.63910614       -2.75721607       -4.06609865
      1       -7.64709096       -3.71529085        1.35297599
      1      -13.49039462        6.13415757       11.48861144
      1       -5.50498277       -2.38240358       -9.86383722
      1      -12.92037720       10.01707456       -4.00236982
      1       -8.28143134        7.86289151        5.94680178
      1        5.36261354       -9.04190940       -4.02460138
      1       -2.84949980        2.83342516        1.30886417
      1       12.12778508       12.94211110        9.72626767
      1        7.09987417       -2.74778594        7.42428829
      1       -8.85792331        5.65421930        7.31662186
      1       12.17230418        3.72136877      -11.80832525
      1       -4.97557376        9.98499800       11.85840754
      1        1.00987402       -8.11690196      -12.21828414
      1      -11.27231397      -13.51336182       -0.78909744
      1        3.14728261        1.18500740        3.75766079
      1        5.08667192       13.25816924        0.13505245
      1        5.81147135       -4.22000360       -6.40122930
      1       12.07732938        6.90762496       -2.15464386
      1        0.85454786      -11.82838856        5.34599641
      1       -3.12429635        0.47852146        8.20557944
      1       -3.48194284        5.35883923        8.02394984
      1       -4.71741497      -13.08913441        2.97970884
      1       -4.74184871       -9.75322103        1.24501047
      1       -6.65548313       -7.67064786       -7.51831708
      1       -2.44490710      -11.11356685       -3.30326949
      1       -2.85880404        1.66314415       -0.74987056
      1       -7.87022772      -10.84596723       -3.81579838
      1       12.91081570       -9.01801262        1.34808306
      1      -10.18325932       -6.44959191        6.18882650
      1        7.45560955       -1.01441395       10.76407644
      1        9.37985006       -2.70043145       -6.76726032
      1        6.92372530       -7.78450825        8.15969668
      1        5.51814414       -6.18358176        9.32478295
      1      -11.50669645        3.97444791        9.09851416
      1        5.24748555       10.99635773       11.93761229
      1       -6.21120735       11.85929215       -7.28577043
      1      -11.80950945       -6.28416932       11.77693342
      1       -0.06637126        9.81009142        0.07637381
      1       -5.52461207        3.80937126        5.75604673
      1       -9.71776324        7.30120786       -8.57918539
      1        4.76559545      -10.66665926       -5.69956371
      1        8.99563350       -4.80341506       10.63041520
      1       -7.50533192       -2.82629282      -11.35054529
      1        9.69119331        9.80476225        7.19732356
      1       -0.71994353        0.81601831       -5.69042308
      1        2.14249937        5.06851345        4.34123384
      1       -6.75360167        1.11427806       -1.53248430
      1        2.21279802        6.20980578      -10.36764302
      1       -4.91247117        7.71371808      -12.87792968
      1      -12.19534264       12.61023337       11.34826276
      1        3.23930342      -12.80816232       -3.07873298
      1        1.00446105       10.07143351       -4.00022634
      1       -6.23426888       -2.27517082       -6.10697061
      1       10.67036380       11.27217744       -6.05996727
      1        3.93615195        4.48422044      -11.22602715
      1        2.74563970       -7.27392641       -6.30777661
      1       -4.19333719       -1.91521521       -0.34170990
      1       -6.99648960        1.05835746       -8.23738647
      1       -0.11051009      -13.78846019       -4.81213826
      1       -9.80979696       -9.88610273       -6.61546681
      1      -13.28364198      -12.73032982        0.30311116
      1        0.69680581        7.47407359       -4.31014309
      1        4.61226588       -0.61342065        0.43932116
      1       -8.50241079       -2.30355081        8.39655630
      1       14.89435677      -12.99772669        2.59963405
      1        7.21554905       11.06977723       -2.00201255
      1      -10.22501971        4.36414847        1.70172159
      1       -7.68971956        7.07772848       -4.88754192
      1      -10.99007016       -3.83563686      -12.11262933
      1        4.02608734        9.99674873        1.85148489
      1        1.59511452       -7.47569462        9.51808378
      1        9.98816681        0.66187274        7.17512113
      1       -2.67657933        1.17676094        5.99791648
      1       -7.55446909      -10.75632844       -9.72559836
      1        1.01625367        3.06768758        0.01916608
      1        2.98869692       11.10378655       -4.90191967
      1       -3.85407090       -5.42123559       -4.86635029
      1        1.26336380        1.79546294       -9.15716759
      1      -12.86267399       -0.16225881      -10.08595293
      1       13.29062266       -6.28643405        5.43543007
      1       -1.64790333       -8.66470926       12.12400781
      1       -2.58870556       -9.36886325       10.00448743
      1        4.23281729       -2.90716263       12.38469413
      1        7.78809123       -3.29556197       13.83561737
      1       12.67993361      -10.09985445       -2.79666631
      1        2.16740324        9.52727216        5.45276773
      1       -7.30755532       13.09980413       12.39101419
      1        9.98201151        0.82020656       -7.75974026
      1       -4.16973633       -5.07374040        9.14813980
      1        8.30183462       -1.17038540       12.93655092
      1       -4.56151269        6.10595204       11.59689239
      1      -13.12995819        8.81967516        4.45667319
      1       -6.11720448       -5.36778744        7.84079480
      1       -4.03239495      -11.34488694      -14.09110030
      1        3.85886741        5.18979704       12.55106624
      1       -5.19054224       -8.94151218       -6.08675348
      1        0.72798210        3.81510868       -5.86814788
      1       10.99583790        2.28827879      -13.35595184
      1       -1.07181349       -6.31177869       12.27700044
      1       -8.07937702       -7.27863301       11.21983307
      1       -2.78247314        4.95417506       -4.64177279
      1       -7.99204846        4.41179527       11.08972839
      1       -8.62164993       -8.03255529        7.15731079
      1        8.95600399       13.08975438       13.55121084
      1       11.49041833       11.16738783        1.97116816
      1       -8.91518782       -8.46499050       -0.63175259
      1       -0.68938967      -11.94736379      -12.46902794
      1        3.44374668       -1.75824282       -3.87023331
      1       10.13459270       -5.71785629       -8.50322584
      1       -3.66056188       10.87058854        0.85303487
      1       13.68260653        5.12422292       -2.52683013
      1       -1.71731021        8.66485768       13.56045958
      1       -1.33643236        9.65180286        6.96076686
      1       -9.63746435        1.07365749        7.37380689
      1       -0.77687744       -4.86729781        3.19814038
      1        7.94299713        0.29806323       -1.34031397
      1       14.15624436        3.09542671        8.33636232
      1       -7.94092038        8.96298013       -2.08837588
      1      -11.40016521      -12.85452403       -3.06771401
      1       -7.73975240       12.68650109       10.04713203
      1       -9.64480504       13.43132658       -8.42056562
      1      -11.65550290       -3.16911218        0.00035753
      1       -1.54588217       -2.34351076        9.98406745
      1      -12.42812576        4.34746929        0.77608627
      1       12.51353799        3.02504413       -1.98162962
      1       10.28417884       -7.33355387        2.62157896
      1       -1.56253512       -2.95730820       12.25362719
      1      -11.57523493        0.99758771        2.14020179
      1       -8.71135487        0.74736080       -9.91084102
      1        6.84969379        6.72991302       -3.74757465
      1        6.62730716      -12.11114091       -5.86234064
      1        7.96961093       -2.00820159       -0.64054320
      1      -12.21672915       -7.67430598       -9.71566254
      1       10.88876432       -0.18979966       -4.01197281
      1       -0.62694210        3.73180460        1.65836333
      1       -4.70896053        5.75918419       -9.56652458
      1      -13.39420581       12.76782908        3.62330446
      1      -10.72825587      -12.19142995        3.16059853
      1        6.37465161      -13.33818602       -7.86827449
      1       -1.70552081       -7.03696243        6.53488174
      1        9.12769821        8.23800148       -7.63654446
      1        4.06310221        7.33005407       13.70375866
      1       -0.31216617       12.70097828        9.62324688
      1       -3.16157214       -7.90070347       -8.14253596
      1       12.74915278       -5.67996739        9.59417135
      1       13.11990702       -4.00802286       -6.37543011
      1       -3.62877721       10.57881518        9.93262415
      1      -10.68278333       11.83122840       -6.62717412
      1      -13.52261601       -7.09845355      -11.62106784
      1        5.82590909       -7.94150358        6.06662451
      1       -0.75084799       -7.97707715        0.61275247
      1        4.29866310       -9.98460874       -7.93741692
      1        0.92054824       10.61197109      -10.29350077
      1       11.22850113       -5.45063433        1.54657729
      1        1.17849601       -9.99130594       -4.54723445
      1        3.98137154       -0.44891961        7.04909572
      1       -1.93706820       -6.38518295      -11.50157770
      1        7.33853882        0.54966061      -13.55418018
      1        4.65396989       -0.54342565        2.92725766
      1        5.59473183        3.60086653       13.13403908
      1        5.62114856      -12.39969361        7.34639521
      1        6.30493925        0.22407786       -6.86477436
      1       -0.31811485       -9.90492156      -11.23146917
      1        9.01120413       -9.39114543       10.97898336
      1        8.07787991        1.26352574       10.17690528
      1        1.82567338        4.03563392       12.98746193
      1        5.74152507        3.33398989        4.04846262
      1        7.59422227        8.32482906       13.00660043
      1        1.34681997        7.69138738        8.61661771
      1        2.19523483        8.60345508      -11.14227448
      1       -2.98556851        2.84727986       11.03297655
      1       -8.61431553       -1.05198607       10.44371513
      1       -9.47674127        2.72805705       10.30623953
      1        7.63048532        5.46362211       -9.66572597
      1       -9.26873133      -10.43481130       -1.87235990
      1       11.99802031       10.82694711       -9.13836910
      1        5.62052251       -2.74056538       -0.01542869
      1      -13.06188040       -6.33841569       -3.87542430
      1        3.23055925      -12.16699843       12.61439226
      1       12.42323233      -13.54159744       -0.47310395
      1       -5.82411596        0.35759512       10.32874242
      1       -4.91020591        0.01691197       12.85828972
      1       10.68171378       -1.27438988       12.90916378
      1        6.70512104       10.51950306       -5.77146127
      1        0.50074869       12.64770389        4.11612974
      1        7.77026968        9.94020702        3.74795631
      1       -8.12325460       -4.58147965        8.83564813
      1       -6.94709802        8.89682896       11.02495548
      1       -5.27941124       -3.56739641        1.04420274
      1      -10.40257100       -6.88981692       -1.62738941
      1       12.82044482       -9.27947142       11.27729013
      1        3.26416889       -2.40324453      -13.22555777
      1        5.76222402       13.15998062        3.94033698
      1        7.38144262       13.10202462       -0.75098312
      1       -3.41466341       -4.90948387      -12.72684343
      1       -4.90100458       -5.05819806       11.42317155
      1        3.57488113        3.93171090       -3.47410418
      1        0.98714115       -4.65876171      -11.57460256
      1       -6.58159150       -1.81116125        6.98992992
      1        8.39844260       -2.76669382        9.45632226
      1      -11.90984511       -3.93828986        8.92660250
      1       13.10561496       -2.37381509        1.09562630
      1       -6.93435985       13.25808714      -11.00277172
      1        4.49509459        9.11245500      -10.88224613
      1      -10.68415712       -2.50814987        7.47773751
      1      -10.41410498      -12.06286338        8.88219722
      1       10.24365376        5.08036901        0.79429988
      1      -12.43258173      -12.91243086       12.08295014
      1       11.19231856        9.12416387       12.76886127
      1        4.59999853       -4.97619349        3.58385528
      1        5.10430127        7.16105400        6.02920030
      1       -2.91364584       -8.72599890       -3.07751849
      1        6.67675846       -0.37651593        4.27553515
      1        9.47707086       -0.29011450       -9.88371501
      1       -0.07480949       -0.92806796        4.07096424
      1       -8.12193774        9.35188942        0.25039027
      1        2.09454060       -4.75579172        0.31920581
      1        6.14866822       10.81855531       -8.04085975
      1        0.70454346       -6.19154864        1.81118950
      1      -10.32142027       12.01700434      -10.28603016
      1       11.18172071       -3.42432162       13.87815551
      1        4.56377254      -12.39495794        0.68418945
      1       -5.94423555        4.22467597       12.39946972
      1       -7.76167759        5.59020382      -12.27465555
      1       -7.97159490       13.10300955        2.08587503
      1        4.89459119       11.37121249      -11.72697836
      1        5.11412483        0.02748555       -3.46535413
      1       13.32386875      -12.65867150       13.31322738
      1       -4.53338857       -4.88513821       -2.65136684
      1      -10.69059339        9.22532854       11.94622335
      1       -3.11599637       -7.53882598        4.67324142
      1       -5.72161488        2.57306430       -4.88208537
      1        7.77149217      -11.31542122        7.52834929
      1        5.46268862        6.94749538        3.69408629
      1       -2.25588740       11.65852063       -2.63440308
      1       -4.80492370        1.65381392        5.06263961
      1       -5.18300353       12.07965432      -12.32237564
      1       -0.08683616       -5.68681119       -4.99481456
      1       11.56083915       -6.39627402       -1.96578119
      1      -12.05315025        2.25832482       -7.37458211
      1        7.97549758       11.41175833       -9.43424594
      1       -5.04169924       12.28709082       -0.40662393
      1       12.07098283        1.98814420        4.68673723
      1       12.52721383        4.89623061        8.30475444
      1       -5.39245548       -8.05992587        5.07988367
      1      -13.24480433       -4.73191320      -12.18175340
      1        6.73844265      -13.44646239       -3.92351376
      1       -9.64145683       -8.65312968        1.68037493
      1       -8.54009025      -12.28278870        2.14592181
      1       -2.82539571       -2.74147686        6.20393784
      1       -8.23745022       -5.49363725        2.93774147
      1      -11.61146104        4.75520699       11.50946090
      1        9.44766019      -10.61881277      -10.83147618
      1       12.28807920      -11.96813865      -12.44874834
      1       11.95606429       -7.39682024      -11.22939805
      1       -0.19924377      -12.14831834       12.96135107
      1        3.36877737       -4.50329485      -12.15769650
      1       -8.63508774       -1.63432366        2.17331753
      1       -9.90639308       -4.94492517       -9.12640042
      1       -0.59660708      -10.27110161        8.71357712
      1       -4.19154233       -2.53081937       -2.66340991
      1       -7.48617811       -0.56235279       -2.99568051
      1       -3.02215968      -12.22242164      -12.07435776
      1       -8.87762733       13.43566936        6.50724727
      1        6.57905612       -5.46129796        2.26308365
      1      -10.42659886      -13.20361864       -6.15163529
      1        2.08094568       -8.86696049       13.69214011
      1       -5.44834434        0.32069374      -12.59076527
      1       -9.94878108        5.39512847      -13.09781205
      1      -11.44389189       10.07991004       -9.49141891
      1       -5.90178051        7.07794054        9.89837446
      1       12.55989869        9.18786792        2.74267535
      1      -14.08362731       -0.11509613       13.74801935
      1        2.89360646      -12.07826544        4.17407123
      1        2.40460362      -11.37170325      -11.07428156
      1        8.85598799        8.13614783       -3.75754502
      1        8.02566335      -10.95480188       -1.36841305
      1       -9.88674235       -1.02986452       -5.52643225
      1       12.85572164        5.78785558        6.12570372
      1       13.15999732       -3.99062734        4.72194232
      1        7.07617414       -7.60855192       -4.79591002
      1        1.63295539       10.13422920       12.71072057
      1       10.06612182        5.61354185       -9.52158786
      1       -9.04717325       -2.25842863       -2.29038884
      1       -4.42317065        2.08285886        9.37121830
      1        4.14094773        5.57126420       10.18494432
      1        2.75353399      -11.71948911       -5.10188471
      1        4.35693974       12.14429090       13.88137478
      1      -11.29291701      -10.44520574       -3.06336062
      1        2.32033163       -1.04048215       -0.01987767
      1       12.98253966       -1.69754940       -7.08905058
      1       -6.87229931       -9.18039168      -13.38698119
      1        4.42664646       -4.82231034       -0.65218786
      1        4.80795808        3.34934394        6.20708704
      1      -12.88883218        8.21698884       12.42286670
      1        7.06936659        6.99421909       -7.92464040
      1        6.74170945        3.32457229        7.56954324
      1        4.91874387        8.03361733       -3.35231644
      1      -13.51813805        3.48060966      -10.90406918
      1        3.33962961        3.67813846        0.46719875
      1       -3.74788600        6.87626647        3.48178753
      1       -8.79557135       -6.51547985      -10.67628625
      1       -7.35519117       -4.52137423      -13.20946624
      1       -3.80709485        3.91444359       -8.19892609
      1        1.28192864       -3.84054023       -7.78778961
      1       12.98392970       -4.77196123       -4.05504478
      1       13.40947905       -4.20486994       13.58997598
      1        2.59674528       -1.87849399       -7.85881407
      1        3.16751320        1.59830098        6.14880513
      1       -3.20181327       11.71976302       -4.83917984
      1        8.01088588       -8.84392328       -7.69579407
      1       10.94695894       -8.48794908        9.99106385
      1        4.69324095       -5.42897327       -3.01985889
      1        3.42064461       12.91881779        6.89820300
      1       -4.30740012        2.48515062       12.92695740
      1      -10.09016108        6.43283625        2.79930391
      1       -9.27540213        3.06433510      -10.00231589
      1      -10.09463967        1.76965895       -2.37971892
      1        6.98274573        3.30683176       -5.55700715
      1       -8.72359316        1.57397125       -0.30980917
      1      -10.04794157        8.12542429        1.14659766
      1       -4.59077950       -4.30373585       -8.57712377
      1       -4.85734807       -2.35681237        2.96744426
      1       -0.06972194        7.49676696       -7.37501121
      1        7.88971864        4.84482738        1.44628229
      1        0.63148552       -4.28013066       12.69972621
      1       -6.17920359      -11.05950218        2.72938819
      1        7.74751156       11.60482930       12.00532689
      1       -0.62093053       -3.40625136        6.76228323
      1       -1.04970625       13.10404053       -7.94063105
      1        1.03718221        2.18980941        7.25965742
      1      -10.15586182        3.40650329        7.10476984
      1       -0.40758645       -2.65930800      -11.88456065
      1       -6.76422517       -5.61379259       -2.15742410
      1       13.49784471      -12.51923250        6.03576921
      1      -10.68334322       -7.23005713       13.69149821
      1       -2.23475856        0.41839998      -10.44859676
      1        2.66791558       -0.55750096       -5.77489060
      1        8.94931605       -8.88722886       -2.14615758
      1        7.44990912       -3.28169862        1.75905470
      1       13.31701924        7.48674181       -9.99584490
      1      -13.16398876       -8.02942179       -5.82564495
      1      -11.68045764        8.54214873       -5.63243212
      1       -0.46564966       -6.15900661        9.88517093
      1       -6.50454639       -8.94883164       -4.09633165
      1       -4.31585744       -3.89734338        4.69856013
      1        6.65770931       -6.72361614       -7.02029063
      1       -3.52349300      -11.35942444       11.32323530
      1       -6.97060651        6.84918738       -2.63662804
      1      -14.26148934        1.41677061        9.83865838
      1       -0.60220333        5.65071708       10.54053958
      1       13.77571056        9.86053240      -12.39568651
      1      -10.42221674        4.67915554       -4.60548590
      1       -6.23875328       -7.64337928        7.29982475
      1       -9.07739147      -10.86047066       12.26347333
      1        5.05652083      -13.48231504       13.24971807
      1       11.12555689      -12.96927476        3.12698473
      1       -6.87259182       -7.49481116        3.20789279
      1       -9.90585250       -0.11988715        0.77887523
      1       -2.25368299       -0.81708810        4.86433790
      1        0.02538041        5.07448959      -10.17966272
      1        7.42498357        4.51095296      -13.52148657
      1        9.03640371        4.40958151       -2.65212788
      1        7.51920728      -13.46440099        2.91315581
      1       11.82911761      -11.91082720        7.81123476
      1       12.16789198        1.84138417       -4.03390025
      1      -10.05134179        4.17444133       -2.32317205
      1       14.01877224        6.52295687        9.19214817
      1        3.44592044       12.29111490       -1.28060828
      1      -10.23621258        1.69150777       12.30929634
      1       -0.43258258      -10.47250907       -8.70882654
      1       -0.44682362       -0.67525150       -2.70596974
      1      -11.46227970        6.84816839      -11.95837589
      1       -1.75669505       -1.34316616       -6.12755563
      1        4.69996977       12.71301258       -8.09170845
      1       -8.12486286        9.22570826      -11.36568883
      1       -2.28016192       -4.26673018       -7.91734852
      1       11.78048040       -0.38153565        4.88583414
      1      -10.21654419        9.78134817        9.58241464
      1        1.87092111       -8.29710895       -2.87115547
      1       13.65337474       -1.80298281       10.39613608
      1        9.04269610       -6.93011848        7.34328776
      1        1.96570068       -7.74234923        7.15421198
      1       10.80701506       -7.90387957       -5.50472415
      1        7.00106413       -4.83784536      -10.72664649
      1       12.03901103        9.64480127        7.50745510
      1        5.59860757        0.88647821       -1.25846982
      1      -10.89810720      -11.83819607       13.52176639
      1      -12.60103891       11.68866296        7.26479423
      1       -5.38288851        3.92195987        8.11910710
      1        6.07727877        4.31603313        9.60860973
      1      -11.67672457      -11.01508849       -7.50851675
      1       10.69358839       -5.71873503       -4.41552941
      1      -11.49079896      -10.03703474        2.29241883
      1       -7.23076174       13.59345825       -8.58738088
      1       -3.35720260        6.45543122        1.03514332
      1        0.74982865      -13.15824608      -10.96659553
      1        1.40520576        2.96389693       -3.74949804
      1       -9.50725181       -5.58683385      -12.76933106
      1      -10.83411364       -1.22950190       -1.09011852
      1        5.87295045       -9.88615060       -1.75776211
      1        9.14610047        8.89653253        0.15758874
      1       -4.07047132       -5.63283055        1.14177676
      1       -0.00697266        3.88665723       -2.02241834
      1       11.23298342        1.06220917        9.28987455
      1        9.15405506      -12.58200684        4.43433933
      1        4.60102756       -7.62053786       -7.80356941
      1        1.04118706        2.79388609       10.99515108
      1      -13.18312687       -0.55985546       -5.80781232
      1       -9.39002759       13.99244976       -3.95089692
      1       -6.90457965       15.35951581       -0.70496056
      1       12.50317863      -12.53558301       -2.71552247
      1       -6.07819589       -9.45543216      -11.06624195
      1       -7.32105232        6.40832593       -8.63374337
      1       -0.51988580        9.64098939       11.80224874
      1        5.33042044      -13.69585464        9.38245463
      1       -2.49902970       12.08803651       -9.50682775
      1        8.14179803       -6.80067907        3.50609480
      1        1.91140713       12.88764922        2.21155108
      1       11.97066463       13.25256332        6.01698437
      1        6.69632883      -11.59515081        1.64759413
      1       -1.55173394       -7.31287623       -1.59710690
      1        7.87878786       -4.96805258       -8.50124806
      1      -11.43455745        7.57267670       -0.76923863
      1       -8.15333707       -9.56604047        3.40000435
      1        0.72795874      -11.64776334        0.56339379
      1        0.96333566       -2.25565791      -13.82705796
      1      -10.48836640       10.06446726        2.58793154
      1      -12.77743973      -13.26715903      -10.11128291
      1       12.09182241       12.76678707        3.65818498
      1       13.12607858       -7.96120486       13.19234802
      1       -6.55610648        9.00569017       -5.57535730
      1       -7.18274395        5.27607560        9.03536537
      1       -3.71567442        7.55271703       -8.32297111
      1        8.47921411       11.86718908        6.88955571
      1        7.77364340       13.75722017      -12.36166653
      1      -11.62144927       -0.35444191        7.48891989
      1        1.83121273       12.83216458       10.52655250
      1       -1.77052020       11.51254002       11.04285826
      1        8.43952783        4.95124984        7.18996924
      1       -7.34484271        4.50503660      -10.12291566
      1       10.52232744       -9.10962964        0.87146885
      1        2.03449087       -5.02240357       -5.87171059
      1        3.31890250        2.58213810       -8.19517306
      1       12.77437786        8.19221028        5.78846412
      1       -7.68748809        1.93431501       -6.02167827
      1      -12.46801733       -3.92806242        3.87327880
      1       -4.38624293        9.81448645      -11.81836305
      1        2.32091675        8.87431164        3.12357150
      1       -5.24289327       10.25854851        2.70342522
      1        4.07389747       12.70023609       -3.49974832
      1       -7.07708895       -1.46959466       12.37482193
      1        5.41161861        8.63701863       -8.66955185
      1      -10.81010430      -12.35567054       -9.27315242
      1       -6.67244803       10.47334747        7.38315138
      1      -12.01572311        5.28733599       -1.35363920
      1       -8.75430849       -9.98639816        5.81018688
      1        1.66141577       -1.92853428       -2.19524303
      1       -6.20402623        6.54315011        2.43684861
      1       -4.13835021        8.22451935       -0.33024361
      1       -8.73477600        0.56896501        5.25586533
      1       -6.69070524       11.93438861        3.73401311
      1       -4.18356920        8.23134954       -5.92256091
      1       -6.51007960       -0.07466730        5.32799295
      1       -2.53337751        8.80505002        8.81255088
      1       10.81332425       -4.57930745       -6.59692311
      1       10.63220380        6.81373599       12.29422440
      1       -5.55201070       -6.01279934      -12.75642521
      1       -8.46465738      -11.69005934       -5.99871030
      1        0.44074268        3.22247172        3.75461987
      1       10.84054084       -0.89846367       -6.32461551
      1      -12.64657467       -8.40099223      -13.37323459
      1      -11.29528914       -0.03684878       -7.15272516
      1       -4.29490250        4.37379433       -1.86671217
      1      -13.12601571      -10.35199328        0.48745498
      1        8.69224540        0.56075519       -3.60360174
      1        5.49823686      -10.09139469      -13.03175876
      1        2.07514961        6.68062677       -8.05801250
      1      -11.46223617       -7.67176399        9.86754757
      1       10.20307954       -8.73374088        6.24709601
      1        1.23711646       -0.00393880       13.24654508
      1       11.49579300       10.77452203       -2.12790382
      1       -2.34039346       -8.74343113      -11.84612561
      1        2.15374125       -7.58808595      -10.18010956
      1       -8.59254294        2.56288675        3.97056894
      1        3.57015459       10.06885974       -0.54264641
      1       -3.56414064        5.09204956        5.09822033
      1       12.45621619       11.88437633       -0.16563426
      1       10.29950155       13.41484385       -7.29807370
      1       -4.41431164        8.94914515        4.50500640
      1       14.07721280        1.97595837        6.13761002
      1       -4.43129544        7.52941057        8.10565429
      1       -0.17874910      -11.73945922       -3.55487825
      1       -0.77636085        2.70628056        5.79269291
      1        0.33941410       -6.39522048       -2.74624949
      1       -1.36687944        4.72249628       -8.14479865
      1        7.38998960       -9.80934219       -9.81672836
      1        1.55660523       11.76360451        5.99970302
      1       -8.66819349        2.05392521       14.22908403
      1        7.80784295        1.96682091       -7.37607527
      1       -6.73758661      -13.42629451        6.67192545
      1       12.88112047       11.83589104        7.69642435
      1       13.86332842       -9.08975969        7.82769047
      1        1.96308373       12.18791264      -13.93194946
      1       -8.47649174       11.59248647      -11.75144552
      1        8.43990484       13.64039676       -8.75061855
      1       -4.64852817        6.75928031       -2.20064762
      1        7.07053205       -5.90734060       -3.16301275
      1        3.45672852       -6.47501127       10.66486140
      1        1.11639384        0.57656111       -4.23191713
      1        6.06807217        8.86292008        2.43382711
      1        5.60463818      -10.59636543       10.85205845
      1       10.53780698       -1.75214489        6.74119888
      1       -9.23837182       -8.36776025        9.44743180
      1        9.28156298        1.60420409        0.10879669
      1       -5.35319731        2.56300123      -11.84134818
      1        3.67583784       -7.40032380       -4.05197136
      1      -11.91249529        3.33122357        5.46458999
      1        7.11465035       -8.82735361        4.26403773
      1       -5.06900752      -10.90847536       -0.79351980
      1        3.89792161       -7.52609599       12.79297233
      1       -2.15684983        9.67796404       -1.14534018
      1        8.93684564        9.06723379        9.42472994
      1        0.38939891       -9.89189620       12.31673126
      1        3.19180393      -10.70424954      -13.29351032
      1       11.05671337       -8.09104107      -13.32122625
      1        7.61464564        1.75179317        3.82872364
      1        2.47812964      -12.69284256        1.90729577
      1        3.68454809       -9.88968823        3.96829859
      1       -8.54098686       -8.94129499       -8.39040931
      1      -13.07250663       -9.62499225       -1.77569092
      1       -9.19482641       -4.60564431       -6.87684922
      1      -10.64577581      -11.23916255        6.67180733
      1       -6.92988460        8.74358061       -9.34251703
      1       -3.24590174       13.25110719      -11.51684844
      1        8.75346840       -4.34238588       -3.72484028
      1      -13.73476874        1.93895225       -9.05878482
      1       -7.87567593        2.86573710        1.59619390
      1       10.56977051        7.24328280        9.93875149
      1       -6.96664764        5.47848845       -6.44920502
      1      -12.22481688        2.86342982       12.86440075
      1       13.39245144       11.86537530       11.40693127
      1       -7.90507715       10.37519709        9.46288471
      1        7.43454672       -0.51898721      -11.46928116
      1        5.00903280        7.75594803       10.05785459
      1       -3.08522945       -0.87491069        2.63618820
      1        3.74939958        6.00363998        0.51521713
      1        4.18733214        5.72397069       -5.62106957
      1       13.70470862       -4.14240365      -10.04509872
      1        7.39386821        7.06084417        6.76295951
      1        9.69807934       13.77999192        6.23807034
      1        5.00902679        2.27317519       -4.56199949
      1       -0.46215145        2.36410742       -7.56763546
      1       -5.59106365      -12.14467013       10.32852539
      1       -5.96681518       13.74648660        8.86104561
      1        6.35863452       12.06175833       -3.96661615
      1       -3.64723922       12.36215101        6.17342521
      1        6.10564349       -1.29918524       -8.62737293
      1       -0.31296687       -2.62646733        2.39701266
      1       -1.83234435      -13.01997538       11.37672934
      1       -2.19362428       13.65897316       -5.84416950
      1      -12.59051075       -2.37064387        2.13871852
      1        4.47372001      -13.38208049        5.42809270
      1       10.31214857        6.24065027       -3.59406883
      1       10.94901444        7.89412286        4.23169813
      1       -1.41418305        6.51246993      -11.37407450
      1       -7.62125776       -6.81037749       -4.06353141
      1        9.46238103       -4.76849875       13.02146943
      1       -6.42126350       -3.99330301        5.95312474
      1        1.57264135        9.15434984       -1.57113103
      1       10.75458187        3.42181235       -9.93080081
      1       -6.90748009        3.67653007      -13.33132499
      1       -6.66782113       -7.60100098       -0.87597469
      1        0.03747515        6.26103927        5.09913964
      1        8.57986246      -10.78340457       -6.12037458
      1      -11.73584686        6.19057741        7.88194464
      1      -11.12311514       11.92595137       -0.65160348
      1        8.45540881      -13.12358220       -2.35775530
      1        7.58131724       -2.96044015       -5.28738356
      1       -1.13320836        7.85703625       -2.65425022
      1      -13.16374268       10.99579906        0.27621729
      1       11.66868191        3.10097825       12.37700425
      1       11.04368716       12.44241630      -13.18409831
      1        2.13476724       -9.74366024       -9.11054976
      1       13.88019019       -6.72969571        7.71084333
      1        0.65087468       11.32408420       -7.89786879
      1        0.64343955        4.05521638        8.92573502
      1       10.40493911      -13.07007585        0.88527990
      1       -0.10822468       -3.90549007        9.01659630
      1        6.20202073        5.49784732      -11.65747125
      1        0.93005480        0.96511850        3.01641593
      1        6.55495552        5.67044467       -5.88390723
      1        9.06740417        9.66801488       11.77899671
      1       -1.06112555       10.98370851        3.49030116
      1       -8.03306456       11.39588817        5.62446465
      1        2.42220435        5.55749039        8.49469649
      1      -12.34023748        0.00852333      -12.44536597
      1        4.14837300        1.15584988       -6.47053098
      1       -1.88841110       12.27927134        1.69797931
      1        8.74410555       -3.11018218        5.70997067
      1        2.63156944        4.57530131       -7.04056086
      1        8.14694720       -2.94071270      -11.63617565
      1       -5.66007004       -0.91632255       -7.94942170
      1       -5.44034032       -4.46685021       -6.37150059
      1       10.47780883      -12.38142727       -5.99236613
      1        5.10069018       -8.60017665        0.30591200
      1       12.70143395       10.23486266       -6.99766203
      1       -3.06415760      -12.14914320       -1.22353465
      1       13.38384785       -2.85059955       -2.77886982
      1        2.13570829        0.62865649       11.03638205
      1       -3.61732638      -12.33934536       -5.09259229
      1        5.95116434       -4.43866899       12.85976662
      1       -8.60911508        8.03962568       12.59731279
      1      -10.18390394       -6.32590603        1.87648116
      1       -9.10362303       12.45323958       13.90166831
      1      -10.98795014       10.72849237       -2.79820246
      1      -12.63592007       13.54507679        5.75834730
      1       11.81149032        2.37031116       -8.07884466
      1       11.50071697       -5.15244252      -10.38849821
      1        1.93532112        8.30603526      -13.52386611
      1       -4.30029958        0.67283143       -4.84452307
      1        6.94243664       -6.60052134      -12.35076198
      1        9.12648868        4.48778561        5.02619510
      1       10.54407405       -3.31000479      -11.68081871
      1        3.53444371        5.33309028        6.35551473
      1      -13.39097863        1.46643379       -4.44652298
      1       -7.71700922        9.91573781       -7.45635595
      1       -1.73907071       13.67061135        6.75243438
      1       -0.47889209       -1.21206855      -10.02302260
      1        6.84272345        8.20556486        0.27252597
      1       11.16969079        5.50641271        4.41130134
      1       -4.88316392        0.39547001       -0.29283336
      1       -3.81078350      -10.29351125      -10.77737118
      1       -6.76899167        4.80003843        0.74323144
      1        5.38610274        8.63275624       12.20995517
      1       -2.70242628       10.04342901       -6.35475078
      1      -13.80589240      -11.33512147      -10.99898158
      1        3.30895116      -11.22281931       10.23793886
      1        4.49059424      -12.56188040      -10.85453359
      1       -6.00072142      -13.95730276        0.99875665
      1        2.86671073        0.97322852      -13.10224478
      1        3.24274331        6.63683067        2.81647752
      1       -1.15578623       -0.04413086        9.49020121
      1        7.22760568       11.45846480      -11.68722052
      1      -12.61415096       -9.25861838        4.26291127
      1       -4.67211476        9.32207735       -9.51413508
      1       14.01224892        5.81551288        2.01949472
      1        5.01808444       -1.28867073       10.78400250
      1        2.93002100        6.55697086       -3.46114939
      1        0.81716972       -0.01732664        8.13138373
      1        2.16383589       -3.28845956        9.18718790
      1       -8.81991449      -10.61906173        9.89902493
      1       -3.12790825      -11.48899724        4.69520722
      1        1.15082387      -12.47709573       -1.68378248
      1       12.51607330      -11.16732158       -6.61096347
      1       13.65449805       -5.96682586       11.94298539
      1       -1.85117242       -1.84149356        0.56887828
      1       12.30377687       -0.53817025       -0.26007222
      1        2.90623222      -13.66763204        8.97026146
      1       -8.31400836       -1.54436020      -13.32228066
      1        3.26140754        9.02477591        9.07256325
      1       -4.74137369        4.39900710       -6.03989801
      1       -2.69509056       -1.09974706       13.35169109
      1      -10.09589771        7.12064206       -4.52883494
      1       -8.56595717       -4.94227936       11.09831579
      1      -10.70906499       -1.74439904      -13.21327205
      1       -0.98738843        5.99185118        1.07244120
      1       -9.89882998      -13.39793853      -12.87127310
      1      -13.45019398        8.80773485       -0.55486373
      1      -10.58421989       -0.74269884       -9.37911899
      1       -3.63385182       -0.04212044       -7.00860257
      1        0.43490291        2.94092188      -11.14405742
      1       11.39822081       -1.19450764      -10.98528052
      1       10.56011613       -1.28841520        3.01606349
      1       -0.58124435        7.98638423       10.03425277
      1        6.21650130        2.51038304       10.99626803
      1       -7.32022063        7.79558656      -13.10099456
      1       -5.54415466       -1.22112273       -4.10857195
      1        6.72163615       11.48171102        5.32201440
      1       -3.07611780       -5.53446001        3.34439627
      1       -5.56377728       -7.51618035        1.21193006
      1       -1.36976297       10.03291911      -10.21483267
      1        5.69696715        7.70651871      -12.35625095
      1       11.51249358       12.20650197       -4.04595444
      1        8.94345854       -6.87880454      -13.79255141
      1       13.81881001        5.29136893       -4.99230128
      1      -10.20836136        8.50056256       -2.55991242
      1      -10.50917519       -3.27192737        5.23134816
      1       -1.06197789      -12.88979954        8.85994817
      1        5.71870045       -9.06428126       12.67860068
      1       11.63181017       -0.01395754      -13.13058867
      1      -11.27255009       11.91969559        9.23216014
      1       13.78623909        1.24893750       -0.92306687
      1      -10.03295310       -8.48876025      -10.21734963
      1       -8.14017855        0.99799512        9.32167895
      1        3.97234445       13.02988087      -10.30009668
      1       -7.84779262        4.39148515        5.33039905
      1        2.90371881       -0.98502880        9.19424983
      1       -6.78826390      -12.00698528       -7.76833811
      1      -12.32390155        6.69562719        3.72157222
      1      -12.83944418       10.64366858        2.65556720
      1       -5.12362810       12.13633120       13.07392364
      1      -12.88755095       11.78618405      -13.24754521
      1        8.28617689       -5.50289972        5.53965096
      1      -11.96169325      -10.56091124      -12.50078175
      1        5.85194753       -5.61439013        5.59161040
      1       12.93060460        7.86842864       -7.66276979
      1       12.40118129        2.23199732        2.34439458
      1       -2.84431826        5.06922780       10.31675929
      1      -12.25428263        0.55132451       -2.35903336
      1       12.59061198        8.39771939        9.44408512
      1      -12.26448815       -5.42075912       -9.00235217
      1       -6.23965908        3.19327014       -2.59859947
      1       -2.55230745       -6.91185196        8.81661944
      1       10.39502683       -6.23343612        9.29813491
      1        8.91512961        9.57019221       -5.70317581
      1      -10.39308977        8.23575817        7.66032270
      1       10.11412131        2.79748753       10.46847434
      1       -3.93557529        8.06044497       12.87778756
      1       -7.24810599      -12.97964552       -3.02230209
      1       13.56304826       -5.99741634       -0.71307533
      1       13.49437867       -3.51682814        8.77134617
      1      -12.56331818      -11.81915611        9.97514112
      1        9.68977370       13.50406699        9.91809283
      1       -6.53116226      -10.42620647        8.99427706
      1       -1.02008993        1.57316231       11.30500387
      1        6.34728260       -0.57862954        6.69922349
      1        8.73376220      -13.15406888       11.79370908
      1        8.04037611       -6.77102102       -1.17877076
      1        7.73759459        9.15703085      -12.55743401
      1       -9.30977109       11.41594772        0.92393171
      1        3.94535365        7.84579135       -6.96968056
      1       11.93343766       13.19293464       -9.04184111
      1       -1.40242312       -6.19836109       -9.02273460
      1        0.50078108        8.19688449        6.45459239
      1       -9.50924804       11.66568303       -4.40836306
      1        4.71321564       -4.60844729      -10.18763348
      1       11.44988179       10.09866261      -12.92327024
      1       -2.20429988        1.11473670       -3.77616030
      1       -6.84987765       -3.87094100       12.35797788
      1       -1.62698439       12.36199960      -12.99568040
      1      -10.75144827       -0.38841162       11.22318504
      1        0.87684661        0.77104836        0.62100504
      1      -13.18341241       11.78036951       -6.80166881
      1       -4.91982070       -1.16314068        8.59762232
      1      -12.46281813        3.49270853       -5.33067649
      1       -3.74070967       13.48037665       -1.96685734
      1       12.97026695      -10.38221173       -8.94121136
      1       -1.42667117        4.87503682        6.48190061
      1      -12.84768769        5.77231596      -10.34913290
      1       11.63161126       -7.85241943        4.56041425
      1        3.56784132        3.38931311        2.92114439
      1        8.59395676      -10.37315586        5.44130852
      1      -12.22473254        2.40679211      -12.61194654
      1        3.97108234       -3.98004718       -4.76636360
      1       -9.97433916      -10.88565004      -10.98390399
      1       13.03882485       -2.45943348        6.55130493
      1       -5.35861991       13.47994175        4.91307529
      1       -5.16462227       -8.98092023       -2.18017556
      1       -8.46243986       -2.34573678       -6.83531953
      1       12.41443012        5.35985252       12.71839539
      1      -13.36128358        2.16560160        1.11634323
      1       -9.59891982        9.77621209        4.87955850
