 run_id:         1009
 total_energy:   -4103.6624576277736     
 P   27.848118434861512        27.848118434861512        27.848118434861512     
      1       -0.11441291       -8.78911515        6.79853990
      1      -13.06876107       -9.10489063       -8.06730149
      1       -7.80349533      -12.47443472      -11.83605275
      1      -10.22717233        8.38463782      -10.63073403
      1       13.07515834       12.85376669       13.51951406
      1        9.02241053      -11.08058626        0.76517912
      1      -13.83536125       -3.70493151       -0.70416620
      1       -2.91629470       -4.88798402       12.75058973
      1        0.75783467       -1.56087363        6.19621950
      1       -1.06866641        0.07952293       -0.52726516
      1       -1.44174146       -3.51824734       -1.26858406
      1       -2.73032227       12.90545808       12.70270498
      1       12.08488853      -11.51487148       11.65180041
      1        8.95520564        2.80585741       -4.39758403
      1       -5.60339987       12.05689084       -4.93116647
      1      -11.74435302       -6.14343707        8.03937790
      1       -5.33978313      -10.42480694        4.94563666
      1        5.61618140        9.33931408       -1.44468499
      1       -2.67171429       10.41505749        5.18284494
      1        8.69185777       13.06008657        1.22245107
      1       -2.33074642       -9.65007863        1.52218895
      1        3.11848609       -4.10003862        7.11085703
      1        4.92102476        2.56379335       -9.96621541
      1       10.55067152      -13.39527215       -3.75729256
      1        0.23653405      -12.81553841       -8.58601068
      1       -0.23937882        9.67791315       -6.29970586
      1       13.02637453       -9.52302175        3.59671256
      1       -5.00399259       -8.53410204        9.32223640
      1      -10.12763535        3.22566160      -12.20703803
      1       -0.31751101       -5.33351243        5.51307410
      1        4.87361918       -5.91656777      -13.52043550
      1      -11.04168969       -8.81896472       -4.87331352
      1      -10.82945206        2.82355301        3.40215359
      1        9.84471831      -11.13387795       12.41747246
      1        8.33631390        6.11379437       12.66775467
      1      -12.07345813       -0.64154329        3.72469933
      1       10.89851192        6.63674782       -7.46796646
      1        7.00712944       -0.67277520       -4.77804767
      1       -5.67342046        2.73829244       -9.44133545
      1       10.96230518        0.50130173        1.38189218
      1       10.92013388        7.18541334       -0.03704238
      1       10.74869520       -2.60244647        8.99473702
      1        4.46504925        0.88343519       11.50309371
      1        8.96134837       -8.98029821       -4.54028387
      1        1.15457711       13.01472823       -1.41486850
      1       -4.07416168       11.05834844       -8.09415932
      1      -13.36451915        7.70046958      -13.11527220
      1        6.73949821        4.96913723       -2.04711625
      1      -12.68361835       -7.32372447       -1.78031123
      1       10.09062819        4.88464227        9.06945665
      1        1.19821859       -9.34983946        0.88006714
      1        7.63885480        2.48914652        1.51315484
      1       -3.20686077       -7.70045588       -5.29014535
      1       -0.08445235       -6.17713569       14.79127854
      1        6.92936566       -5.82638668       11.16381463
      1        4.64284509       -3.10213819       -8.25971063
      1        1.81307962       -8.75117040        3.14968255
      1        5.73897110       11.82542172        9.44692175
      1       -0.35424856       11.78857874        7.39482309
      1       -4.38338134        4.43907390        0.49304678
      1        2.27907254        3.22317115      -12.62916236
      1       -8.90228127        0.73982354       -4.31278077
      1        8.15892554       11.68268388        9.38280788
      1        5.33195176        0.13805731      -10.45384310
      1       -7.31562186       -5.86158515       -6.21360135
      1        7.17740028        5.18012779        3.65129271
      1      -11.68652570       13.24816798      -11.72294029
      1       -3.12686403        7.17213151       -3.93946032
      1       -0.02471613       12.17077843       -3.27435695
      1        7.15028848        3.13636448       -9.34186630
      1       10.46967925      -10.42602724      -13.09685772
      1       14.00092138        9.78387543      -10.08198086
      1       13.40871415       -6.65906498        1.51373363
      1       -3.36006774        3.45626853      -12.77638635
      1       -1.52264962        1.93689782      -12.21769903
      1        3.05729747       10.77170798       10.79944757
      1        2.63178841       -4.30180650       11.26907536
      1        7.70968874       -7.83078235       12.24705599
      1        3.75885534      -10.91379855        7.68775746
      1       -4.02778932       -1.05076173      -11.23534029
      1        7.19167231        7.56228624        9.08164695
      1       -8.83256529        3.97716248       -6.26577011
      1       11.18509745       -8.70733475       -1.47025728
      1      -13.34357551       -0.41570874        5.81553709
      1        0.89909672       -5.62438736       -9.42957279
      1        5.62950883       -9.64188405        2.51884128
      1       -0.72967036       -2.47671521       -8.01223940
      1        9.60698197      -12.75857510        8.11926547
      1       -2.24144963        3.32568224       -2.74266214
      1       -3.69389495        5.79544420      -11.80043879
      1       11.95563857        4.58297746        2.39260978
      1        0.63513769       12.44250658      -11.93978204
      1       -7.81662689        0.38388462      -12.15641161
      1      -10.23710899        9.51769765       -7.37637881
      1       -5.15061600      -13.72481375       -3.82172629
      1       -9.98985276       -6.83341166       -3.97877701
      1       10.19530293       -7.96433120       -7.86994700
      1       13.14537792        9.50508838       11.48710680
      1       -2.14066056       10.12417328      -12.46106436
      1       -0.10486614        6.16491134       -1.17590094
      1       -4.79098189       11.77561793        8.17340325
      1      -12.64629947       -1.59167660       -3.65205191
      1        9.18227874      -13.06262310      -10.72731162
      1       -8.65683102       -4.78881801        5.16733629
      1       -9.85345655       -1.26667482        4.20216005
      1        2.97908193       -2.20111077        5.74566980
      1        9.78120197        9.84031225       -9.36058449
      1       11.45224025        5.35207479       -5.50868606
      1       -4.00415349        1.33155893        2.80576940
      1       -3.22437191       -9.10854029      -14.02210964
      1      -13.77935915       13.71838483       -8.09758482
      1        1.33713390      -11.96424668        7.73120520
      1       11.23529271        6.90599886      -11.14611912
      1       12.99839131        7.70401883        0.98461953
      1       -3.34635241       -2.91462922        8.56995187
      1      -10.59109209      -13.17017940        5.37329578
      1       -7.75496967        4.83680280       -1.58291120
      1        8.63051294        2.48565486      -12.96883051
      1       -8.78762877       -8.72678387       13.09747664
      1        8.86581421        2.09179160      -10.62136551
      1       12.75125236        5.90933259      -12.81239739
      1       -9.27658694      -12.16661517       -0.18851534
      1       -0.90891808      -13.30702591        4.67790976
      1        6.00840225       -8.48725141      -11.27053117
      1      -13.04788988        6.84655005       -6.58755904
      1        2.59472375       12.37185317       -6.89006603
      1       -8.04688943        6.38115746        4.06019361
      1       11.31361366      -13.87520848      -11.30503525
      1       -6.81415066      -11.08665472        6.68340362
      1      -12.84938718       -5.52186547       -6.75014830
      1        5.12297193       11.25235298        7.13883738
      1      -12.87775891      -10.51956564        6.24214123
      1       -2.74160634       -2.55528060      -12.56863936
      1      -10.91418719       -4.91997091       -5.21539912
      1        5.40054577       -4.49172513        7.58527205
      1        6.03701824       -6.43872846        0.16733627
      1        9.62999081        2.15899937        5.20249393
      1        2.84195578       -9.09601756       -0.77381720
      1        6.35520511      -12.80038718       11.37421563
      1       13.10679254      -11.87631543        3.77939459
      1        9.62045434       -3.25989238       -1.77869176
      1       -1.06522096        0.68237841       13.54202076
      1        9.26556056        9.79400633       -2.02730705
      1        4.05218581        9.18839459        6.80951893
      1      -10.94164171       -4.20367437       11.14827154
      1       -6.06447302        8.58026387        1.23391858
      1        1.94512392       -5.81481256        5.84042006
      1       11.42114673       -0.95786748       10.57739159
      1       13.63639768        1.78641300       12.18211020
      1        7.72984763        1.12862671        7.76420751
      1        0.27477934       12.11182438        0.58045002
      1        0.01617248        9.09578042        2.43307422
      1      -12.28000878       -7.04112522        4.89127330
      1        8.32605256       -1.99426721        3.61899881
      1      -13.48540309      -13.36718780       -4.08618715
      1       -2.95508478      -10.23612264       -8.56587583
      1        1.95789912       -2.76460415        1.61048895
      1        8.88031811        8.51458117        5.36854627
      1        1.53655536      -13.76331578       12.54607692
      1        2.17358761        6.84581081       -1.18772843
      1        4.43121473       -7.00912743      -10.06792191
      1        5.73509310      -11.44445971       -9.17454440
      1        5.03509527        1.31310721       13.79231352
      1       -0.20316418        7.09239293      -13.43691957
      1       12.94156834      -12.66090870        9.71793973
      1       -8.19875673       -4.08452916       -0.96536216
      1        5.97383395      -12.48572721      -12.70438190
      1       11.14297693       -9.13354696       -9.73867358
      1      -13.09293157       -9.48998912        9.93411722
      1       -1.13391286        7.15816017        3.30093071
      1       11.78075022       -3.40941553        2.77862411
      1       -7.14959874      -12.37944145       12.18589226
      1        7.31107322       -9.82131216        9.32043717
      1        1.57435886      -13.34173593       -6.50642682
      1      -11.65501588        9.71877678        6.16135982
      1        2.54174984       -6.39553936        3.57371823
      1       -9.61011177       13.51658748        8.78084957
      1       -1.90832588       -4.20449160       -5.41579138
      1       11.56256556       -9.58399674        7.95925462
      1       -2.08708173       -9.54483051        3.84561159
      1        8.23495847       -2.33985835       -8.89437139
      1       -5.09871780       -6.61497418       -8.96796295
      1      -12.36772397       -6.01887675        2.77768646
      1       -6.61652023       -0.80836505        3.08553646
      1       -2.71580327        1.66276886       -8.42169055
      1       -5.90080132        8.48016701        6.40432653
      1        0.83344183       -4.22546061       -1.63690054
      1       12.72063516       -9.28983299       -5.10441919
      1      -10.18753719       -5.07027917       -0.15655201
      1      -12.66329940        5.52760958        5.74265470
      1      -13.71022343       -2.16839298       12.64542066
      1       11.01070453        3.05528179       -5.73756095
      1       -1.95361082       -2.42866094       -3.57874731
      1       -6.07293762        1.04953024        1.70884367
      1       10.37091430        3.45798557       -0.94470488
      1       -9.71033829       -2.89948837      -10.30809178
      1       -6.42611268       -7.07829156      -10.86035011
      1      -11.41731313       -2.25789431       12.46425565
      1        3.32328111       -0.63653195      -11.47905804
      1        1.29691149       -9.78623564       10.14266758
      1        3.95012470      -11.27641469       -1.30158617
      1      -11.59875340        5.85045681       -8.29833892
      1       -5.73986762       -7.31098596       11.27813001
      1        3.61376766       -2.69133276        3.43562570
      1       -9.55720282        5.77054632       12.37894543
      1        9.16821762       10.72689325        1.83325709
      1       -0.72147860        5.71038818       -5.75895559
      1       -1.56760764        7.80849657       -9.27796597
      1       -0.16397094        5.29629175       12.86162868
      1       13.15944187        9.06916768       -2.55242661
      1        4.62501748        9.40943408       -5.24887263
      1       -2.88689550       -5.43665090       -0.99417325
      1        0.14155462       -9.68359823        4.63720028
      1       -4.61767037      -11.12002585       -6.94946378
      1       13.28709463       -1.78054968       -9.53481502
      1      -13.33571000      -12.49318951       -6.36649269
      1       -1.67536522      -11.82610440        0.78556673
      1        4.90417261        3.27946177       -1.47227099
      1        3.76306358       -9.05806661        6.21872602
      1       -7.34316167       10.59944916       -3.88313813
      1        9.97145666       -5.33240147       -0.59549845
      1       11.42138758       -1.67945869       -2.21519750
      1      -12.56294221       -0.23391962        9.65308965
      1        9.94112992        8.88816159      -11.53590881
      1      -10.42004701        3.78949591       -8.04756276
      1      -11.07839592       11.36559425       13.03146017
      1       -2.29271283      -13.35508489        2.52046837
      1        6.22971648        5.93297658        0.07313334
      1       13.88210672       12.17444166       -4.57356110
      1       -0.95251211       -7.35427312       -6.52364943
      1        7.91331097        5.65252052       10.31868466
      1       -5.19944542       -7.83236630       13.53903264
      1        4.28488254       12.30941879        2.20459742
      1        0.85874017       -8.94033593       -6.75763067
      1       -6.38313560      -11.51345849      -13.62767231
      1        1.73406653       -0.49090205       -9.67063044
      1      -10.63426135       -2.76044661       -4.06947447
      1       -7.64197554       -3.71711520        1.35918856
      1      -13.50026560        6.14181277       11.49030692
      1       -5.51683227       -2.38064664       -9.87441571
      1      -12.91661838       10.01829679       -3.99896366
      1       -8.28536354        7.86063765        5.96141867
      1        5.36398097       -9.04113597       -4.02888869
      1       -2.83763520        2.81525152        1.31979641
      1       12.12085993       12.93884643        9.72672778
      1        7.10837262       -2.75162840        7.41246832
      1       -8.86468505        5.65350098        7.33022018
      1       12.16441521        3.72797932      -11.80648460
      1       -4.97418498        9.98425951       11.85910197
      1        1.00683684       -8.11447749      -12.22077025
      1      -11.26597913      -13.51636719       -0.78976746
      1        3.16471850        1.17296125        3.74153878
      1        5.08709529       13.25518106        0.13116873
      1        5.80941060       -4.21730566       -6.41256113
      1       12.08144964        6.90608603       -2.15242017
      1        0.85270882      -11.83210862        5.33615132
      1       -3.12104947        0.47066270        8.20254689
      1       -3.45975666        5.38912264        7.92912634
      1       -4.70933113      -13.08405123        2.98877981
      1       -4.74336357       -9.75675558        1.24532280
      1       -6.65664189       -7.66784511       -7.53420702
      1       -2.44644925      -11.11742023       -3.30454398
      1       -2.85583694        1.65704239       -0.74736271
      1       -7.86528407      -10.85068360       -3.81825167
      1       12.91835194       -9.01438760        1.34369779
      1      -10.18502581       -6.46154116        6.18869525
      1        7.44856753       -1.00023460       10.75236754
      1        9.37742237       -2.70016096       -6.77652226
      1        6.92123846       -7.78746132        8.15171897
      1        5.52008826       -6.18478436        9.31720939
      1      -11.51306885        3.98174240        9.09845443
      1        5.24636636       11.01219339       11.94152185
      1       -6.21151476       11.85750604       -7.28025272
      1      -11.85442570       -6.30001598       11.74561945
      1       -0.06785253        9.79050417        0.08924136
      1       -5.53410029        3.77632621        5.76365656
      1       -9.71942592        7.30063150       -8.57386604
      1        4.76506624      -10.66633773       -5.70168503
      1        8.98752436       -4.80041264       10.62768416
      1       -7.50309279       -2.83176041      -11.38710264
      1        9.69329667        9.81082496        7.19291653
      1       -0.72632176        0.82108657       -5.69448969
      1        2.17011207        5.06198550        4.33973513
      1       -6.74741929        1.11205763       -1.52235280
      1        2.20635770        6.21124578      -10.37444950
      1       -4.91453559        7.71327945      -12.88171744
      1      -12.20088183       12.60615853       11.35093252
      1        3.23738430      -12.80859452       -3.07979213
      1        1.00821555       10.07200256       -3.99932584
      1       -6.23785259       -2.27639096       -6.10847522
      1       10.67063447       11.27298132       -6.05849505
      1        3.92662911        4.48729540      -11.23978239
      1        2.74270976       -7.27241117       -6.31220172
      1       -4.19175111       -1.92139364       -0.33836386
      1       -7.00088707        1.05918023       -8.23486478
      1       -0.11253764      -13.79300153       -4.81160154
      1       -9.80913546       -9.87540030       -6.62976345
      1      -13.27814261      -12.73096683        0.29971166
      1        0.68897542        7.48014777       -4.31862826
      1        4.61798696       -0.62095152        0.42431842
      1       -8.48861928       -2.38959772        8.55444374
      1       14.89795518      -12.99898517        2.59613067
      1        7.21748846       11.06781260       -2.00460088
      1      -10.21945146        4.35566407        1.71197329
      1       -7.68581176        7.07489498       -4.87385616
      1      -10.97988466       -3.84587256      -12.16284365
      1        4.02034619        9.99207525        1.84475778
      1        1.60338119       -7.48086587        9.50888229
      1       10.02772020        0.64984218        7.16476600
      1       -2.66552278        1.16868870        5.99672897
      1       -7.55504884      -10.75181531       -9.73232431
      1        1.02184156        3.06465769        0.01790693
      1        2.99029903       11.10420707       -4.90337011
      1       -3.85591509       -5.42074195       -4.87125874
      1        1.25547276        1.79986600       -9.16936142
      1      -12.86943110       -0.16128660      -10.08046781
      1       13.28863016       -6.28576595        5.42607059
      1       -1.64917421       -8.66600920       12.11431387
      1       -2.59518046       -9.36167470        9.99145879
      1        4.22685578       -2.89967210       12.37768590
      1        7.77937690       -3.28485644       13.82888159
      1       12.68461610      -10.09853200       -2.80197719
      1        2.17090190        9.53305320        5.43951983
      1       -7.30879329       13.08627769       12.39874752
      1        9.97584847        0.82140857       -7.76346127
      1       -4.12421782       -5.08373987        9.12535576
      1        8.29117660       -1.15868973       12.92721166
      1       -4.56226843        6.10789359       11.58389555
      1      -13.12712490        8.81849916        4.45787305
      1       -6.15639625       -5.35974330        7.96805779
      1       -4.01710223      -11.35021035      -14.08912723
      1        3.85065481        5.20259314       12.53710422
      1       -5.19268430       -8.93881806       -6.09657416
      1        0.72224059        3.81533586       -5.87403113
      1       10.98112487        2.30075330      -13.35557466
      1       -1.05931395       -6.31608390       12.26880000
      1       -8.11096788       -7.34962871       11.28944624
      1       -2.78191978        4.95399532       -4.63864021
      1       -7.99726903        4.43217773       11.09931638
      1       -8.63138738       -8.03669526        7.17688134
      1        8.95427293       13.09833325       13.55466466
      1       11.49263083       11.16582246        1.96884007
      1       -8.91171814       -8.46636301       -0.63375027
      1       -0.68639754      -11.94387127      -12.46593879
      1        3.44130901       -1.75693745       -3.88326047
      1       10.13442809       -5.71452431       -8.51004211
      1       -3.66699708       10.85160852        0.85781048
      1       13.68803165        5.12270010       -2.52162208
      1       -1.71742403        8.66408053       13.55387047
      1       -1.33085309        9.65511934        6.96043247
      1       -9.62878775        1.06854295        7.38876092
      1       -0.77934942       -4.87419745        3.19240509
      1        7.94831367        0.29572274       -1.34622374
      1       14.14922964        3.10247232        8.33053560
      1       -7.93202892        8.95979586       -2.07361834
      1      -11.39617581      -12.85607018       -3.06877028
      1       -7.74591131       12.68864993       10.05277363
      1       -9.64571331       13.43790703       -8.41672170
      1      -11.64552770       -3.16855555        0.00561911
      1       -1.53390906       -2.34755898        9.97574876
      1      -12.42277444        4.34271948        0.78460565
      1       12.51845167        3.02267287       -1.98088062
      1       10.28977960       -7.33039524        2.61251716
      1       -1.56171221       -2.95582539       12.24520172
      1      -11.57488276        0.98549040        2.14846953
      1       -8.71672529        0.74560167       -9.90801301
      1        6.84656600        6.72843291       -3.74980485
      1        6.62871814      -12.10895932       -5.86290238
      1        7.97795057       -2.01027633       -0.64468396
      1      -12.20882293       -7.67159676       -9.73698254
      1       10.89095666       -0.19081215       -4.01549163
      1       -0.61660968        3.72333679        1.66425489
      1       -4.71349191        5.75940796       -9.56766632
      1      -13.39215341       12.76669466        3.62070030
      1      -10.72428181      -12.19212334        3.15658229
      1        6.37445828      -13.33496296       -7.86843126
      1       -1.69397984       -7.04967679        6.52685630
      1        9.12512458        8.23818855       -7.63608465
      1        4.05915594        7.33941734       13.69915881
      1       -0.31327855       12.70584570        9.61883246
      1       -3.17769782       -7.89220806       -8.15184538
      1       12.73116562       -5.67409717        9.57922702
      1       13.12187431       -4.00883548       -6.37778468
      1       -3.62743908       10.58241359        9.93481383
      1      -10.68090040       11.83039298       -6.62625344
      1      -13.50941075       -7.09399892      -11.64752661
      1        5.82839616       -7.94421226        6.05628914
      1       -0.75101502       -7.98395998        0.60613565
      1        4.29699080       -9.98202714       -7.93872436
      1        0.91334741       10.61257785      -10.29515522
      1       11.23668484       -5.44341400        1.54467881
      1        1.17565944       -9.99285995       -4.55102451
      1        4.00148545       -0.46052179        7.03609022
      1       -1.94553383       -6.38052353      -11.50709514
      1        7.32552310        0.56053628      -13.56408551
      1        4.66652120       -0.55679998        2.91114561
      1        5.58913773        3.61490825       13.11569312
      1        5.61996190      -12.39736139        7.33994670
      1        6.29957678        0.22579842       -6.87431406
      1       -0.31970260       -9.90063595      -11.23001729
      1        9.00290528       -9.38768228       10.97784275
      1        8.07206866        1.27411185       10.14797747
      1        1.81783702        4.03482383       12.95272069
      1        5.75177867        3.33419812        4.04279203
      1        7.59159859        8.34320888       13.00761082
      1        1.36467824        7.72904322        8.61494353
      1        2.18924632        8.60626032      -11.14532166
      1       -2.98777678        2.85928185       11.02748515
      1       -8.62807503       -0.97692687       10.46863516
      1       -9.48207188        2.75342018       10.31702387
      1        7.62248407        5.46722822       -9.66889843
      1       -9.26457427      -10.43707493       -1.87502117
      1       11.99592012       10.82914203       -9.13556903
      1        5.62827574       -2.74650925       -0.02759900
      1      -13.05732070       -6.33629746       -3.88377555
      1        3.22827404      -12.15937923       12.61408569
      1       12.42917206      -13.54341942       -0.47641493
      1       -5.81396381        0.38559947       10.33141880
      1       -4.91041874        0.04015584       12.86122857
      1       10.67104517       -1.26392754       12.90738854
      1        6.70522698       10.51871253       -5.77095684
      1        0.49238208       12.63867396        4.10518814
      1        7.76908711        9.94336013        3.74333980
      1       -7.88769880       -4.51172959        9.42581615
      1       -6.95138624        8.90212596       11.03218596
      1       -5.27483250       -3.57085591        1.05267807
      1      -10.39721781       -6.88848344       -1.63048620
      1       12.80676576       -9.28286999       11.27240721
      1        3.25095735       -2.39647913      -13.23768497
      1        5.76168196       13.15964911        3.93331044
      1        7.38285248       13.10045787       -0.75448070
      1       -3.41280617       -4.90543909      -12.74769973
      1       -4.86474072       -5.09429309       11.38552331
      1        3.57190092        3.93355199       -3.48257045
      1        0.97741158       -4.65046398      -11.58625151
      1       -6.62278655       -1.84411997        7.06542631
      1        8.38685875       -2.76204286        9.45391793
      1      -11.92312328       -3.96542525        8.92222450
      1       13.12001594       -2.36716336        1.10133769
      1       -6.93445870       13.24932149      -10.99667860
      1        4.48828259        9.11848205      -10.88148447
      1      -10.63373960       -2.55879993        7.53035358
      1      -10.43094053      -12.06867261        8.87149636
      1       10.24798588        5.07835819        0.79416104
      1      -12.44534052      -12.91984068       12.08183964
      1       11.18968644        9.13193188       12.77164584
      1        4.60576445       -4.98302674        3.57043751
      1        5.11532528        7.17183211        6.02023932
      1       -2.91450239       -8.72857182       -3.08301685
      1        6.68768088       -0.38648323        4.26117916
      1        9.46855176       -0.28647104       -9.88641373
      1       -0.06536472       -0.93574607        4.06580154
      1       -8.11059041        9.33917621        0.26803602
      1        2.09693593       -4.76267022        0.30836219
      1        6.14642614       10.82074803       -8.03909571
      1        0.70389888       -6.19700721        1.80217592
      1      -10.32576358       12.01782110      -10.27738359
      1       11.17105437       -3.41418086       13.87564134
      1        4.56565988      -12.39668867        0.67835859
      1       -5.94965957        4.23787113       12.40447364
      1       -7.76864119        5.59217194      -12.26746807
      1       -7.96485851       13.09792946        2.09016220
      1        4.88953499       11.37809370      -11.72357304
      1        5.11271256        0.02735248       -3.47726898
      1       13.31361103      -12.65891002       13.31210218
      1       -4.53221514       -4.88667190       -2.65393314
      1      -10.69590408        9.22732704       11.95255690
      1       -3.12077292       -7.54408576        4.67817856
      1       -5.72104406        2.57559981       -4.87297632
      1        7.76998908      -11.31455732        7.52256550
      1        5.46843842        6.95114373        3.68684395
      1       -2.25591401       11.64566708       -2.62787154
      1       -4.80335751        1.62504289        5.07375186
      1       -5.17996266       12.07831561      -12.31852750
      1       -0.08869852       -5.68620193       -5.00373531
      1       11.56809148       -6.39260637       -1.96978801
      1      -12.05604694        2.25564618       -7.36978146
      1        7.97342534       11.41518057       -9.43129295
      1       -5.04145943       12.27888856       -0.39942897
      1       12.04393408        2.01404862        4.68543633
      1       12.52320815        4.90439474        8.30583025
      1       -5.40014778       -8.04552139        5.11068855
      1      -13.24057176       -4.72811785      -12.19772382
      1        6.74078745      -13.44570717       -3.92468451
      1       -9.63655309       -8.65254875        1.68056914
      1       -8.53313823      -12.28560747        2.14703416
      1       -2.81842584       -2.74993512        6.19986745
      1       -8.22853963       -5.49338735        2.94953654
      1      -11.62161281        4.76452662       11.51458482
      1        9.44901478      -10.61430694      -10.83179387
      1       12.28689679      -11.96248516      -12.44887046
      1       11.96702903       -7.39327769      -11.23860678
      1       -0.20328087      -12.14437527       12.96188400
      1        3.35945412       -4.49571407      -12.16731898
      1       -8.63279257       -1.64046653        2.18650220
      1       -9.90364447       -4.95239623       -9.17153948
      1       -0.59696761      -10.27500203        8.70873986
      1       -4.19083818       -2.53173948       -2.66345515
      1       -7.48281536       -0.56021229       -2.99159793
      1       -3.01676287      -12.22090241      -12.06605200
      1       -8.88147849       13.43452902        6.50809825
      1        6.58725478       -5.46128667        2.25164679
      1      -10.42262010      -13.19610459       -6.15569934
      1        2.07754018       -8.86278093       13.68880614
      1       -5.45655165        0.32655958      -12.59006493
      1       -9.95673049        5.39862256      -13.08833300
      1      -11.44700945       10.08123511       -9.48039031
      1       -5.90614368        7.08854666        9.89846078
      1       12.56280087        9.18747946        2.74174525
      1      -14.10673012       -0.09708759       13.75482033
      1        2.89275584      -12.08178760        4.16553541
      1        2.40227261      -11.36746093      -11.07406969
      1        8.85577609        8.13267660       -3.75785773
      1        8.02849794      -10.95545933       -1.36837004
      1       -9.88673794       -1.03222783       -5.53123800
      1       12.85439595        5.79184632        6.12660151
      1       13.17572271       -3.98526697        4.72103997
      1        7.07726590       -7.60806970       -4.80189631
      1        1.63237008       10.14168714       12.70923111
      1       10.05892435        5.61512232       -9.52015706
      1       -9.04221519       -2.26056157       -2.29150520
      1       -4.40619120        2.09008326        9.36309930
      1        4.13628463        5.59154087       10.17364677
      1        2.75274439      -11.71971534       -5.10348468
      1        4.35222442       12.15439478       13.88596560
      1      -11.28853861      -10.44555885       -3.06847081
      1        2.32493446       -1.04737450       -0.03077636
      1       12.98107828       -1.69822277       -7.09017284
      1       -6.84608185       -9.21123083      -13.37666252
      1        4.43037910       -4.82637521       -0.66224747
      1        4.82599951        3.35145058        6.20269098
      1      -12.89382199        8.21992612       12.42985111
      1        7.06466055        6.99658023       -7.92535441
      1        6.75294776        3.33192871        7.56952100
      1        4.91468812        8.03181477       -3.35514958
      1      -13.52765629        3.48374375      -10.89640857
      1        3.34793055        3.67177301        0.45988028
      1       -3.74064810        6.83423607        3.57723961
      1       -8.81036404       -6.49100210      -10.78256011
      1       -7.31957757       -4.48324135      -13.30717934
      1       -3.81109070        3.91816132       -8.19774881
      1        1.27831317       -3.83735233       -7.79773899
      1       12.98682486       -4.77107645       -4.05687875
      1       13.39121682       -4.20873135       13.58661427
      1        2.58905882       -1.87234070       -7.87114769
      1        3.20301203        1.58727067        6.12867192
      1       -3.20003969       11.71379131       -4.83448051
      1        8.01341839       -8.84194194       -7.69941898
      1       10.93624434       -8.48726246        9.98537969
      1        4.69471119       -5.42868842       -3.03029774
      1        3.41820475       12.92387965        6.89160299
      1       -4.30959888        2.50246773       12.92301173
      1      -10.08572717        6.42465298        2.81052219
      1       -9.27921826        3.06358739       -9.99491741
      1      -10.08800611        1.76548513       -2.37306443
      1        6.98152288        3.30725071       -5.56108386
      1       -8.71808949        1.56951676       -0.29940112
      1      -10.04209287        8.11827300        1.15829519
      1       -4.59909280       -4.29809018       -8.58479048
      1       -4.86171660       -2.37621585        2.98705320
      1       -0.07312924        7.49654751       -7.38353683
      1        7.89387037        4.84333516        1.44204529
      1        0.63535603       -4.28285589       12.68986876
      1       -6.17977689      -11.05763342        2.73591197
      1        7.74516986       11.61769592       12.00291689
      1       -0.61276360       -3.41813999        6.75343878
      1       -1.05124242       13.10282293       -7.93929456
      1        1.08289923        2.15432646        7.24448309
      1      -10.16319059        3.39780766        7.10625877
      1       -0.41606666       -2.65208300      -11.89951215
      1       -6.76261771       -5.61633677       -2.16017379
      1       13.49546169      -12.52152568        6.03139663
      1      -10.64226236       -7.23622262       13.60293240
      1       -2.24230625        0.42108237      -10.45723690
      1        2.66207112       -0.55418800       -5.78534956
      1        8.95247740       -8.88780903       -2.15001408
      1        7.46619345       -3.28276313        1.75045225
      1       13.31224905        7.48640258       -9.99189988
      1      -13.16131187       -8.02642339       -5.83496989
      1      -11.67685623        8.53967194       -5.62457687
      1       -0.45351539       -6.16545134        9.87596800
      1       -6.50391762       -8.94894167       -4.10242231
      1       -4.34076679       -3.91470971        4.73302250
      1        6.65700149       -6.72337555       -7.02667291
      1       -3.52487874      -11.35833369       11.32072992
      1       -6.96494419        6.84520856       -2.62169933
      1      -14.26205398        1.42381028        9.83537088
      1       -0.62315651        5.65981186       10.53752409
      1       13.77176941        9.86193201      -12.38985318
      1      -10.41806751        4.67838594       -4.59390363
      1       -6.25590812       -7.62507848        7.34194235
      1       -9.08401258      -10.92721247       12.23170423
      1        5.05338865      -13.47423852       13.25118712
      1       11.12783672      -12.97206800        3.12266463
      1       -6.86622706       -7.49397428        3.22007629
      1       -9.90150192       -0.12660773        0.78680679
      1       -2.24425610       -0.82625048        4.86252808
      1        0.01953702        5.07553932      -10.18815769
      1        7.41373039        4.52266135      -13.52755162
      1        9.03913738        4.40744639       -2.65369347
      1        7.52021447      -13.46593058        2.90619405
      1       11.82460891      -11.91219634        7.80620703
      1       12.16963590        1.84099250       -4.03479279
      1      -10.04303803        4.17105541       -2.31152104
      1       14.01708874        6.52800401        9.19287646
      1        3.44546474       12.28823977       -1.28445365
      1      -10.25220452        1.71295268       12.31631251
      1       -0.43667078      -10.47025639       -8.70763419
      1       -0.44539126       -0.67674393       -2.71351776
      1      -11.46985063        6.85019929      -11.94924941
      1       -1.75990787       -1.33998970       -6.13273724
      1        4.69910971       12.71626185       -8.08978040
      1       -8.12707899        9.22338700      -11.35602350
      1       -2.28766967       -4.26163734       -7.92341239
      1       11.79694422       -0.35809813        4.89948100
      1      -10.22145348        9.78365635        9.58922863
      1        1.87100760       -8.29848279       -2.87753721
      1       13.64144911       -1.79523669       10.39470263
      1        9.03833356       -6.93342057        7.33446387
      1        1.97033884       -7.74958244        7.14425408
      1       10.80890703       -7.90278758       -5.50985223
      1        6.99389462       -4.83194629      -10.73268693
      1       12.04018306        9.64705499        7.50602862
      1        5.60313832        0.88253502       -1.27048647
      1      -10.90582346      -11.85774440       13.51912183
      1      -12.60358718       11.69048096        7.26523385
      1       -5.36672946        3.93385149        8.13169789
      1        6.07668844        4.33673639        9.60093619
      1      -11.67500058      -11.00801801       -7.51757068
      1       10.69547713       -5.71696876       -4.42232819
      1      -11.48659952      -10.03764166        2.28880924
      1       -7.23095671       13.59306905       -8.58242555
      1       -3.35235768        6.44220091        1.10588693
      1        0.74995003      -13.15667950      -10.96351008
      1        1.40080180        2.96687500       -3.75344228
      1       -9.47555701       -5.54858152      -12.92587830
      1      -10.82638029       -1.23089781       -1.08896998
      1        5.87623758       -9.88651723       -1.76268570
      1        9.14833339        8.89494742        0.15592091
      1       -4.06732653       -5.63648041        1.14647661
      1       -0.00796370        3.88603842       -2.01806712
      1       11.23695592        1.06641087        9.29037486
      1        9.15477597      -12.58346776        4.42761574
      1        4.59843185       -7.61817604       -7.80757993
      1        0.99575751        2.83856471       10.92452011
      1      -13.18334488       -0.56161916       -5.80684766
      1       -9.38841488       13.99185941       -3.95719464
      1       -6.90115673       15.35403388       -0.70369272
      1       12.50757837      -12.53499649       -2.71835369
      1       -6.07563622       -9.43990936      -11.05947073
      1       -7.32438932        6.40832871       -8.62691059
      1       -0.51835533        9.64493360       11.79944249
      1        5.32711772      -13.68892596        9.37842397
      1       -2.50163861       12.08820519       -9.50456777
      1        8.14558953       -6.80382879        3.49540520
      1        1.90899026       12.88175666        2.20544978
      1       11.96898177       13.25115677        6.01398376
      1        6.70231387      -11.59722850        1.63593505
      1       -1.55207967       -7.31594496       -1.60275345
      1        7.87616386       -4.96608671       -8.50825698
      1      -11.42802889        7.56904454       -0.75952070
      1       -8.15147064       -9.56180783        3.40568200
      1        0.72803300      -11.65380520        0.55722616
      1        0.95078235       -2.24527279      -13.84568956
      1      -10.48528858       10.05979558        2.59400029
      1      -12.77622920      -13.25544393      -10.11524573
      1       12.09397075       12.76470527        3.65569494
      1       13.12268381       -7.96425686       13.18537185
      1       -6.55324229        9.00205192       -5.56641067
      1       -7.18040570        5.28139880        9.04119768
      1       -3.71802015        7.54955169       -8.32009410
      1        8.47802692       11.87049822        6.88568440
      1        7.77126916       13.76339734      -12.35807073
      1      -11.57898351       -0.40405056        7.51692691
      1        1.82796536       12.84521549       10.52428374
      1       -1.76870078       11.51632724       11.04108581
      1        8.44095065        4.96628975        7.19154638
      1       -7.34811819        4.50495288      -10.11724943
      1       10.53179539       -9.10684357        0.86394854
      1        2.03219611       -5.01993431       -5.88162168
      1        3.31107101        2.58500597       -8.20493421
      1       12.77462226        8.19477163        5.78695748
      1       -7.68587551        1.93523155       -6.01603498
      1      -12.44687457       -3.92195868        3.88391031
      1       -4.38566086        9.81190967      -11.81888732
      1        2.31503269        8.86306554        3.11571317
      1       -5.23796486       10.24173396        2.72057386
      1        4.07547367       12.70111811       -3.50209979
      1       -7.08523521       -1.42008832       12.37536766
      1        5.40717254        8.64038201       -8.66984849
      1      -10.80547312      -12.34630770       -9.28130936
      1       -6.67623175       10.48251063        7.39325035
      1      -12.00997582        5.28373096       -1.34511167
      1       -8.75550260       -9.98587462        5.81657264
      1        1.66177577       -1.93186459       -2.20614667
      1       -6.19057607        6.51957019        2.47817172
      1       -4.12366379        8.19966480       -0.29234086
      1       -8.72137623        0.55778711        5.27551314
      1       -6.68803086       11.92504454        3.73917967
      1       -4.18150985        8.22628897       -5.91565546
      1       -6.50432226       -0.11137741        5.36707290
      1       -2.52576646        8.81345229        8.81479196
      1       10.81463902       -4.57744286       -6.60228553
      1       10.62544173        6.82430782       12.29440645
      1       -5.55155771       -5.99807913      -12.79176065
      1       -8.46689655      -11.67882751       -6.00572868
      1        0.46321024        3.21827310        3.74955824
      1       10.83798188       -0.89805209       -6.32927305
      1      -12.61869091       -8.37990583      -13.41325893
      1      -11.29798067       -0.04141331       -7.15708442
      1       -4.28674825        4.37680669       -1.84439658
      1      -13.12064392      -10.35187129        0.48267308
      1        8.69348517        0.55953337       -3.61044054
      1        5.49522222      -10.08608106      -13.03164057
      1        2.07236287        6.68077196       -8.06402132
      1      -11.49615247       -7.68284503        9.84737412
      1       10.20026672       -8.73500330        6.23790151
      1        1.23254901        0.00822862       13.21623624
      1       11.49955830       10.77252258       -2.12806904
      1       -2.34098179       -8.74008517      -11.84886862
      1        2.14892063       -7.58377803      -10.18244252
      1       -8.59507065        2.54750078        3.98231348
      1        3.56809043       10.06529065       -0.54844546
      1       -3.53554401        5.08534637        5.26958281
      1       12.46154085       11.88234612       -0.16652320
      1       10.30133932       13.41629350       -7.29721482
      1       -4.41405985        8.93642897        4.52944040
      1       14.04972546        1.98621563        6.12857250
      1       -4.42955251        7.54594948        8.11056465
      1       -0.18020974      -11.74256369       -3.55716389
      1       -0.74602933        2.68066848        5.78078015
      1        0.33783511       -6.39793339       -2.75525856
      1       -1.37157919        4.72384776       -8.15126940
      1        7.38973768       -9.80570394       -9.81947897
      1        1.55572287       11.76774074        5.99014597
      1       -8.67876876        2.06321268       14.23393829
      1        7.80186614        1.96948522       -7.38241380
      1       -6.73923344      -13.43340331        6.67328295
      1       12.87899999       11.83779962        7.69596216
      1       13.85089267       -9.09459770        7.82018944
      1        1.95907810       12.19543957      -13.93229718
      1       -8.48173343       11.58832237      -11.74120259
      1        8.44035489       13.64340823       -8.74845576
      1       -4.64308515        6.76026125       -2.18504076
      1        7.07324970       -5.90594242       -3.17004018
      1        3.46039913       -6.47622981       10.65834439
      1        1.11273735        0.57950242       -4.23985545
      1        6.06766764        8.86607487        2.42646532
      1        5.60162602      -10.59154345       10.85035404
      1       10.55412266       -1.77961903        6.74814900
      1       -9.26864715       -8.36351869        9.46572304
      1        9.28670500        1.60103497        0.10435741
      1       -5.35775077        2.56696392      -11.84100104
      1        3.67581353       -7.40096416       -4.05817376
      1      -11.92235553        3.32745411        5.46668118
      1        7.11673208       -8.83001833        4.25317796
      1       -5.06876449      -10.91100874       -0.79489290
      1        3.89557151       -7.52267675       12.78975902
      1       -2.15312638        9.66039727       -1.13799444
      1        8.93908666        9.08213968        9.42373616
      1        0.38778923       -9.89065011       12.31263727
      1        3.18883772      -10.69800205      -13.29294988
      1       11.05564644       -8.08811757      -13.32445775
      1        7.61275662        1.74621886        3.81852860
      1        2.47842393      -12.69863152        1.89980226
      1        3.68622173       -9.89483319        3.95750738
      1       -8.54673692       -8.92813093       -8.41090429
      1      -13.06766924       -9.62308476       -1.78059800
      1       -9.19759130       -4.61124647       -6.90644031
      1      -10.65232378      -11.24027207        6.66419452
      1       -6.92683167        8.74189571       -9.33573086
      1       -3.24371390       13.25139264      -11.51504419
      1        8.75500414       -4.34006502       -3.73389759
      1      -13.74105009        1.94001731       -9.05261247
      1       -7.86746111        2.85187419        1.61228819
      1       10.56799026        7.25443041        9.93947667
      1       -6.96736543        5.47909993       -6.44198913
      1      -12.24342101        2.87778432       12.87306271
      1       13.38657283       11.86580022       11.40938752
      1       -7.91069363       10.37897718        9.47032135
      1        7.42540735       -0.50968191      -11.47805068
      1        5.01140908        7.77655331       10.05660178
      1       -3.08484154       -0.89906275        2.64035705
      1        3.75617633        5.99694388        0.51285359
      1        4.18091924        5.72138639       -5.62119167
      1       13.70706710       -4.14025462      -10.05985987
      1        7.39794681        7.07486276        6.76426011
      1        9.69724946       13.78117089        6.23346744
      1        5.00541786        2.27352562       -4.57090242
      1       -0.46968962        2.36577534       -7.57711322
      1       -5.59616456      -12.15492730       10.33987000
      1       -5.97132952       13.74388806        8.86551454
      1        6.36052770       12.06240295       -3.96781541
      1       -3.64726509       12.36173047        6.17514867
      1        6.09663939       -1.29561887       -8.63849265
      1       -0.30813258       -2.63392830        2.39147233
      1       -1.83364856      -13.01824229       11.37456831
      1       -2.19577558       13.65419622       -5.84215517
      1      -12.57418626       -2.36139177        2.14649677
      1        4.47449267      -13.38094713        5.42066487
      1       10.31574160        6.23971613       -3.59234450
      1       10.94982739        7.89551161        4.22919711
      1       -1.41910682        6.51473560      -11.38105478
      1       -7.62026218       -6.80933957       -4.07056424
      1        9.45385696       -4.76054356       13.01868383
      1       -6.43734585       -4.02480304        6.03653647
      1        1.56898671        9.14513515       -1.56980710
      1       10.74515824        3.42296146       -9.93064596
      1       -6.91406231        3.68147203      -13.32760269
      1       -6.66422363       -7.60199327       -0.87533400
      1        0.07637974        6.21276008        5.17671560
      1        8.58233320      -10.78251690       -6.12367235
      1      -11.73664439        6.19288544        7.88305481
      1      -11.11504606       11.92229939       -0.64687445
      1        8.45820884      -13.12366121       -2.35914578
      1        7.57936924       -2.95925880       -5.29622064
      1       -1.12450965        7.83888308       -2.63977334
      1      -13.15832504       10.99323980        0.27756888
      1       11.65473530        3.10922365       12.37530201
      1       11.04007980       12.44642190      -13.17920809
      1        2.13245188       -9.73928457       -9.11102211
      1       13.85995526       -6.73515165        7.70108129
      1        0.64938981       11.32315050       -7.89946786
      1        0.57068863        4.15540602        8.79512053
      1       10.41033101      -13.07236197        0.88055125
      1       -0.09809058       -3.91208447        9.00790835
      1        6.19268976        5.50528862      -11.66138677
      1        0.94352348        0.95669537        3.00897189
      1        6.54919864        5.67053358       -5.88629968
      1        9.06813158        9.68256276       11.77880191
      1       -1.06304161       10.95928481        3.48673927
      1       -8.03449213       11.39557702        5.62876522
      1        2.42502671        5.59128971        8.46982519
      1      -12.35989516        0.01679276      -12.44020902
      1        4.14300876        1.15865396       -6.48067331
      1       -1.88931904       12.25969989        1.69478920
      1        8.75621987       -3.12049106        5.70348167
      1        2.62629143        4.57641502       -7.04588349
      1        8.13918691       -2.93318843      -11.64174217
      1       -5.66632672       -0.91742054       -7.95307854
      1       -5.44343250       -4.46709735       -6.37720105
      1       10.48220097      -12.37892794       -5.99397821
      1        5.10305831       -8.60056121        0.29894763
      1       12.70215807       10.23639587       -6.99544276
      1       -3.06488798      -12.15492390       -1.22491486
      1       13.39022581       -2.85156948       -2.77642942
      1        2.11411262        0.65959632       10.99700704
      1       -3.61951876      -12.34302036       -5.09286513
      1        5.94440366       -4.43142884       12.85424929
      1       -8.61317311        8.04625882       12.60636271
      1      -10.17399317       -6.32430358        1.88181110
      1       -9.10616245       12.44619188       13.91016290
      1      -10.98321445       10.72472453       -2.79318205
      1      -12.63670089       13.54459074        5.75584541
      1       11.80377346        2.37173281       -8.07863604
      1       11.50152694       -5.15055712      -10.39682860
      1        1.93089783        8.31073816      -13.52738365
      1       -4.30115019        0.67389712       -4.84503510
      1        6.93743377       -6.59527681      -12.35538571
      1        9.12201848        4.50065175        5.02816633
      1       10.53698303       -3.30537621      -11.68298180
      1        3.55828714        5.33939025        6.34891960
      1      -13.38824814        1.46477480       -4.44339356
      1       -7.71396044        9.91212489       -7.44793962
      1       -1.74045526       13.67351262        6.74695490
      1       -0.48743780       -1.20997691      -10.03322725
      1        6.84437173        8.20518430        0.26755332
      1       11.16932824        5.50786559        4.41277452
      1       -4.87975309        0.38941426       -0.28213977
      1       -3.81058218      -10.28734894      -10.77554873
      1       -6.75822778        4.78836483        0.76773073
      1        5.38354633        8.64889937       12.21139745
      1       -2.70297568       10.03949534       -6.35317013
      1      -13.79941134      -11.32149183      -11.01095805
      1        3.30730712      -11.22030884       10.23485266
      1        4.48826911      -12.55678318      -10.85341391
      1       -5.99389670      -13.95840437        1.00450165
      1        2.85818200        0.98089927      -13.12419653
      1        3.25011792        6.63331546        2.81210343
      1       -1.15276409       -0.04825889        9.48208817
      1        7.22274126       11.46529843      -11.68304940
      1      -12.61458815       -9.25970033        4.25680077
      1       -4.66837841        9.32107449       -9.51284910
      1       14.01454173        5.81188568        2.02408968
      1        5.01165751       -1.27334332       10.78436366
      1        2.91861341        6.56268468       -3.46229601
      1        0.82644008       -0.03447498        8.13318525
      1        2.17454769       -3.29421640        9.17324532
      1       -8.84207157      -10.62081412        9.88259554
      1       -3.13758206      -11.49269301        4.69463654
      1        1.14983829      -12.48480058       -1.68856828
      1       12.52114915      -11.16462726       -6.61719563
      1       13.61710863       -5.96780737       11.93333699
      1       -1.84716204       -1.84884949        0.56435272
      1       12.30941824       -0.53936723       -0.25950828
      1        2.90323387      -13.66188708        8.96340771
      1       -8.33282693       -1.52582492      -13.33055475
      1        3.27902914        9.05688925        9.06416494
      1       -4.74193650        4.40000517       -6.03550777
      1       -2.69940254       -1.09276232       13.33726691
      1      -10.09232092        7.12032818       -4.51688802
      1       -8.74332867       -5.09744621       11.67395474
      1      -10.72964810       -1.72815189      -13.21713061
      1       -0.97621981        5.99310929        1.12120723
      1       -9.89958606      -13.40377516      -12.86455192
      1      -13.44466941        8.80439766       -0.55143932
      1      -10.58660464       -0.75300855       -9.38710576
      1       -3.63939647       -0.04041749       -7.01230860
      1        0.42945786        2.94438174      -11.15883964
      1       11.39021987       -1.19035465      -10.98506224
      1       10.57804807       -1.28032519        3.03006350
      1       -0.57113244        7.99289851       10.03113094
      1        6.21089108        2.52138720       10.97537711
      1       -7.32312033        7.79641779      -13.09418631
      1       -5.54417509       -1.22141778       -4.10925193
      1        6.72066591       11.48465424        5.31850658
      1       -3.08367045       -5.53451466        3.35657103
      1       -5.56287929       -7.51819523        1.21692871
      1       -1.37715368       10.03323542      -10.21777536
      1        5.69089979        7.71555976      -12.35746049
      1       11.51609182       12.20645251       -4.04536791
      1        8.94149978       -6.87229741      -13.79378091
      1       13.82161564        5.29053860       -4.98749167
      1      -10.19978391        8.49908330       -2.54768937
      1      -10.48624481       -3.28161902        5.26223925
      1       -1.06698991      -12.88690737        8.85571677
      1        5.71591632       -9.06053046       12.67817341
      1       11.61110952       -0.00157200      -13.12716529
      1      -11.27791826       11.91956128        9.23446560
      1       13.79164051        1.24830124       -0.91918226
      1      -10.01937024       -8.46847103      -10.24747889
      1       -8.12395486        1.05175626        9.32717062
      1        3.96840168       13.03609428      -10.29654301
      1       -7.85811379        4.37298353        5.34890071
      1        2.92563110       -0.99327084        9.18153245
      1       -6.78995455      -12.00298850       -7.77286356
      1      -12.32169833        6.69304651        3.72545083
      1      -12.83626808       10.64134111        2.65677869
      1       -5.12148300       12.13194849       13.07779397
      1      -12.89207478       11.78744457      -13.24176757
      1        8.28644803       -5.50845152        5.52971181
      1      -11.95780516      -10.54461608      -12.52081169
      1        5.85345526       -5.61765675        5.58116703
      1       12.92958511        7.86895189       -7.65788195
      1       12.39913205        2.23032372        2.34342024
      1       -2.86407141        5.07265160       10.27406955
      1      -12.24975066        0.54949104       -2.35619337
      1       12.59118490        8.40328447        9.44499131
      1      -12.26372385       -5.41980724       -9.01905348
      1       -6.22989698        3.19378029       -2.58388490
      1       -2.52979384       -6.93383900        8.80876259
      1       10.38120420       -6.23309577        9.29162635
      1        8.91540392        9.56957164       -5.70210826
      1      -10.39818449        8.24084129        7.66741014
      1       10.10783356        2.80256363       10.46002556
      1       -3.93543508        8.05717457       12.87305373
      1       -7.24665131      -12.98494975       -3.02136630
      1       13.57029026       -5.99420297       -0.71469665
      1       13.49067241       -3.50999169        8.76600136
      1      -12.57609196      -11.82983257        9.97193183
      1        9.68414762       13.50771244        9.91774579
      1       -6.54681106      -10.44774769        9.00160499
      1       -1.03072347        1.57963018       11.28451225
      1        6.36628205       -0.58117435        6.68405465
      1        8.72801450      -13.14826559       11.79277355
      1        8.04619639       -6.76951456       -1.18623261
      1        7.73247549        9.16547215      -12.55429229
      1       -9.30188191       11.40807460        0.93027958
      1        3.94129164        7.84502948       -6.97128233
      1       11.93543906       13.19557216       -9.04094861
      1       -1.40981987       -6.19411367       -9.02628237
      1        0.51393628        8.20700115        6.45624696
      1       -9.50648611       11.66264485       -4.40534138
      1        4.70450411       -4.60490055      -10.19681198
      1       11.44655312       10.10261979      -12.91887455
      1       -2.20630163        1.11812763       -3.77474783
      1       -6.76765417       -3.81101929       12.25590420
      1       -1.62780265       12.36224121      -12.99662675
      1      -10.78074130       -0.37132345       11.24706742
      1        0.88340316        0.76511539        0.61314647
      1      -13.18126926       11.78278269       -6.80383581
      1       -4.92440326       -1.16675673        8.62283779
      1      -12.45867695        3.49274005       -5.32384491
      1       -3.73996571       13.47089860       -1.96239251
      1       12.97557412      -10.37686041       -8.94770427
      1       -1.14105420        4.80365299        6.78757713
      1      -12.85203565        5.77267807      -10.33933880
      1       11.63130751       -7.85319512        4.55267009
      1        3.58209089        3.37903712        2.91246142
      1        8.59292070      -10.37552207        5.43376474
      1      -12.23539776        2.41335321      -12.60497364
      1        3.97000653       -3.97904162       -4.77658775
      1       -9.97302364      -10.87394783      -10.99824126
      1       13.04981128       -2.45053511        6.54708636
      1       -5.35857746       13.47611067        4.91379143
      1       -5.16499437       -8.98308276       -2.18392942
      1       -8.46503533       -2.34923049       -6.84428520
      1       12.40356932        5.36684389       12.71783668
      1      -13.35773246        2.16107474        1.12348947
      1       -9.59831838        9.77362169        4.88616899
