 run_id:         1003
 total_energy:   -4103.5256057650640     
 P   27.848118434861512        27.848118434861512        27.848118434861512     
      1       -0.11970642       -8.78782156        6.79542535
      1      -13.08512360       -9.12031882       -8.04977534
      1       -7.81458393      -12.46923259      -11.83896285
      1      -10.24268051        8.32807634      -10.57300688
      1       13.07593778       12.84434614       13.51499484
      1        9.01411789      -11.08483078        0.77785887
      1      -13.86387712       -3.70175500       -0.69201731
      1       -2.91842673       -4.88789790       12.73887529
      1        0.74686887       -1.62652862        6.11437641
      1       -1.08339047        0.07538593       -0.53671378
      1       -1.48101667       -3.50542899       -1.30962518
      1       -2.75402420       12.94406981       12.73813552
      1       12.09567111      -11.52080906       11.65714164
      1        8.96123128        2.80665968       -4.37906654
      1       -5.62112158       12.07482790       -4.93504646
      1      -11.71809449       -6.11458249        8.05853432
      1       -5.34511106      -10.43494575        4.92567367
      1        5.60686083        9.33819602       -1.42443665
      1       -2.67743544       10.40849229        5.16275837
      1        8.68420936       13.05248401        1.24349799
      1       -2.34358904       -9.63864905        1.51052306
      1        3.12038388       -4.09786436        7.12348451
      1        4.94230629        2.56884523       -9.96566527
      1       10.53918996      -13.39906239       -3.74339163
      1        0.23149814      -12.80145948       -8.58062042
      1       -0.24174380        9.69831478       -6.28811434
      1       13.02790058       -9.52773262        3.61599072
      1       -4.98347663       -8.50890152        9.29176758
      1      -10.13120364        3.18218638      -12.23056947
      1       -0.31963231       -5.35729360        5.48882405
      1        4.89843122       -5.92805059      -13.51477499
      1      -11.05687792       -8.81357596       -4.86716617
      1      -10.83510753        2.83195481        3.41128201
      1        9.85139943      -11.14902223       12.41869063
      1        8.33485418        6.09982939       12.66920923
      1      -12.10086155       -0.63574260        3.71378917
      1       10.87724485        6.62841801       -7.45772632
      1        7.01766968       -0.66993237       -4.75905491
      1       -5.81017598        2.88567883       -9.54803618
      1       10.94950402        0.50951253        1.41580267
      1       10.90360518        7.18070917       -0.02003534
      1       10.78662683       -2.59612167        9.03746040
      1        4.58857241        0.80299832       11.55579575
      1        8.95373245       -8.98298420       -4.52908653
      1        1.15278540       13.03154705       -1.41756124
      1       -4.10918498       11.04502363       -8.09419611
      1      -13.34273725        7.71121492      -13.13116176
      1        6.72907953        4.97045121       -2.03053860
      1      -12.70629181       -7.32473690       -1.76466521
      1       10.08306375        4.88237755        9.08231898
      1        1.18864210       -9.34251024        0.87834052
      1        7.61592554        2.49389327        1.55020097
      1       -3.25824209       -7.65260219       -5.31440801
      1       -0.06494935       -6.17209535       14.77627987
      1        6.95800932       -5.82958814       11.16937704
      1        4.67136301       -3.09995504       -8.25026091
      1        1.81272148       -8.75059365        3.14918854
      1        5.72137642       11.80023488        9.45054225
      1       -0.37247705       11.79226966        7.40534164
      1       -4.41873936        4.44871031        0.41564159
      1        2.27608093        3.24658489      -12.63047301
      1       -8.99048690        0.73771660       -4.39450226
      1        8.14571933       11.66369981        9.39063971
      1        5.36937306        0.13880320      -10.43402399
      1       -7.38471114       -5.79266582       -6.24131201
      1        7.13647186        5.17555509        3.68335493
      1      -11.69303853       13.23874167      -11.72172232
      1       -3.13660256        7.15892567       -3.96203495
      1       -0.02552192       12.18735601       -3.27877855
      1        7.16828068        3.13664144       -9.33126200
      1       10.47383185      -10.43190621      -13.09540966
      1       13.98752870        9.78025131      -10.08476652
      1       13.39586803       -6.66222188        1.52842007
      1       -3.28804848        3.47799053      -12.77712862
      1       -1.48495461        1.93056559      -12.19141109
      1        3.00756199       10.72530167       10.80548564
      1        2.63430564       -4.29857880       11.27451863
      1        7.72548080       -7.83987588       12.24849983
      1        3.75633492      -10.92938069        7.68724964
      1       -3.97386550       -1.06244734      -11.26035320
      1        7.12482041        7.55308097        9.09175398
      1       -8.59551919        4.06954685       -6.09521443
      1       11.17304821       -8.71141058       -1.45455928
      1      -13.37652328       -0.41976606        5.80037333
      1        0.90835291       -5.64207429       -9.41275456
      1        5.62858694       -9.64307656        2.53024302
      1       -0.71357025       -2.49687283       -8.02939360
      1        9.60753473      -12.77026546        8.12703393
      1       -2.24291013        3.26672757       -2.75816810
      1       -3.70575926        5.80443258      -11.75459573
      1       11.93503007        4.58310283        2.41714425
      1        0.63160115       12.46225811      -11.93006484
      1       -7.74715573        0.39108365      -12.18344558
      1      -10.29231397        9.50353981       -7.35161901
      1       -5.16915090      -13.70038272       -3.83346715
      1      -10.02505180       -6.80903834       -3.98775358
      1       10.19595066       -7.96430879       -7.85700720
      1       13.14935698        9.49371778       11.48732103
      1       -2.20099482       10.18831731      -12.35442333
      1       -0.10878162        6.17595418       -1.26968901
      1       -4.79930989       11.77612279        8.16039358
      1      -12.68826494       -1.54742048       -3.61862580
      1        9.18193975      -13.06674945      -10.72701629
      1       -8.67517580       -4.76627881        5.14312229
      1       -9.87641495       -1.25047841        4.18394132
      1        2.99053724       -2.20911410        5.74288326
      1        9.77653587        9.83515288       -9.36073123
      1       11.45142578        5.34794535       -5.49637456
      1       -4.03033374        1.35531940        2.76862276
      1       -3.21780123       -9.12464311      -14.03058628
      1      -13.79169458       13.70963259       -8.08433632
      1        1.33537748      -11.97304988        7.73523123
      1       11.22457527        6.89983088      -11.15640195
      1       12.98165608        7.70288738        1.00191198
      1       -3.36700530       -2.91725693        8.54106596
      1      -10.58818446      -13.19005773        5.38334122
      1       -7.77912349        4.83302780       -1.61747529
      1        8.65483376        2.48486355      -12.95790740
      1       -8.78947974       -8.63279524       13.05291846
      1        8.88383949        2.08654748      -10.60558319
      1       12.77756229        5.90718375      -12.80398251
      1       -9.29210425      -12.15964824       -0.18540666
      1       -0.90995509      -13.30289892        4.68134938
      1        6.01877379       -8.48966390      -11.26917759
      1      -13.12717572        6.86998959       -6.54360488
      1        2.60228970       12.38972626       -6.87272809
      1       -8.05669917        6.38415063        4.04366894
      1       11.30955261      -13.88702056      -11.30685886
      1       -6.81649454      -11.08350385        6.67204667
      1      -12.87510760       -5.53213877       -6.74739628
      1        5.08007961       11.21031495        7.15302134
      1      -12.86980636      -10.52802026        6.25710952
      1       -2.70376899       -2.58469671      -12.57674326
      1      -10.95843735       -4.90069758       -5.22871515
      1        5.40608395       -4.48688934        7.60263960
      1        6.03085575       -6.43796091        0.18065092
      1        9.61246222        2.15791237        5.23973869
      1        2.83492938       -9.08887001       -0.77203471
      1        6.35628182      -12.81429882       11.37075351
      1       13.10504824      -11.88166413        3.79722634
      1        9.60964214       -3.25829458       -1.76018057
      1       -1.02651898        0.62988787       13.59980323
      1        9.25419759        9.78875466       -2.00784790
      1        3.96189393        9.14676579        6.89394274
      1      -10.84472034       -4.20881512       11.13225690
      1       -6.08664495        8.63175691        1.18029296
      1        1.94746023       -5.81486953        5.84148555
      1       11.47104622       -0.95447744       10.61818455
      1       13.70715414        1.77805111       12.21547003
      1        7.73043543        1.14029708        7.77295877
      1        0.26910378       12.13494886        0.57679122
      1        0.03420321        9.18485620        2.38752496
      1      -12.27727921       -7.04168518        4.90341025
      1        8.32228509       -1.98832825        3.64892737
      1      -13.49835635      -13.37081677       -4.07316899
      1       -2.95791807      -10.22087906       -8.55611694
      1        1.95441852       -2.77291860        1.59951155
      1        8.84634677        8.49006245        5.38863219
      1        1.53345410      -13.76365340       12.54588311
      1        2.16512166        6.85589976       -1.20546085
      1        4.44506476       -7.01117819      -10.06477477
      1        5.73639869      -11.44497552       -9.17127847
      1        5.07826395        1.29586916       13.83771401
      1       -0.24575473        7.18386392      -13.29814741
      1       12.95157932      -12.66863471        9.72447530
      1       -8.23630695       -4.06144801       -0.98946197
      1        5.97462413      -12.49111820      -12.70710839
      1       11.13737065       -9.13593918       -9.72888180
      1      -13.06647783       -9.48213762        9.94973760
      1       -1.17406380        7.26229532        3.10173128
      1       11.76336006       -3.40991028        2.80723438
      1       -7.16242207      -12.36062690       12.16929187
      1        7.31803065       -9.82849369        9.32519749
      1        1.57072975      -13.32762337       -6.50145645
      1      -11.63801787        9.68647529        6.17796876
      1        2.54205493       -6.39481926        3.57237213
      1       -9.59489289       13.49534435        8.78631646
      1       -1.95119358       -4.19182871       -5.43300984
      1       11.58112068       -9.58930654        7.97046208
      1       -2.08585312       -9.54053539        3.83261645
      1        8.26858431       -2.33916176       -8.87334090
      1       -5.10008292       -6.61084039       -8.94956978
      1      -12.38180957       -6.02282711        2.78822685
      1       -6.63410963       -0.79596268        3.04549410
      1       -2.60305161        1.61266111       -8.38183569
      1       -5.81223737        8.41372746        6.41270300
      1        0.80405752       -4.22163031       -1.64321069
      1       12.70886408       -9.29588459       -5.09058147
      1      -10.21623512       -5.05600701       -0.16190355
      1      -12.66317187        5.52636062        5.76276171
      1      -13.59532443       -2.14383881       12.68822543
      1       11.01436677        3.05086928       -5.72364755
      1       -2.00743912       -2.39431332       -3.59764401
      1       -6.09578120        1.06070815        1.67050292
      1       10.35063957        3.45979842       -0.91940547
      1       -9.57078108       -3.06267632      -10.37504615
      1       -6.39772773       -7.12062641      -10.84523489
      1      -11.29928882       -2.25301191       12.46891712
      1        3.36735987       -0.64794432      -11.45438417
      1        1.30348197       -9.79031746       10.13965320
      1        3.94256319      -11.27230991       -1.29352169
      1      -11.85863148        5.72884421       -8.26416633
      1       -5.70832970       -7.29551035       11.25717726
      1        3.61349267       -2.69902190        3.43087961
      1       -9.45219495        5.74385772       12.38811563
      1        9.14999400       10.71607780        1.85719273
      1       -0.70696188        5.69260907       -5.76596968
      1       -1.54486097        7.85036000       -9.23576579
      1       -0.37787354        5.36988415       13.08258815
      1       13.14454960        9.06705375       -2.53554348
      1        4.62303155        9.41506888       -5.23562864
      1       -2.92149108       -5.42406055       -1.03373262
      1        0.13978873       -9.68160751        4.63417704
      1       -4.63577416      -11.09032373       -6.94555326
      1       13.34917475       -1.76383100       -9.47430833
      1      -13.35100876      -12.50044075       -6.35390138
      1       -1.68723291      -11.81170415        0.77569298
      1        4.89473583        3.27695116       -1.46044352
      1        3.76464664       -9.06387285        6.22708762
      1       -7.35390100       10.61263536       -3.87727943
      1        9.95900905       -5.33288234       -0.57789960
      1       11.40382434       -1.66769450       -2.19252409
      1      -12.51874066       -0.21749493        9.67563163
      1        9.93684021        8.88529704      -11.53909679
      1       -9.59314864        4.46593505       -8.16375236
      1      -11.07241428       11.35196951       13.02839831
      1       -2.30319326      -13.32868401        2.52107878
      1        6.20353586        5.92880533        0.09152887
      1       13.86942861       12.17058414       -4.55863796
      1       -0.96239776       -7.34153234       -6.51668152
      1        7.88102249        5.64782379       10.32059448
      1       -5.19132344       -7.85729938       13.51850193
      1        4.27686164       12.30468804        2.21970295
      1        0.85174244       -8.92894372       -6.75600973
      1       -6.40469517      -11.49997802      -13.63656687
      1        1.76678112       -0.50066726       -9.66072569
      1      -10.68230686       -2.73026094       -4.10456390
      1       -7.66978896       -3.70733405        1.33796918
      1      -13.44949728        6.12389387       11.50106513
      1       -5.47594690       -2.39144499       -9.92622825
      1      -12.93150680       10.01654307       -3.97913455
      1       -8.22351629        7.84889639        5.95762619
      1        5.35706082       -9.03806467       -4.02205642
      1       -2.87295770        2.84171255        1.28040472
      1       12.12452173       12.93018722        9.72793930
      1        7.11507262       -2.74357868        7.44078389
      1       -8.76424823        5.71495830        7.41725898
      1       12.12168263        3.72119033      -11.83212279
      1       -4.98575055       10.02723597       11.88856193
      1        1.01778488       -8.10928768      -12.22242483
      1      -11.28065014      -13.51301534       -0.78156301
      1        3.15146005        1.16497357        3.74390813
      1        5.08100466       13.25620197        0.14847075
      1        5.81921010       -4.21658674       -6.39832213
      1       12.07194726        6.90135766       -2.13598458
      1        0.84945362      -11.82909769        5.34065146
      1       -3.09794075        0.47175768        8.17571065
      1       -3.12616956        5.28147767        7.83383760
      1       -4.72500884      -13.08503407        2.97277925
      1       -4.75678321       -9.74502988        1.23306123
      1       -6.69420151       -7.62614360       -7.52609756
      1       -2.46062075      -11.08895196       -3.31574050
      1       -2.87523075        1.64662935       -0.76193664
      1       -7.89733847      -10.82349537       -3.82145626
      1       12.91172041       -9.01947963        1.36263805
      1      -10.18459505       -6.44509140        6.18914501
      1        7.48736134       -0.99780017       10.77395396
      1        9.39667627       -2.68239776       -6.75198615
      1        6.92929140       -7.78863153        8.16451776
      1        5.53128062       -6.18221365        9.33205681
      1      -11.43838553        4.00116712        9.10687606
      1        5.21267015       10.98425608       11.91892347
      1       -6.24402374       11.84927327       -7.27710623
      1      -11.80015381       -6.27330263       11.76976662
      1       -0.07492026        9.82635222        0.05010659
      1       -5.56634514        3.80533384        5.75206163
      1       -9.67887716        7.22566797       -8.52103895
      1        4.76212380      -10.66375212       -5.69604808
      1        9.01791207       -4.80092645       10.64189032
      1       -7.41281453       -2.90765192      -11.46763774
      1        9.67526444        9.78647853        7.20782138
      1       -0.71721680        0.79891784       -5.70334974
      1        2.06813238        5.06525762        4.34770975
      1       -6.78435374        1.09707394       -1.56015571
      1        2.21040349        6.22420608      -10.36253712
      1       -4.96054714        7.71831984      -12.81007590
      1      -12.19313789       12.59323983       11.34769310
      1        3.23362122      -12.80236226       -3.07539065
      1        0.99861630       10.07651609       -3.99829076
      1       -6.49423924       -2.17288083       -6.27988069
      1       10.65797497       11.27540944       -6.04526922
      1        3.92839748        4.49842752      -11.23166964
      1        2.74249504       -7.26942979       -6.31179456
      1       -4.22399345       -1.92236183       -0.38870596
      1       -6.91001002        1.11443065       -8.27514656
      1       -0.12109101      -13.77384603       -4.81112152
      1       -9.81779988       -9.88319884       -6.61133179
      1      -13.28967021      -12.73340965        0.31476735
      1        0.70431205        7.47128312       -4.31117514
      1        4.61156202       -0.62310786        0.43007387
      1       -8.48361171       -2.28289730        8.39612480
      1       14.89231819      -13.00556459        2.61032367
      1        7.20865814       11.06496740       -1.98704248
      1      -10.23935171        4.36429594        1.71579303
      1       -7.66880382        7.07600666       -4.86938102
      1      -10.95908243       -3.87012600      -12.18320277
      1        4.00411301        9.98652574        1.87031564
      1        1.60657075       -7.48424300        9.50676105
      1       10.04541791        0.64222069        7.20059286
      1       -2.69648345        1.13972945        5.94667059
      1       -7.55826625      -10.75937990       -9.72046051
      1        1.00155366        3.05304678       -0.00489653
      1        2.98756047       11.11068803       -4.89074727
      1       -3.93969419       -5.36580974       -4.92304306
      1        1.30001153        1.79388986       -9.16370161
      1      -12.68749097       -0.21003925       -9.82514213
      1       13.29340650       -6.28966038        5.45011392
      1       -1.64125790       -8.66831524       12.11042153
      1       -2.58814062       -9.36710163        9.99113014
      1        4.25687334       -2.92147589       12.37598234
      1        7.81011759       -3.28687359       13.84663694
      1       12.67181131      -10.10279699       -2.78739635
      1        2.09528044        9.47862789        5.49664310
      1       -7.32504761       13.10279015       12.39388402
      1       10.01835845        0.84898819       -7.74412226
      1       -4.16711608       -5.07364438        9.11497323
      1        8.33225475       -1.15975023       12.95020739
      1       -4.19737409        6.20986299       11.68013668
      1      -13.13300299        8.81136801        4.47819351
      1       -6.12315773       -5.36502403        7.82254291
      1       -4.03255304      -11.36040901      -14.08966358
      1        3.77947050        5.17490915       12.58109482
      1       -5.23653450       -8.90924828       -6.09526458
      1        0.75945697        3.81918476       -5.86773282
      1       11.00049849        2.27604492      -13.37473322
      1       -1.05750737       -6.31910858       12.25799301
      1       -8.07271108       -7.27659005       11.20834369
      1       -2.74909513        4.93525300       -4.63395838
      1       -7.80668084        4.46154653       11.11659092
      1       -8.62721724       -8.03502672        7.15033159
      1        8.94554683       13.07769595       13.55198166
      1       11.47633804       11.15929500        1.98760983
      1       -8.93714044       -8.44954679       -0.64098577
      1       -0.68865834      -11.93572729      -12.46374105
      1        3.44460147       -1.75950792       -3.88169026
      1       10.14893881       -5.71149749       -8.49218134
      1       -3.66961397       10.88432277        0.84406842
      1       13.67848050        5.11872674       -2.51419261
      1       -1.74146982        8.76302375       13.67181438
      1       -1.35515755        9.66640707        6.96702254
      1       -9.60894310        1.09801000        7.38659121
      1       -0.78528007       -4.88806597        3.16804027
      1        7.94484717        0.29779754       -1.32376399
      1       14.20155991        3.11545548        8.36838480
      1       -7.95518867        8.96666950       -2.08438907
      1      -11.41023227      -12.85118709       -3.05944495
      1       -7.72927561       12.65571398       10.04934838
      1       -9.66426186       13.42082787       -8.40341975
      1      -11.67350317       -3.15524410        0.00652280
      1       -1.54343692       -2.38668769        9.94250248
      1      -12.44341421        4.34949578        0.79381269
      1       12.49832302        3.03265631       -1.96139412
      1       10.28788311       -7.33564083        2.63238387
      1       -1.55172764       -2.96762582       12.22312901
      1      -11.58993801        0.99993432        2.15271844
      1       -8.56928147        0.62792850       -9.89638534
      1        6.84830951        6.72874339       -3.73665338
      1        6.62308489      -12.11067378       -5.85562405
      1        7.97120985       -2.00922724       -0.62092898
      1      -12.22481638       -7.69426112       -9.72026869
      1       10.90668461       -0.16990875       -3.99529193
      1       -0.65118317        3.74811521        1.61134966
      1       -4.66518733        5.75624692       -9.48808716
      1      -13.39738892       12.75873592        3.63476396
      1      -10.73144468      -12.19827007        3.16976204
      1        6.37430489      -13.33482412       -7.86416314
      1       -1.70849119       -7.05555335        6.51352996
      1        9.11847283        8.23963948       -7.62900592
      1        4.02976354        7.32612209       13.71561812
      1       -0.33011950       12.71244186        9.62764273
      1       -3.17089151       -7.87645103       -8.14706521
      1       12.76436150       -5.66966803        9.60703903
      1       13.12553526       -3.99625762       -6.35324774
      1       -3.65749159       10.61490938        9.94853132
      1      -10.69347086       11.81855700       -6.60962054
      1      -13.52115688       -7.09941483      -11.62672306
      1        5.83013128       -7.94501342        6.07117229
      1       -0.76623214       -7.97835234        0.58748520
      1        4.29977248       -9.98072240       -7.93442964
      1        0.96386293       10.65186027      -10.27791111
      1       11.22427909       -5.44332160        1.56394811
      1        1.16995522       -9.98087951       -4.55003667
      1        3.98114884       -0.45444142        7.05877918
      1       -1.92427461       -6.39079610      -11.52322005
      1        7.36581512        0.55297762      -13.53588141
      1        4.66267224       -0.55900480        2.91863773
      1        5.56269564        3.60566785       13.14871170
      1        5.61590420      -12.41693082        7.34696089
      1        6.32322621        0.22866697       -6.85877919
      1       -0.31388061       -9.89253306      -11.22926041
      1        9.01607669       -9.39884137       10.97921361
      1        8.10220076        1.27909611       10.15835178
      1        1.66966563        4.08885018       12.98640965
      1        5.69658872        3.33522751        4.06912238
      1        7.56765881        8.32316346       13.00496015
      1        1.15819650        7.58148043        8.72696035
      1        2.20339203        8.62429271      -11.12272366
      1       -2.70558356        2.88234168       10.91556626
      1       -8.55586726       -1.00693791       10.43172872
      1       -9.35069496        2.81300384       10.31057267
      1        7.62840435        5.46662969       -9.66465765
      1       -9.28524806      -10.42618502       -1.86866929
      1       11.98798356       10.82765634       -9.13343956
      1        5.62213015       -2.74954330       -0.01337177
      1      -13.08067033       -6.34171822       -3.86800073
      1        3.23113475      -12.16502958       12.61285868
      1       12.41816917      -13.54810401       -0.46110986
      1       -5.76194080        0.42763299       10.32715123
      1       -4.83493792        0.10958725       12.84024755
      1       10.71570012       -1.26500595       12.94322031
      1        6.70279067       10.52111796       -5.76261934
      1        0.49443995       12.64612400        4.11684599
      1        7.74472834        9.92641626        3.76510800
      1       -8.12631840       -4.56838574        8.81727868
      1       -6.87542138        8.83722927       11.01697994
      1       -5.30263793       -3.56564693        1.01282550
      1      -10.42367578       -6.87338529       -1.63674139
      1       12.82415735       -9.28828675       11.28319547
      1        3.31152536       -2.41201928      -13.21580707
      1        5.75281828       13.14292368        3.95431567
      1        7.37661318       13.09658969       -0.73505498
      1       -3.40043634       -4.92713100      -12.75606350
      1       -4.88498210       -5.06316574       11.38873468
      1        3.57635876        3.92847160       -3.47528338
      1        1.01226443       -4.68149395      -11.57259112
      1       -6.56830981       -1.79748506        6.98360315
      1        8.41878228       -2.75787375        9.47269465
      1      -11.89012030       -3.92374272        8.93960721
      1       13.09215853       -2.36781979        1.11825162
      1       -6.97218503       13.24888895      -10.99166801
      1        4.50258267        9.12057113      -10.87669728
      1      -10.67236698       -2.48559279        7.48906467
      1      -10.41212309      -12.08150897        8.88161086
      1       10.22385394        5.07882808        0.82061980
      1      -12.43530031      -12.92702116       12.07882026
      1       11.18622109        9.12014431       12.76842512
      1        4.60948860       -4.98698769        3.58205827
      1        5.02133760        7.13646417        6.07344312
      1       -2.94574764       -8.70001136       -3.11100432
      1        6.67529944       -0.38441018        4.28664848
      1        9.51863786       -0.28539677       -9.85927629
      1       -0.08893610       -0.96440737        4.01614022
      1       -8.14280732        9.36421441        0.24820579
      1        2.08515418       -4.76615283        0.29317379
      1        6.14828988       10.82276217       -8.03318142
      1        0.70624772       -6.20480078        1.78866068
      1      -10.35395488       11.99703501      -10.26116832
      1       11.20213753       -3.42047551       13.90098058
      1        4.56047435      -12.39255653        0.68748992
      1       -5.72163834        4.33946629       12.42662532
      1       -7.75773378        5.51402949      -12.20159930
      1       -7.97432137       13.10195236        2.09047279
      1        4.89225742       11.37796781      -11.72863019
      1        5.11466384        0.02661258       -3.46932066
      1       13.32312884      -12.66904318       13.31455974
      1       -4.57553857       -4.86817864       -2.68751121
      1      -10.65797258        9.20923404       11.95430144
      1       -3.12694861       -7.54310002        4.65323379
      1       -5.71392028        2.52384511       -4.88572045
      1        7.76694554      -11.32802181        7.53069876
      1        5.41573418        6.93784069        3.73273819
      1       -2.26402529       11.67912729       -2.64413649
      1       -4.82293161        1.66126762        5.04054853
      1       -5.20337103       12.11058840      -12.29365067
      1       -0.11804458       -5.66300012       -5.00288075
      1       11.55093939       -6.39598952       -1.95500443
      1      -11.80969290        2.86360491       -7.76491637
      1        7.97206504       11.41340997       -9.43177453
      1       -5.05013483       12.30132951       -0.41588620
      1       12.04880159        2.04109238        4.73469525
      1       12.53183102        4.88821702        8.32686344
      1       -5.40405242       -8.06011613        5.06503313
      1      -13.22718826       -4.73221309      -12.18032426
      1        6.73328484      -13.44698108       -3.91591396
      1       -9.65260921       -8.64645914        1.67481516
      1       -8.54791655      -12.28318390        2.14648642
      1       -2.82557377       -2.76857913        6.16859540
      1       -8.24908053       -5.48622893        2.93038870
      1      -11.53462857        4.77448620       11.51398542
      1        9.44985098      -10.61790449      -10.82949746
      1       12.28511749      -11.97565176      -12.44853466
      1       11.95944936       -7.39169946      -11.22495078
      1       -0.20036633      -12.13817927       12.96521373
      1        3.39518302       -4.51346586      -12.15115512
      1       -8.65788234       -1.63030535        2.16853796
      1       -9.89873230       -5.04176041       -9.18229679
      1       -0.59405128      -10.27282758        8.70721490
      1       -4.26169026       -2.51467217       -2.72592559
      1       -7.56159004       -0.54378294       -3.05132301
      1       -3.02040058      -12.20636330      -12.06121451
      1       -8.87346410       13.40901454        6.51116260
      1        6.59012080       -5.46068153        2.26413781
      1      -10.43469592      -13.20397617       -6.14245237
      1        2.08778087       -8.86246384       13.68817300
      1       -5.39811894        0.31718702      -12.61164140
      1       -9.92352428        5.38826149      -13.07495649
      1      -11.46438596       10.04510039       -9.46842931
      1       -5.64297220        7.05705207        9.94870697
      1       12.54752551        9.18176401        2.76442755
      1      -13.97768815       -0.08317784       13.84849157
      1        2.88986443      -12.08477145        4.17321168
      1        2.40952957      -11.36391776      -11.07293580
      1        8.85429930        8.13305925       -3.74511982
      1        8.01957816      -10.95879222       -1.35600030
      1      -10.14792220       -0.93018512       -5.63759665
      1       12.84938395        5.77859393        6.14570431
      1       13.16437317       -3.99149398        4.74517960
      1        7.07330694       -7.60764314       -4.79399412
      1        1.59885612       10.15514974       12.73303233
      1       10.06153513        5.61249067       -9.51809972
      1       -9.09455467       -2.24441218       -2.32529775
      1       -4.30463855        2.12651194        9.36710205
      1        4.07232211        5.53554953       10.21338460
      1        2.74690654      -11.70944666       -5.09684821
      1        4.34922527       12.14394444       13.87538498
      1      -11.30520885      -10.44033101       -3.06262275
      1        2.32293408       -1.05694068       -0.04112934
      1       13.01649500       -1.67678914       -7.04106315
      1       -6.87053658       -9.19249790      -13.39555459
      1        4.42445360       -4.82814314       -0.65668487
      1        4.75468470        3.35164012        6.22913597
      1      -12.87018933        8.21849066       12.41706758
      1        7.06626396        6.99349361       -7.92030646
      1        6.70548759        3.32856273        7.58296848
      1        4.91835265        8.03500177       -3.34330663
      1      -13.54825526        3.47911242      -11.02768130
      1        3.32062987        3.67282079        0.45635339
      1       -3.84714687        6.87287618        3.30655559
      1       -8.78511738       -6.58463879      -10.74001375
      1       -7.31173134       -4.58646783      -13.28418048
      1       -3.80200392        3.80799121       -8.21815437
      1        1.29036692       -3.84504544       -7.79372447
      1       12.97661229       -4.76369304       -4.03874503
      1       13.43681414       -4.17772061       13.60012435
      1        2.61109673       -1.88511912       -7.86269429
      1        3.14651241        1.57271308        6.13417893
      1       -3.21672361       11.73898945       -4.84294781
      1        8.01311954       -8.84169538       -7.69141042
      1       10.95355625       -8.49378834        9.99586246
      1        4.69174355       -5.42748018       -3.02379700
      1        3.39806532       12.90189927        6.90050800
      1       -4.11688829        2.58521702       12.86064255
      1      -10.10548336        6.43324758        2.81428670
      1       -9.74390288        2.68423063       -9.93837691
      1      -10.09584935        1.76920892       -2.39910211
      1        6.99208578        3.30759048       -5.55028656
      1       -8.73931145        1.56846964       -0.31778919
      1      -10.05624833        8.12398493        1.15618626
      1       -4.61249207       -4.28694054       -8.58857773
      1       -4.87649532       -2.36180707        2.93830001
      1       -0.06005048        7.50580553       -7.35026832
      1        7.86567482        4.84838535        1.47240116
      1        0.63139013       -4.26119787       12.69121997
      1       -6.18793426      -11.05565519        2.72029106
      1        7.72605940       11.59322664       12.00913063
      1       -0.62696840       -3.45162415        6.72675381
      1       -1.05990004       13.12033910       -7.92920958
      1        0.97770993        2.13465330        7.17841422
      1      -10.08947209        3.43956934        7.10522973
      1       -0.38631434       -2.68384922      -11.88591014
      1       -6.80022876       -5.59453181       -2.17802656
      1       13.49995838      -12.53052584        6.04710739
      1      -10.68554306       -7.25674221       13.66491848
      1       -2.19876772        0.40300408      -10.44519951
      1        2.67418651       -0.55547291       -5.78562724
      1        8.94272257       -8.89048529       -2.13869899
      1        7.46482757       -3.27588317        1.77355537
      1       13.27982780        7.49555049       -9.98349065
      1      -13.17893599       -8.02738149       -5.82555636
      1      -11.71048002        8.52802968       -5.60164203
      1       -0.46087270       -6.17935613        9.86361220
      1       -6.54879215       -8.91193426       -4.10950413
      1       -4.33028586       -3.90664414        4.66674689
      1        6.66164437       -6.71839314       -7.01829724
      1       -3.53227768      -11.34991225       11.31742079
      1       -6.97763763        6.85157852       -2.62193159
      1      -14.22280783        1.43163903        9.86780667
      1       -1.75974893        6.04906213       11.22529803
      1       13.77321767        9.85835528      -12.39365339
      1      -10.39435996        4.68899486       -4.60671867
      1       -6.24531575       -7.64176319        7.28700674
      1       -9.08310093      -10.87021503       12.25096678
      1        5.05463590      -13.48375846       13.24866728
      1       11.12360643      -12.97533344        3.13865724
      1       -6.88671626       -7.49156501        3.19406162
      1       -9.93150149       -0.11712235        0.77459073
      1       -2.26403360       -0.85054141        4.81772889
      1        0.02578182        5.07839579      -10.15763230
      1        7.41039966        4.51268615      -13.52225303
      1        9.03010984        4.40920684       -2.63608078
      1        7.51020810      -13.47574275        2.92755736
      1       11.82616652      -11.92082590        7.81703463
      1       12.20120275        1.86001593       -4.02895275
      1      -10.07092225        4.17425687       -2.32415011
      1       14.02222501        6.51790426        9.21054286
      1        3.44098776       12.29414842       -1.27152727
      1      -10.12949209        1.72859970       12.28777467
      1       -0.43735512      -10.45545159       -8.70374508
      1       -0.45276506       -0.68651674       -2.71452687
      1      -11.45878045        6.83710259      -11.94799692
      1       -1.74289793       -1.36660821       -6.15472139
      1        4.70003293       12.71826088       -8.08711778
      1       -8.18698724        9.20161305      -11.35475720
      1       -2.29385078       -4.26252076       -7.94671126
      1       11.79251398       -0.33610715        4.94043280
      1      -10.18098825        9.75842099        9.59189598
      1        1.86024245       -8.28711143       -2.87567586
      1       13.69578228       -1.78280491       10.44143092
      1        9.05091501       -6.93475280        7.35402510
      1        1.96900312       -7.75259327        7.14242835
      1       10.80183377       -7.90470946       -5.49454065
      1        7.02683442       -4.83229971      -10.72300871
      1       12.02578070        9.63330873        7.51729857
      1        5.59813641        0.88132389       -1.26103180
      1      -10.90410408      -11.84540108       13.51449679
      1      -12.59301775       11.66342663        7.27491688
      1       -5.14526727        4.00007498        8.07806840
      1        6.03941618        4.31679803        9.62693238
      1      -11.68475004      -11.01831910       -7.49984570
      1       10.69079624       -5.71575885       -4.40825629
      1      -11.49153980      -10.04152099        2.29944757
      1       -7.25190703       13.58913037       -8.57714616
      1       -3.37248983        6.46728222        0.91759106
      1        0.74921069      -13.14059653      -10.95662940
      1        1.41177746        2.95110314       -3.75557374
      1       -9.47928745       -5.62643412      -12.82679625
      1      -10.86520964       -1.21714330       -1.10292448
      1        5.86912724       -9.88357771       -1.75433764
      1        9.12949359        8.88789123        0.17594853
      1       -4.09053668       -5.62959489        1.11093973
      1       -0.01613787        3.87087508       -2.04709937
      1       11.27236225        1.06490189        9.31845370
      1        9.15005361      -12.59219672        4.44372788
      1        4.60400284       -7.61634599       -7.80242308
      1        1.12891296        2.63653451       11.08957420
      1      -13.13042573       -0.47680001       -5.81405848
      1       -9.40116570       13.99621326       -3.94281918
      1       -6.91710646       15.37140644       -0.71164362
      1       12.49574203      -12.53937238       -2.70367376
      1       -6.07515363       -9.47235827      -11.06874869
      1       -7.00096219        6.34357083       -8.63755965
      1       -0.58239680        9.70636083       11.86852799
      1        5.31807304      -13.71040777        9.38214611
      1       -2.51155894       12.09031366       -9.48280067
      1        8.14490272       -6.80485245        3.51311475
      1        1.90454483       12.88774639        2.21123023
      1       11.97090191       13.24147486        6.02643258
      1        6.69769002      -11.60343742        1.65395523
      1       -1.57894639       -7.30423623       -1.62064447
      1        7.89398152       -4.95895955       -8.49335960
      1      -11.44339450        7.56996834       -0.75973537
      1       -8.16566435       -9.56660839        3.39365682
      1        0.71915350      -11.64633968        0.55992246
      1        1.01054766       -2.28221377      -13.80327205
      1      -10.48937317       10.05924730        2.60694463
      1      -12.78839749      -13.27592981      -10.10545520
      1       12.08855888       12.76025351        3.66829794
      1       13.13037429       -7.95457106       13.18974850
      1       -6.56410322        9.01423700       -5.55564016
      1       -6.97307180        5.30480332        9.05152871
      1       -3.70870331        7.59805539       -8.31576477
      1        8.47280537       11.85274904        6.89321244
      1        7.77249877       13.76085650      -12.36000779
      1      -11.60738388       -0.32612607        7.50326813
      1        1.81361864       12.82663276       10.53035200
      1       -1.80846421       11.56170526       11.06085917
      1        8.40074557        4.96293402        7.21586367
      1       -7.62408776        4.45361436      -10.00584496
      1       10.52593304       -9.11194815        0.88046708
      1        2.02207581       -5.02131165       -5.86886770
      1        3.34369332        2.58964062       -8.19854763
      1       12.76338769        8.18252740        5.80049670
      1       -7.66910270        1.91309079       -6.04366858
      1      -12.46920916       -3.92415359        3.88561586
      1       -4.46243029        9.83526843      -11.77005245
      1        2.29522277        8.86466290        3.14787263
      1       -5.24682593       10.26192963        2.70044941
      1        4.07261995       12.70646887       -3.48825407
      1       -7.00396663       -1.43587029       12.35000518
      1        5.41358485        8.64143519       -8.66328724
      1      -10.82327106      -12.36504821       -9.26361263
      1       -6.64258720       10.42601165        7.38412720
      1      -12.02652727        5.28423586       -1.33886785
      1       -8.76243279       -9.99140571        5.80545170
      1        1.65714167       -1.94012352       -2.21432635
      1       -6.27493586        6.56074151        2.38059535
      1       -4.17097909        8.26472691       -0.38074799
      1       -8.73662097        0.57125136        5.25847750
      1       -6.69668418       11.92600748        3.73921565
      1       -4.18893496        8.24342750       -5.91276638
      1       -6.51424404       -0.07383659        5.30942579
      1       -2.54337804        8.86466278        8.82866028
      1       10.82026329       -4.56637891       -6.58679399
      1       10.63506068        6.80643135       12.30874820
      1       -5.52374518       -6.05645157      -12.78377527
      1       -8.47637801      -11.68941532       -5.99789621
      1        0.43227070        3.18625341        3.68395622
      1       10.86191400       -0.87975529       -6.30649158
      1      -12.64765949       -8.41173044      -13.37436278
      1      -11.49445902        0.33395628       -7.46569140
      1       -4.30851145        4.34319846       -1.90839593
      1      -13.12942181      -10.35541963        0.49687297
      1        8.70168167        0.56356523       -3.58746352
      1        5.50315023      -10.08883215      -13.03237676
      1        2.07791535        6.69038105       -8.05250810
      1      -11.46230987       -7.66815777        9.86464432
      1       10.20576828       -8.74137007        6.25651605
      1        1.28394557       -0.03079812       13.31996552
      1       11.48568360       10.77003122       -2.11096697
      1       -2.33924559       -8.74624124      -11.85553609
      1        2.16280144       -7.58893676      -10.18233142
      1       -8.59446228        2.55956529        3.96712671
      1        3.55997548       10.07019609       -0.53091271
      1       -3.74728088        4.86160408        4.57700306
      1       12.44692822       11.87731643       -0.14786412
      1       10.29296764       13.41434439       -7.28934847
      1       -4.40987697        8.91926704        4.48148860
      1       14.08413444        1.98792929        6.16940097
      1       -4.25588463        7.42667952        8.07107926
      1       -0.19192539      -11.72335378       -3.55662222
      1       -0.83688370        2.68993777        5.68793045
      1        0.31701778       -6.39113265       -2.76231589
      1       -1.36571118        4.69844263       -8.13477756
      1        7.39312150       -9.80773959       -9.81323498
      1        1.53337652       11.74262391        6.00374105
      1       -8.58895620        2.09933988       14.23118651
      1        7.82580050        1.97349024       -7.37021668
      1       -6.74242489      -13.43355511        6.66730082
      1       12.88360841       11.81966790        7.70163172
      1       13.87082616       -9.09107755        7.83571017
      1        1.95490269       12.20632943      -13.92157338
      1       -8.51649162       11.57947389      -11.73487922
      1        8.43837652       13.64153963       -8.74715364
      1       -4.65431778        6.73918418       -2.21048670
      1        7.06874107       -5.90713168       -3.16074100
      1        3.46222762       -6.47449034       10.66060019
      1        1.11348234        0.56671853       -4.24154329
      1        6.03971553        8.84560757        2.45895947
      1        5.60734200      -10.60127874       10.85144420
      1       10.56989532       -1.79350758        6.78208569
      1       -9.24005912       -8.36837057        9.44117562
      1        9.26723967        1.60599507        0.13973681
      1       -5.27899281        2.55975129      -11.88129082
      1        3.66963316       -7.39569907       -4.05465766
      1      -11.89039486        3.33590892        5.49678667
      1        7.11680066       -8.83308711        4.26758479
      1       -5.08724739      -10.88976776       -0.80972790
      1        3.90763504       -7.52426554       12.78985625
      1       -2.16728335        9.69346036       -1.17115306
      1        8.90464225        9.05200355        9.42973986
      1        0.39731646       -9.88886546       12.31113676
      1        3.19544845      -10.70024547      -13.29465950
      1       11.06420731       -8.09197582      -13.31845043
      1        7.58091866        1.76029780        3.85687516
      1        2.47121421      -12.69303996        1.90502939
      1        3.68368077       -9.89664764        3.96459128
      1       -8.55247100       -8.94118323       -8.39084473
      1      -13.08142740       -9.62523454       -1.76678240
      1       -9.27977035       -4.54810671       -6.94196751
      1      -10.64477248      -11.25598891        6.67178905
      1       -7.05316199        8.70443045       -9.30309413
      1       -3.27076050       13.28099963      -11.47457693
      1        8.75118556       -4.34041172       -3.71701678
      1      -13.69114073        2.03657168       -9.12903991
      1       -7.89149436        2.86829234        1.58446473
      1       10.55510432        7.24124220        9.95479288
      1       -6.75125955        5.52423732       -6.38116265
      1      -12.14170494        2.85874635       12.83760797
      1       13.39261880       11.85479732       11.40693671
      1       -7.86173199       10.33193174        9.47164215
      1        7.46757883       -0.51012523      -11.45131933
      1        4.92672161        7.72723225       10.07028577
      1       -3.10829897       -0.87954603        2.59735694
      1        3.72486416        6.00006552        0.52064535
      1        4.19680193        5.73184704       -5.62247273
      1       13.72829766       -4.12902764      -10.03934083
      1        7.33273833        7.05950823        6.77619090
      1        9.69559104       13.76566988        6.24358001
      1        5.01402490        2.27407085       -4.56346420
      1       -0.39593008        2.36366061       -7.55373671
      1       -5.59923655      -12.14622425       10.32680041
      1       -5.97431730       13.74320543        8.85826544
      1        6.35754656       12.05907662       -3.95421777
      1       -3.65170452       12.35742858        6.16147876
      1        6.12933526       -1.29575713       -8.61975999
      1       -0.32410718       -2.65396152        2.34695788
      1       -1.83669308      -13.00176453       11.38059291
      1       -2.20781324       13.67955439       -5.84065528
      1      -12.60004920       -2.36404845        2.15251548
      1        4.45912831      -13.39808052        5.43481546
      1       10.31053151        6.23640161       -3.58020736
      1       10.92854799        7.88288978        4.25137145
      1       -1.44005456        6.53513876      -11.28727577
      1       -7.65931542       -6.76497520       -4.09625107
      1        9.48194505       -4.76335351       13.03327683
      1       -6.42562215       -3.98334058        5.94038529
      1        1.57169156        9.15733153       -1.57662339
      1       10.75850230        3.42252908       -9.92041446
      1       -6.78997459        3.70523127      -13.35359338
      1       -6.69368725       -7.58280224       -0.89675616
      1       -0.05686862        6.28985973        4.98523804
      1        8.57596741      -10.78351299       -6.11445873
      1      -11.73989357        6.19007852        7.90601864
      1      -11.13571266       11.92560852       -0.63833294
      1        8.44715797      -13.12831690       -2.34478569
      1        7.58858154       -2.95538403       -5.28257701
      1       -1.15029385        7.87414942       -2.68499284
      1      -13.17225220       10.98981933        0.29505618
      1       11.70958226        3.09966796       12.37705654
      1       11.03769550       12.43595458      -13.18467101
      1        2.13718871       -9.74041772       -9.10914127
      1       13.88841493       -6.72826321        7.72458485
      1        0.65477628       11.35138809       -7.87510417
      1        0.71501204        3.72182918        8.99470156
      1       10.40138839      -13.07718855        0.89760795
      1       -0.09922375       -3.93579694        8.98236907
      1        6.19732458        5.50539179      -11.65583080
      1        0.94258529        0.92503578        2.98404924
      1        6.56284392        5.67071659       -5.87618390
      1        9.05361446        9.65809036       11.78136539
      1       -1.07180640       10.99610302        3.47860378
      1       -8.01799371       11.36377784        5.63925669
      1        2.29401480        5.46428207        8.57358240
      1      -12.21338249       -0.03377006      -12.27383237
      1        4.16132950        1.15657201       -6.47543395
      1       -1.89670782       12.29234717        1.68732529
      1        8.76075634       -3.11968997        5.73165254
      1        2.65162235        4.58363870       -7.04639330
      1        8.18020740       -2.93155670      -11.62342335
      1       -5.61594482       -0.88009016       -8.03272192
      1       -5.55365659       -4.35523309       -6.41798672
      1       10.47090482      -12.38440641       -5.98118164
      1        5.09692307       -8.60017800        0.31028290
      1       12.68069083       10.24387607       -6.98863445
      1       -3.07988453      -12.12905484       -1.23668668
      1       13.36436833       -2.83979976       -2.75974669
      1        2.26787678        0.54850704       11.16151775
      1       -3.63402584      -12.31757518       -5.09754674
      1        5.97774924       -4.44271585       12.86610369
      1       -8.56461239        8.02589070       12.60221776
      1      -10.19650857       -6.31922271        1.87279187
      1       -9.11607478       12.44911468       13.91138162
      1      -10.99516596       10.72820417       -2.78359159
      1      -12.63570675       13.52697301        5.77094946
      1       11.86695856        2.40211687       -8.07873042
      1       11.52220841       -5.14309623      -10.37398359
      1        1.92185311        8.33449658      -13.49859677
      1       -4.32821600        0.60968371       -4.86471340
      1        6.96038419       -6.59859749      -12.34566775
      1        9.09129731        4.49856324        5.05392585
      1       10.58043227       -3.28748538      -11.65531277
      1        3.42932773        5.31101913        6.40537354
      1      -13.34220869        1.53965367       -4.47892160
      1       -7.77403751        9.90644592       -7.41696321
      1       -1.75068972       13.67698904        6.74620381
      1       -0.44895232       -1.22693171      -10.03753690
      1        6.82326167        8.19918830        0.29400391
      1       11.14941626        5.49637456        4.44159980
      1       -4.90957272        0.38590872       -0.31948942
      1       -3.80641567      -10.28441792      -10.76713316
      1       -6.78357695        4.79575434        0.71639514
      1        5.34979562        8.62070635       12.21021785
      1       -2.70930503       10.05846929       -6.34869494
      1      -13.81272644      -11.34252162      -10.99541970
      1        3.31204081      -11.22892610       10.23246000
      1        4.49233871      -12.55782773      -10.85273240
      1       -6.01150709      -13.94740805        0.99136421
      1        2.89970482        0.99702670      -13.06844081
      1        3.20720536        6.61985534        2.82894250
      1       -1.12521534       -0.11232695        9.42716917
      1        7.22496307       11.46414831      -11.68601472
      1      -12.61156664       -9.26368803        4.27258658
      1       -4.80393715        9.31623904       -9.48468555
      1       13.99430392        5.81119416        2.04188427
      1        5.06145707       -1.33739942       10.74672650
      1        2.93742980        6.55165073       -3.46502117
      1        0.78869380       -0.09403731        7.99244592
      1        2.16173663       -3.28565524        9.18191463
      1       -8.82521247      -10.62258951        9.88931052
      1       -3.13573694      -11.48455884        4.68691030
      1        1.14174878      -12.46753034       -1.68823895
      1       12.50784247      -11.17096544       -6.60324868
      1       13.66746695       -5.94829826       11.95559693
      1       -1.87726036       -1.85122215        0.54049926
      1       12.29018670       -0.52959482       -0.23525090
      1        2.89432213      -13.67837236        8.97006848
      1       -8.22809915       -1.53137870      -13.33268915
      1        3.10843214        8.94173213        9.12087560
      1       -4.64745936        4.30520688       -6.02548049
      1       -2.67215808       -1.11129593       13.34436700
      1      -10.08938722        7.12066572       -4.52944420
      1       -8.54888877       -4.93399471       11.08043958
      1      -10.62647071       -1.74311481      -13.19730462
      1       -1.00791701        6.00362052        0.99636226
      1       -9.91281370      -13.40102337      -12.86817905
      1      -13.46008527        8.80195881       -0.53577541
      1       -9.99659623       -1.07034724       -9.04966158
      1       -3.61233266       -0.07203259       -7.02087150
      1        0.45391582        2.95082346      -11.13551810
      1       11.45795272       -1.17411585      -10.95273420
      1       10.57592745       -1.26973675        3.06809251
      1       -0.78367725        7.98527052       10.19884623
      1        6.24473003        2.51788158       11.01636570
      1       -7.36533240        7.73864505      -13.05200156
      1       -5.66536194       -1.25530908       -4.21323019
      1        6.69527483       11.46046278        5.34765579
      1       -3.08921829       -5.54427913        3.31321064
      1       -5.58508336       -7.51045469        1.19115821
      1       -1.31554640       10.06666929      -10.17173670
      1        5.68594580        7.70985368      -12.35982122
      1       11.50390426       12.20301963       -4.02999949
      1        8.95564922       -6.87802849      -13.79199712
      1       13.82809503        5.26307193       -4.97519781
      1      -10.21995808        8.49660369       -2.55548023
      1      -10.51142631       -3.26327907        5.24350185
      1       -1.07196008      -12.88256875        8.85522711
      1        5.72648658       -9.06538309       12.67623250
      1       11.69613186       -0.00746732      -13.10915213
      1      -11.25735366       11.89147055        9.23941648
      1       13.76899420        1.26257158       -0.90231890
      1      -10.04640355       -8.52222163      -10.22461723
      1       -8.07617471        1.04880405        9.31543133
      1        3.97241955       13.03461222      -10.29676086
      1       -7.88369875        4.38256670        5.36182703
      1        2.82807087       -0.95284409        9.19881912
      1       -6.79748606      -12.00791124       -7.76386497
      1      -12.33602114        6.68844493        3.73971187
      1      -12.84401716       10.63096342        2.67521106
      1       -5.14446104       12.17063755       13.10367401
      1      -12.89061748       11.77983469      -13.24742402
      1        8.29272521       -5.50930761        5.54919774
      1      -11.96832062      -10.57430759      -12.50208743
      1        5.85687368       -5.61643803        5.59744124
      1       12.88499813        7.88053553       -7.65032433
      1       12.38828146        2.23432207        2.38163640
      1       -1.58149789        4.49865037        9.50477024
      1      -12.27690835        0.60273281       -2.36229617
      1       12.58022303        8.38614257        9.45280968
      1      -12.26752895       -5.44032963       -9.01131834
      1       -6.26429572        3.17470144       -2.61958714
      1       -2.55331983       -6.91925534        8.79453194
      1       10.41191674       -6.23575084        9.30760775
      1        8.90952165        9.56733522       -5.69190898
      1      -10.35975299        8.20210347        7.67961641
      1       10.13760601        2.80323971       10.47715944
      1       -3.94342566        8.16928122       12.99550821
      1       -7.26372896      -12.95753734       -3.03093219
      1       13.55039988       -5.99316232       -0.69981944
      1       13.51559776       -3.49989050        8.80872047
      1      -12.56327332      -11.82938434        9.97282975
      1        9.68307178       13.48838107        9.91941690
      1       -6.53633139      -10.43090309        8.98578409
      1       -0.93233841        1.41963346       11.30714224
      1        6.35613181       -0.57528150        6.71212914
      1        8.72955541      -13.16615267       11.79426317
      1        8.03695636       -6.77127038       -1.17494958
      1        7.72983090        9.16335058      -12.55932679
      1       -9.32423538       11.41916052        0.93749411
      1        3.94642314        7.85471160       -6.96357392
      1       11.92516988       13.19285750       -9.03583717
      1       -1.41000220       -6.19507579       -9.04388540
      1        0.41667600        8.12926630        6.49891083
      1       -9.51877347       11.66834906       -4.39386365
      1        4.73880439       -4.60847011      -10.18258066
      1       11.44676706       10.09334097      -12.92384485
      1       -2.22417906        1.05210552       -3.79246930
      1       -6.81672731       -3.85568310       12.31493399
      1       -1.64878069       12.40088568      -12.95774162
      1      -10.69089391       -0.36289182       11.23453231
      1        0.87743758        0.75165235        0.59208788
      1      -13.19555583       11.77748372       -6.78784523
      1       -4.90750529       -1.13241783        8.59577319
      1      -12.39367148        3.53043878       -5.47307206
      1       -3.75329207       13.49919396       -1.97681625
      1       12.96124278      -10.38995407       -8.93681370
      1       -1.78166018        4.85469720        5.87778370
      1      -12.91975840        5.75808224      -10.40804817
      1       11.63460442       -7.85622342        4.57237841
      1        3.52854232        3.38909116        2.91399149
      1        8.59453566      -10.38031374        5.44773288
      1      -12.21527269        2.35922499      -12.66112675
      1        3.96905980       -3.98157190       -4.77320918
      1       -9.98588421      -10.90854344      -10.98164882
      1       13.05520299       -2.46673023        6.58115071
      1       -5.36332524       13.47863259        4.90544653
      1       -5.19258194       -8.96195827       -2.20300846
      1       -8.80497595       -2.20056357       -7.10472859
      1       12.43969540        5.36272567       12.72246300
      1      -13.37918299        2.17137068        1.14059259
      1       -9.58578513        9.74669112        4.89660196
