 run_id:         1000
 total_energy:   -4066.1489143853937     
 P   27.848118434861512        27.848118434861512        27.848118434861512     
      1       -0.20305688       -8.78031461        6.82081223
      1      -13.06179410       -9.06939216       -8.13091913
      1       -7.83620542      -12.46175017      -11.93648379
      1      -10.15562676        8.08001354      -11.03823600
      1       13.08817761       12.70937134       13.56919339
      1        8.91402791      -11.08861426        0.74243662
      1      -13.83541640       -3.59862857       -0.71269940
      1       -2.96127934       -4.96488065       12.89839823
      1        0.74444574       -1.56684248        6.23703627
      1       -0.75855411       -0.00653965       -0.53315524
      1       -1.36985324       -3.47104374       -1.32767099
      1       -2.84563901       12.87748691       12.74395616
      1       11.85138223      -11.73615416       11.56729907
      1        8.65953784        2.94868262       -4.15020472
      1       -5.73765927       11.84565838       -4.92118845
      1      -11.70392465       -6.10916516        8.14541392
      1       -5.43297378      -10.51886178        4.85674316
      1        5.61594611        9.39404636       -1.24551411
      1       -2.81676886       10.36765919        5.14981134
      1        8.81569065       13.00476005        1.39161435
      1       -2.36984578       -9.70665343        1.45950434
      1        3.10175274       -4.13665247        7.09000670
      1        3.85022846        2.65285355      -10.86689948
      1       10.60165987      -13.42115833       -3.66245824
      1        0.24438783      -12.81029345       -8.58174256
      1       -0.17765843        9.72579716       -6.25040005
      1       12.91774769       -9.47770887        3.42799351
      1       -4.89551791       -8.57019443        9.40219440
      1      -11.41151302        3.65739070       -2.93504226
      1       -0.37088951       -5.30408693        5.57754982
      1        4.88333197       -5.94693348      -13.49583732
      1      -10.92497961       -8.77003695       -4.92958031
      1      -10.89305446        2.84604508        3.29711812
      1        9.78173596      -10.94005506       12.70328075
      1        8.33223035        6.04723120       12.78321236
      1      -12.16850283       -0.52165126        3.67216089
      1       11.09681800        6.65332457       -7.52424601
      1        7.05592712       -0.62225446       -4.77153079
      1       -5.96660924        2.81507958       -9.33247869
      1       10.91523397        0.48350879        1.46255713
      1       10.74282952        7.23838467        0.33375606
      1       10.87577455       -3.02349488        9.26694358
      1        4.08159502        0.80111518       12.02362934
      1        9.06302825       -8.90557970       -4.52615933
      1        1.09516506       13.03305371       -1.37879697
      1       -4.23369016       10.86874486       -8.17522022
      1      -13.30095868        7.70329230      -13.10299630
      1        6.55981414        4.98501976       -1.87995190
      1      -12.57650203       -7.25421661       -1.72516387
      1        9.84561532        4.62584892        9.28410293
      1        1.20120308       -9.37665080        0.85062813
      1        7.47866882        2.43248743        1.62408245
      1       -3.19242139       -7.60035795       -5.33456557
      1       -0.24489177       -6.44092151       15.06471903
      1        6.91005880       -5.80998380       11.21436091
      1        4.74371696       -3.04187923       -8.28228625
      1        1.77991626       -8.79787307        3.14902175
      1        5.28979141       11.72965480        9.38938009
      1       -0.52835572       11.74982951        7.41553980
      1       -4.37592474        4.41474842        0.16232338
      1        1.93997453        3.18714607      -12.79589289
      1       -8.93029331        1.39249705       -4.17489063
      1        7.66907794       11.49491619        9.47029209
      1        5.62054748        0.07717909      -10.58624832
      1       -7.27912818       -5.81092910       -6.28733315
      1        7.00467870        5.13803085        3.85167519
      1      -11.49951580       13.06684811      -11.76076946
      1       -4.26753662        7.82685620       -4.97765154
      1       -0.17996016       12.21554093       -3.20593692
      1        6.22080066        3.52219980       -8.91671295
      1       10.63741018      -10.37708631      -12.95382996
      1       14.07514706        9.66137823      -10.09397891
      1       13.32887012       -6.59109743        1.44501203
      1       -3.72819509        2.95374537      -12.83161747
      1       -1.71524908        1.65462899      -12.28279153
      1        3.07130411       10.76117269       10.71577114
      1        2.69143889       -4.33532410       11.20764214
      1        7.72172962       -7.77390893       12.31079581
      1        3.51939121      -10.85381059        7.75828737
      1       -4.18756714       -1.13147640      -11.22053639
      1        6.94881321        7.36932028        9.34859764
      1       -6.52560209        5.17913516       -9.51837975
      1       11.32311139       -8.63736647       -1.46489350
      1      -13.50806098       -0.31388021        5.72885440
      1        0.92835051       -5.63197961       -9.38408312
      1        5.57470909       -9.68905810        2.51643931
      1       -0.65476091       -2.44766523       -8.06579299
      1        8.87690754      -12.81278038        8.21333816
      1       -2.43770198        2.94946420       -2.71486822
      1       -3.29043861        5.21272936      -13.60716807
      1       11.91015479        4.56810668        2.43449164
      1        0.55453332       12.50027788      -11.94985028
      1       -9.31799056        2.07119226       -9.70034796
      1      -12.08587060        9.32662268       -7.40845641
      1       -5.18730023      -13.88968579       -3.93863128
      1       -9.93232436       -6.76485209       -4.01186115
      1       10.34764484       -7.98155484       -7.86950985
      1       13.10442682        9.37689478       11.51916592
      1       -2.26423258       10.15088224      -12.36653553
      1       -0.62214268        6.09105632       -1.40652544
      1       -4.92072304       11.71781921        8.09807743
      1      -12.27679249       -1.08802590       -3.21544073
      1        9.33502027      -13.10302453      -10.67277652
      1       -8.81110222       -4.63121982        5.31835000
      1       -9.94610769       -1.13752793        4.13513312
      1        2.94636970       -2.22793772        5.75842169
      1        9.93709004        9.80417194       -9.25995605
      1       11.33677473        5.58585122       -5.34827649
      1       -3.99273152        1.27976685        2.74694985
      1       -3.19984063       -9.10469502      -14.02951035
      1      -13.56006280       13.57954971       -8.17996907
      1        1.23457918      -11.98478153        7.70946834
      1       11.43910116        6.68794539      -10.79635120
      1       13.15364360        7.72766724        0.94155097
      1       -3.40031023       -2.90129450        8.66934726
      1      -10.59843951      -13.12678780        5.30036165
      1       -7.58533744        4.70315798       -1.65586423
      1        8.91490289        2.69312086      -13.06999346
      1       -8.79063306       -8.66471792       12.89636313
      1       10.05291174        0.98896332      -11.54825655
      1       12.77260988        6.13603224      -12.83539014
      1       -9.26539086      -12.16873778       -0.27105066
      1       -0.97327765      -13.35913793        4.66740061
      1        6.08685156       -8.52580169      -11.27502231
      1      -11.67327734        2.98578278       -9.16151185
      1        2.64039893       12.41841377       -6.86559566
      1       -8.18943208        6.39760945        4.00507793
      1       11.42657047      -13.98194144      -11.25754231
      1       -6.91935516      -11.09398906        6.60056560
      1      -12.66300265       -5.54420589       -6.72315774
      1        4.86288919       11.14004426        7.10328279
      1      -12.80629222      -10.36016508        6.20355112
      1       -2.79603043       -2.64776800      -12.45413907
      1      -10.74344196       -4.88148922       -5.34768110
      1        5.36768408       -4.52816679        7.60078889
      1        6.08958409       -6.47384500        0.14655969
      1        9.27409980        2.05029132        5.39639952
      1        2.86801575       -9.11507174       -0.80152185
      1        6.29438238      -12.80481886       11.28388257
      1       13.09257828      -11.82919913        3.62450922
      1        9.70577904       -3.23131210       -1.84060967
      1       -1.19818226        0.48910718       13.51957946
      1        9.20978900        9.88959723       -1.91663697
      1        3.78197037        9.06231939        6.96339753
      1      -11.11406892       -3.91120936       11.27585556
      1       -6.25419811        8.61195396        1.06648515
      1        1.88890531       -5.83784630        5.86264322
      1       11.55215720       -1.14749897       10.65950387
      1       14.07802186        2.03326873       11.94094372
      1        7.71932376        1.05932907        7.51680192
      1        0.19861584       12.15856837        0.63082851
      1       -0.05926939        9.14660996        2.43047772
      1       -9.88702407       -7.31625171        4.81574635
      1        8.32855307       -2.03897222        3.67483779
      1      -13.36665143      -13.31696816       -4.18082269
      1       -2.94434025      -10.23157095       -8.58271096
      1        1.97063492       -2.84872994        1.62715858
      1        8.53781379        8.32657508        5.73102958
      1        1.50134488      -13.78703356       12.56305933
      1        2.35520215        5.02709863       -0.79580875
      1        4.49020120       -7.03669730      -10.07499167
      1        5.85209245      -11.42431407       -9.16233758
      1        5.29325132        1.72063898       14.48359065
      1       -0.21562227        7.18991409      -13.15709696
      1       13.02600252      -12.78818919        9.51928289
      1       -8.21070928       -4.11178975       -0.99786807
      1        6.19952973      -12.52358747      -12.83029342
      1       11.27939279       -9.21675085       -9.75309880
      1      -13.15149156       -9.51804484        9.92638717
      1       -1.33275773        7.24191809        3.13592713
      1       11.72619311       -3.33444177        2.78775601
      1       -7.14245934      -12.43410210       12.10685308
      1        7.30377189       -9.81266280        9.31817352
      1        1.55297218      -13.34101168       -6.48588250
      1      -11.86487529        9.73472469        6.01952672
      1        2.53793886       -6.44364804        3.61611675
      1       -9.65855424       13.48027789        8.69194596
      1       -1.89190098       -3.97308571       -5.39898735
      1       11.45423334       -9.73466948        7.92315251
      1       -2.04618731       -9.74470306        3.78209852
      1        8.16060747       -2.64721841       -8.68319449
      1       -5.08752029       -6.56097309       -9.01069453
      1      -12.47701044       -5.92354314        2.71294705
      1       -6.72498900       -0.79978204        2.96878484
      1       -2.20495919        0.87244621       -8.34365228
      1       -5.97008150        8.33891695        6.43773990
      1        0.88151725       -4.30075852       -1.63876171
      1       12.83509594       -9.03994147       -4.99912941
      1      -10.18136130       -5.06216756       -0.02547623
      1      -12.74999685        5.49708140        5.76339152
      1      -12.77999876       -2.53371329       12.49331621
      1       10.54518506        3.39872645       -5.49746739
      1       -1.94485567       -2.20637574       -3.54571141
      1       -6.05240549        1.02894523        1.64304698
      1       10.15054574        3.47404689       -0.76073990
      1       -9.64770184       -2.95008376      -10.36900816
      1       -6.34901406       -7.13726591      -10.91399698
      1      -10.43831216       -1.92694653       13.80269302
      1        3.47577048       -0.49057030      -11.65166304
      1        1.29367522       -9.83154087       10.16801023
      1        4.01456195      -11.27973903       -1.30368858
      1      -12.38059588       -7.08074945        4.70779873
      1       -5.68963438       -7.25982343       11.29078211
      1        3.58825913       -2.76062273        3.46404953
      1       -9.38976831        5.57171356       12.55133399
      1        9.12721426       10.52996392        2.10838051
      1       -0.47027002        6.10547264       -5.60302468
      1       -1.64746490        7.85711640       -9.24230324
      1       -0.89861234        5.39060094       13.34614516
      1       12.88752793        8.99622584       -2.53307254
      1        4.67304007        9.51365461       -5.12408124
      1       -2.81296456       -5.40494192       -1.08227977
      1        0.13251071       -9.72990096        4.66874730
      1       -4.59267264      -11.11526624       -6.96289730
      1       12.78447428       -2.60266535       -8.84604947
      1      -12.61690461      -12.77274900       -6.49658213
      1       -1.71904550      -11.87344775        0.71736450
      1        4.92862625        3.07275014       -1.16161632
      1        3.66973793       -9.05278064        6.22998481
      1       -7.69435878       10.46368452       -4.06979930
      1       10.03059355       -5.29479006       -0.65109276
      1       11.47403900       -1.58158773       -2.22645176
      1      -12.66855309       -0.07519870        9.65602774
      1       10.09254474        8.67348755      -11.35465001
      1       18.97282704       24.63924670      -17.95409785
      1      -11.07012007       11.31527768       12.92842697
      1       -2.40912260      -13.32387173        2.49572379
      1        6.19813360        5.81761783        0.30121602
      1       14.20992837       12.13052792       -4.35924503
      1       -0.91076516       -7.29378577       -6.49140488
      1        7.73599042        5.45921364       10.52475147
      1       -5.18751526       -7.82949372       13.52890453
      1        4.25133464       12.28605040        2.27814413
      1        0.88496252       -8.91252479       -6.75348423
      1       -6.39489774      -11.51357789      -13.71886062
      1        1.91642361       -0.45368073       -9.78006044
      1      -10.56077966       -2.71112421       -4.22694435
      1       -7.74253234       -3.59792508        1.34233681
      1      -13.37194425        6.04598720       11.51707964
      1       -5.72900649       -2.38189420       -9.85458204
      1      -13.55297224        9.24953268       -4.48691727
      1       -8.39440233        7.79614224        5.98169659
      1        5.41738764       -9.02560373       -4.04852353
      1       -2.93732492        2.75494992        1.13837382
      1       12.23433681       12.80131083        9.84194364
      1        7.04634280       -2.78601639        7.38199040
      1       -8.94989139        5.68837406        7.49623878
      1       10.80113880        3.70622263      -11.23664020
      1       -5.11465580        9.94533020       11.86455129
      1        1.04932389       -8.26501079      -12.10668848
      1      -11.26584253      -13.47048947       -0.88417094
      1        3.09050832        1.09833381        3.85604914
      1        5.09378209       13.25562304        0.23210771
      1        5.87520162       -4.19858995       -6.43705388
      1       11.81662969        6.97508470       -1.88368835
      1        0.79672293      -11.89440824        5.32250302
      1       -3.21733769        0.49566157        8.22078956
      1       -3.36829502        5.22782169        7.86755309
      1       -4.87716792      -13.05292283        2.84808823
      1       -4.82080424       -9.76602658        1.22302535
      1       -6.61427165       -7.64376672       -7.57692673
      1       -2.49550735      -11.14948660       -3.38124721
      1       -2.70537211        1.38006304       -0.78660354
      1       -7.88535198      -10.84403533       -3.89720453
      1       12.86682048       -8.94063233        1.16510228
      1       -9.48411590       -6.14633441        7.17502278
      1        7.21919863       -0.97504167       10.70157581
      1        9.51570032       -2.64153119       -6.70297512
      1        6.89055052       -7.79317498        8.14781592
      1        5.52635037       -6.20036019        9.34819548
      1      -11.48620453        3.98066557        8.94909039
      1        5.20277486       10.84523716       12.13791959
      1       -6.41157909       11.63852849       -7.34560405
      1      -11.85826506       -6.23091499       11.72789038
      1       -0.11629447        9.83877697        0.11493117
      1       -5.72844474        3.77429748        5.79817963
      1       -5.24579477        6.82287429       -8.23241197
      1        4.79500386      -10.66924646       -5.69208221
      1        8.92455738       -4.74453595       10.69132219
      1       -7.54230184       -2.65690552      -11.47880803
      1        9.49596405        9.69476063        7.42974483
      1       -1.09682126        1.11717133       -5.60490880
      1        1.88078780        5.01357639        4.47817429
      1       -6.64138442        1.09652379       -1.63266807
      1        1.98826529        6.69573738      -10.56032149
      1       -4.60334570        7.33599848      -12.72498130
      1      -12.18990444       12.56860715       11.28967426
      1        3.20969191      -12.76843634       -3.02947653
      1        1.03794193       10.30798055       -3.86384316
      1       -6.53795950       -2.17606610       -5.87378564
      1       10.76122698       11.31452209       -5.89263738
      1        3.55460530        5.16241730      -11.83440340
      1        2.78740877       -7.25385684       -6.32638563
      1       -4.11792276       -1.95669475       -0.31544248
      1       -7.52249577        1.37423199       -8.19031454
      1       -0.17172941      -13.83485807       -4.82271337
      1       -9.76259760       -9.88089025       -6.71218717
      1      -13.25829594      -12.64277363        0.19833299
      1       -0.01532593        7.90010260       -4.03857998
      1        4.66472378       -0.75585319        0.47204666
      1       -8.54491991       -1.42700125        8.17436300
      1       14.91600972      -12.92701343        2.48191207
      1        7.18729122       11.13150795       -1.84915660
      1      -10.23877541        4.38286708        1.62622778
      1       -8.06250967        6.31685376       -5.09905623
      1      -10.84719841       -3.72633004      -12.39851951
      1        3.92774123        9.96801848        2.00581699
      1        1.59987860       -7.53138477        9.56200515
      1       10.16749642        0.20222290        7.26777195
      1       -2.79258806        1.05675972        5.96251273
      1       -7.53136718      -10.78148857       -9.78247301
      1        0.69708928        3.23375788       -0.12941615
      1        3.03756923       11.22556600       -4.82774683
      1       -3.82830195       -5.28425913       -4.93220976
      1        1.57920205        1.87593314       -9.27936752
      1      -14.27136758       -0.04615465       -9.55584216
      1       13.22812786       -6.28309664        5.40250260
      1       -1.57838914       -8.58587016       12.14467695
      1       -2.56279278       -9.42349536       10.08266034
      1        4.19419921       -2.94984989       12.42568345
      1        7.81486381       -3.26897257       13.75604529
      1       12.79006911      -10.02777217       -2.80040344
      1        1.93135000        9.41572048        5.54897084
      1       -7.29892207       13.03745866       12.28173449
      1        9.55312800        0.48033713       -7.70610519
      1       -4.12729409       -5.05520550        9.26186079
      1        8.18265856       -1.12116697       12.83218482
      1       -4.35474645        5.97581641       11.81110393
      1      -13.52373939        8.66606562        4.57225557
      1       -5.93174867       -5.39492181        7.79148884
      1       -4.01755117      -11.34418679      -14.15097425
      1        3.46927830        5.07066298       12.79837040
      1       -5.16459892       -8.91938605       -6.13245291
      1        0.84021740        4.10933901       -5.94869511
      1       10.22339085        1.82163763      -15.00814122
      1       -0.93791610       -6.24413007       12.64241158
      1       -8.03182846       -7.04918350       11.11838307
      1       -2.73874292        5.72412594       -4.74858664
      1       -8.04889672        4.05731969       11.20965640
      1       -8.28109404       -8.22313887        7.48439228
      1        9.23413204       12.98735671       13.20295736
      1       11.50060110       11.39930733        2.00378331
      1       -8.85431078       -8.40359154       -0.63136305
      1       -0.74726341      -12.00697485      -12.46419036
      1        3.50217274       -1.74794563       -3.97933286
      1       10.31090266       -5.73188482       -8.54600706
      1       -3.75212628       10.86494344        0.88023463
      1       13.30501204        5.16688281       -2.30854013
      1       -1.76963828        8.70215863       13.71379034
      1       -1.53452986        9.62456561        6.99369800
      1       -9.71539891        1.01977557        7.49577863
      1       -0.69144294       -4.91376918        3.20434448
      1        7.96743862        0.22843137       -1.26850660
      1       14.09845669        3.21506750        8.24679602
      1       -8.26916005        8.79364849       -2.35569552
      1      -11.33198740      -12.76031429       -3.12424040
      1       -7.79547257       12.60297307        9.96082946
      1       -9.39942275       13.77997582       -8.82471628
      1      -11.66170458       -3.17689376        0.10282265
      1       -1.60150938       -2.35860052        9.99837749
      1      -12.48141986        4.36196305        0.75956296
      1       12.20891188        3.06661454       -1.89981236
      1       10.23607987       -7.30835505        2.60633607
      1       -1.79113470       -2.98352742       12.22820061
      1      -11.66532175        1.04066245        2.02051860
      1      -13.79426099        2.75954022       -4.95763103
      1        6.88196833        6.80844622       -3.61069246
      1        6.68135853      -12.08385362       -5.82216554
      1        8.04864484       -2.08406253       -0.62105234
      1      -12.12199393       -7.72449012       -9.81662666
      1       10.83879436       -0.04634072       -3.93741544
      1       -0.82930537        3.78265492        1.61859735
      1        6.51812453        2.48605965      -11.11828597
      1      -13.38836001       12.87827858        3.51959487
      1      -10.69928675      -12.15432730        3.08586296
      1        6.48325377      -13.30499230       -7.83658770
      1       -1.82951079       -6.99324516        6.56043608
      1        9.29194670        8.25720443       -7.53368248
      1        3.85557390        7.12964279       14.01332549
      1       -0.44873672       12.67820851        9.63332201
      1       -3.21912761       -7.88158724       -8.16285393
      1       12.74011146       -5.54505716        9.51503953
      1       13.48119645       -3.97359729       -6.06969522
      1       -3.79736390       10.58143919        9.93652646
      1      -10.55501158       11.92681439       -6.51561515
      1      -13.39944422       -7.14932092      -11.74034967
      1        5.76422627       -7.98794848        6.06669606
      1       -0.76759773       -8.01912639        0.57094049
      1        4.37233589       -9.98559875       -7.93505347
      1        0.92604550       10.77290956      -10.26505809
      1       11.18161113       -5.39677547        1.54541643
      1        1.17619534       -9.99604491       -4.56712584
      1        3.92319690       -0.49312267        7.07416143
      1       -2.07824290       -6.53665491      -11.26834339
      1        7.52506022        0.62394040      -13.52438816
      1        4.59387498       -0.61913170        2.94744481
      1        5.45918386        3.69456991       13.18861936
      1        5.29895248      -12.36052064        7.29044291
      1        6.52670864        0.33146835       -6.88823580
      1       -0.33189277       -9.99154250      -11.18637126
      1        9.05843124       -9.30230376       10.97476856
      1        7.67049191        1.25710338        9.98861876
      1        1.19274990        4.11022945       12.93668740
      1        5.59190253        3.28434306        4.24337671
      1        7.55680560        8.23496314       13.15344257
      1        1.00797596        7.56963420        8.79091767
      1        2.29329616        8.97652712      -11.19956446
      1       -2.99222373        2.95969506       10.98283645
      1       -9.27093741       -1.35591706       11.55671643
      1       -9.64694843        2.38314017       10.11431982
      1        7.52239573        5.49645804       -9.49006849
      1       -9.19216876      -10.37341013       -1.88546586
      1       12.18009187       10.66746206       -8.88436601
      1        5.69426440       -2.85714683        0.01671414
      1      -12.92371778       -6.28577039       -3.82975696
      1        3.21634465      -12.20503536       12.64369525
      1       12.42953294      -13.42409993       -0.51671758
      1       -5.80626734        0.24981487       10.47978122
      1       -4.91457934       -0.03379129       12.88685238
      1       10.52538591       -0.72811098       12.82705919
      1        6.76827194       10.59249998       -5.69470482
      1        0.41073934       12.59806522        4.09184325
      1        7.61535716        9.80392495        3.99252108
      1       -8.01228996       -5.40024090        9.08219864
      1       -7.06313858        8.76548691       11.09711437
      1       -5.33587716       -3.59844746        0.90974087
      1      -10.29280596       -6.78750851       -1.62530677
      1       12.73051395       -9.39923165       11.24591337
      1        3.23361118       -2.43084560      -13.22726114
      1        5.73543705       13.09159400        4.01644897
      1        7.44031733       13.12548709       -0.57214735
      1       -3.39225326       -4.99643689      -12.59363284
      1       -4.93183183       -5.02709569       11.50730301
      1        3.44814290        3.85695945       -2.98719023
      1        0.96691018       -4.79307661      -11.60243434
      1       -6.53528894       -1.66477146        6.92808140
      1        8.28518788       -2.68181197        9.42161860
      1      -11.84318008       -3.88563492        8.94181188
      1       13.07813478       -2.30243355        1.10811544
      1       -7.05369191       13.21400344      -11.08829465
      1        4.60103919        9.24723532      -10.82340474
      1      -10.73499449       -2.35531622        7.47150898
      1      -10.45622401      -12.09028039        8.80482062
      1       10.10601068        5.06563207        0.99022419
      1      -12.47999722      -12.97148464       12.01891892
      1       11.15169581        8.98806873       12.81840451
      1        4.59720366       -5.03414284        3.57362714
      1        4.82877370        7.04421569        6.21401194
      1       -2.91988003       -8.72663620       -3.14967987
      1        6.60797725       -0.49113321        4.24779173
      1        9.40885225       -0.83232017       -9.66856714
      1       -0.13768138       -0.99309481        4.10370968
      1       -8.27805512        9.27407201       -0.00577482
      1        2.13930340       -4.83674774        0.30836291
      1        6.26779794       10.92073789       -7.97730613
      1        0.74725216       -6.25935016        1.79493378
      1       -9.89307636       11.79397654      -10.52056486
      1       11.34992663       -3.14387778       13.84361261
      1        4.57116321      -12.37968351        0.72056121
      1       -5.98063939        4.19196218       12.58714946
      1       -8.79665296        6.02028229      -10.77824354
      1       -8.01648184       12.99769518        1.93932155
      1        5.06776336       11.44702388      -11.68310130
      1        5.13214653        0.03934427       -3.49986382
      1       13.25519511      -12.81339760       13.21980280
      1       -4.49698957       -4.86952565       -2.69661704
      1      -10.77701559        9.18816069       11.82228224
      1       -3.03371304       -7.77311568        4.59388484
      1       -5.42533132        2.65178005       -5.13151138
      1        7.39501648      -11.23288902        7.39761828
      1        5.27042155        6.88146470        3.89077960
      1       -2.37963080       11.54937267       -2.47379637
      1       -4.86799261        1.67224571        4.99575062
      1       -5.32537810       11.79049580      -12.30917561
      1       -0.09650076       -5.56361849       -5.02048145
      1       11.64734203       -6.30435410       -2.04090308
      1      -17.41808263        7.31482587      -23.14971605
      1        8.12412186       11.40131677       -9.39475022
      1       -5.08971736       12.20225407       -0.49372368
      1       11.88008649        2.28464340        4.79479298
      1       12.36431195        4.90358550        8.50978780
      1       -5.28898591       -8.16796284        5.08151475
      1      -13.08262999       -4.73240620      -12.31302707
      1        6.82849865      -13.43885351       -3.88713840
      1       -9.59362395       -8.59430155        1.67982996
      1       -8.55848976      -12.40549469        2.03983482
      1       -2.66111555       -2.91102689        6.41993864
      1       -8.24863751       -5.28963264        3.05882611
      1      -11.35233913        4.84511768       11.32544498
      1        9.53825349      -10.65854312      -10.77501578
      1       12.36184603      -12.08830293      -12.50288490
      1       12.10405809       -7.52892397      -11.29155847
      1       -0.24240710      -12.16538670       12.96692923
      1        3.35820716       -4.53560188      -12.14313606
      1       -8.79579473       -1.49877289        2.07519771
      1       -9.84331528       -5.09180887       -9.37930332
      1       -0.60860487      -10.29752728        8.73096688
      1       -4.18610585       -2.53829471       -2.61285839
      1       -7.76097434       -0.46079264       -3.07291705
      1       -3.08990714      -12.31470845      -12.10846937
      1       -8.95229707       13.37941300        6.41384103
      1        6.57956292       -5.47508252        2.23736947
      1      -10.24575326      -13.50054560       -6.48525575
      1        2.09040475       -8.90700074       13.74133196
      1       -5.66126508        0.22394639      -12.60501810
      1      -11.00941788        4.61598983      -11.08893947
      1      -11.24471900        9.79939127       -9.69954679
      1       -5.86711535        6.90922893       10.08718149
      1       13.09066286        9.47765098        2.61149162
      1      -12.80920262       -0.05360856       13.07331392
      1        2.82822725      -12.11698165        4.14340211
      1        2.50688011      -11.40226458      -11.02781166
      1        8.82494893        8.27763689       -3.64526532
      1        8.09913706      -10.91595298       -1.45570895
      1      -11.03452159        0.44855836       -5.11342868
      1       12.79140969        5.63140695        6.28704021
      1       13.09166307       -3.95934766        4.71953312
      1        7.14481330       -7.59206289       -4.82540779
      1        1.58402127       10.18837667       12.67179397
      1        9.97094588        5.11018469       -9.27375204
      1       -9.10231013       -2.30645453       -2.31403055
      1       -4.52292461        2.07871848        9.44228558
      1        3.85165588        5.45527147       10.40911764
      1        2.76567423      -11.71834934       -5.09264922
      1        4.33858610       12.10623112       13.96928572
      1      -11.18073824      -10.36551296       -3.11750552
      1        2.39938497       -1.16457880       -0.00641619
      1       13.18660067       -1.56467077       -6.61291489
      1       -6.89426279       -9.20974516      -13.48925628
      1        4.46962225       -4.89092654       -0.69175526
      1        4.60641200        3.29886110        6.38748938
      1      -12.88465154        8.15126908       12.41073023
      1        7.16664162        7.15451926       -7.83854553
      1        6.49651612        3.22046125        7.81489163
      1        5.04613482        8.15975152       -3.19770052
      1      -14.70100373        3.81064077      -12.22779218
      1        3.30750423        2.53022631        0.70111156
      1       -4.00918453        6.81024740        3.30282532
      1       -8.71094531       -6.55480365      -10.97423044
      1       -7.20945049       -4.39317153      -13.13907060
      1       -4.27782487        2.25562651       -7.68773673
      1        1.37149517       -3.78213090       -7.82006034
      1       13.12546192       -4.68404227       -3.80262725
      1       13.56055772       -4.09112601       13.52334360
      1        2.69356973       -1.79106089       -7.90205858
      1        3.01981531        1.52805991        6.23145805
      1       -3.83109229       10.02708000       -3.77353503
      1        8.12430660       -8.80718500       -7.68035672
      1       11.00361666       -8.28567883        9.94158140
      1        4.76463914       -5.42783412       -3.07420426
      1        3.22101863       12.85084617        6.85575886
      1       -4.44880153        2.36909844       12.82424741
      1      -10.21908974        6.45670051        2.74480468
      1      -33.28969483       -4.57315623        4.08409072
      1       -9.25090752        2.97456687       -2.31122159
      1        6.77016701        3.50870648       -5.38013072
      1       -8.59394590        1.71233560       -0.30425482
      1      -10.17110350        8.06453023        0.97319172
      1       -4.67485729       -4.22429077       -8.54027384
      1       -5.05017244       -2.45783671        2.90626683
      1       -0.00499020        7.60176585       -7.42795836
      1        7.79821598        4.76414186        1.67607837
      1        0.48955364       -4.12262850       12.26219551
      1       -6.46252704      -10.96816552        2.67419262
      1        7.68309847       11.45478030       12.05154429
      1       -0.47514886       -3.44737745        6.96899823
      1       -1.08572604       13.12325788       -8.02919707
      1        0.83046084        2.14765114        7.22170388
      1      -10.13409253        3.36599176        6.93986083
      1       -0.40815202       -2.81574048      -11.95465316
      1       -6.72811655       -5.60988939       -2.20675140
      1       13.78614541      -12.31099499        5.81752463
      1      -10.70199907       -7.32140267       13.57174183
      1       -2.18868611        0.06883465      -10.56336513
      1        2.70321084       -0.41111231       -5.82915800
      1        9.06630277       -8.84472520       -2.13747505
      1        7.57993449       -3.33829416        1.76611092
      1       13.63383053        7.31978206       -9.82141248
      1      -13.02313657       -7.96375713       -5.87690921
      1      -12.92582124        7.03601899       -5.55266395
      1       -0.45297055       -6.28308991       10.08823930
      1       -6.50643221       -8.94205540       -4.16650564
      1       -3.67783693       -4.96127211        5.81416844
      1        6.71546352       -6.65752857       -7.03849009
      1       -3.56837751      -11.44008607       11.26581843
      1       -7.19091095        6.70561894       -2.88085708
      1      -14.36715473        1.54626978        9.70187982
      1       -1.92442190        6.09545847       11.28725358
      1       13.79083074        9.82932861      -12.40614770
      1       -8.96641974        4.39002953       -6.27544073
      1       -5.94926552       -7.69243056        7.33904086
      1       -9.07167674      -10.95014740       12.22375906
      1        5.02150889      -13.55693345       13.23642584
      1       11.07138443      -12.93337240        3.16422818
      1       -6.51072968       -7.01126133        3.27439032
      1       -9.99597284        0.02018532        0.59094739
      1       -2.33281609       -0.99782762        4.91603282
      1       -0.94700135        4.32082239      -10.00132629
      1        7.32737546        4.54120861      -13.45335342
      1        8.85719086        4.51319785       -2.43243651
      1        7.52452550      -13.54665115        3.01893741
      1       11.97946860      -12.31202328        7.40557305
      1       11.91693664        2.08540621       -4.07205229
      1      -11.23726798        4.49373248       -5.24546030
      1       14.01797350        6.47048222        9.25043883
      1        3.42526885       12.32502201       -1.19503882
      1       -9.56845847        2.19049123       13.16280118
      1       -0.41863032      -10.47020393       -8.68239503
      1        0.00079399       -0.77491774       -2.71053326
      1      -12.16959231        6.76341533      -11.16740616
      1       -1.95366052       -1.21418825       -6.34207989
      1        4.77714486       12.78110542       -8.04294827
      1       -8.48750354        8.67162266      -12.83924894
      1       -2.31382068       -4.17365282       -7.91362956
      1       11.63674190       -0.14994976        5.14573353
      1      -10.28678976        9.78440631        9.48639634
      1        1.90009688       -8.30413857       -2.91153420
      1       13.86131037       -1.82067096       10.50041737
      1        8.99786379       -6.94486888        7.32467962
      1        1.88701919       -7.75552875        7.18152023
      1       10.88730892       -7.78130741       -5.50146308
      1        7.01285605       -4.92324716      -10.78155151
      1       11.86493517        9.50308333        7.58869607
      1        5.62679119        0.71726491       -1.23574682
      1      -10.89685770      -11.94868738       13.44503811
      1      -12.72102728       11.70547013        7.17577893
      1       -5.38186481        3.92910489        8.14314318
      1        5.81159015        4.16768715        9.90283576
      1      -11.62230968      -10.87935469       -7.71702884
      1       10.85842794       -5.49019878       -4.67448188
      1      -11.45027023       -9.99613342        2.22894513
      1       -6.99768557       13.60971816       -8.68677066
      1       -3.50872458        6.44397957        0.89586047
      1        0.77832791      -13.12554757      -10.95721177
      1        1.31668745        3.04316058       -3.85333342
      1       -9.45007549       -5.52573747      -13.06211101
      1      -10.90964784       -1.35547328       -1.14873610
      1        5.93004196       -9.89108282       -1.79360714
      1        8.91538270        8.91044144        0.20631008
      1       -3.99458479       -5.59568682        1.03320524
      1       -0.31501801        3.81019602       -2.25659235
      1       11.22476674        0.82560393        9.37071758
      1        9.12399138      -12.62327986        4.53055136
      1        4.66790540       -7.61348200       -7.80273688
      1        0.79167280        2.63855420       11.05728702
      1      -12.95814825       -0.02644821       -7.45037962
      1       -9.43194516       14.00199550       -4.08460614
      1       -6.92487505       15.30910278       -0.84444955
      1       12.59474041      -12.46971905       -2.78523622
      1       -6.06526074       -9.49916130      -11.15180032
      1      205.09680317     -261.96568625     -213.28298156
      1       -0.64224807        9.70111339       11.90014630
      1        5.07733663      -13.72121918        9.30438297
      1       -2.61738350       12.02866497       -9.49596075
      1        8.08990617       -6.83793849        3.48591781
      1        1.87512736       12.87514501        2.22954674
      1       11.85103206       13.20351655        6.18221191
      1        6.69543531      -11.67061779        1.76621065
      1       -1.52941926       -7.33361490       -1.66062528
      1        7.99611804       -5.14200542       -8.61846023
      1      -11.55375051        7.53691858       -0.97121760
      1       -7.98591463       -9.01960166        3.43129481
      1        0.69669314      -11.67376696        0.52313284
      1        0.94833338       -2.44404896      -13.89886833
      1      -10.51038538       10.03097864        2.41898726
      1      -12.61945881      -13.37583033      -10.24094122
      1       12.11093089       12.86753423        3.78154643
      1       13.11005044       -7.96765810       13.07193287
      1       -7.65648731        9.49859481       -6.28063801
      1       -7.22394554        5.14436537        9.19690076
      1       -4.12162402        8.73521906       -9.33658486
      1        8.36596612       11.79225812        7.06075896
      1        8.08416337       13.65296210      -12.38441521
      1      -11.79988247       -0.25382493        7.47627254
      1        1.69609474       12.78640705       10.54479610
      1       -1.92374981       11.50289027       11.05501718
      1        8.19325210        4.81827756        7.41056786
      1       -3.40048529       11.49076526       -5.81921262
      1       10.38248154       -9.07762845        0.87035255
      1        2.06659992       -4.99458608       -5.89771767
      1        3.78770710        2.94963978       -8.22297833
      1       12.44434188        7.97172114        5.86975769
      1       -7.69504808        2.39284181       -5.98594033
      1      -12.54419798       -3.85826256        3.88867625
      1       -4.43777280        9.51408577      -11.64104276
      1        2.18496690        8.82770892        3.21221939
      1       -5.38235217       10.18317325        2.64647283
      1        4.10515324       12.77942067       -3.39741080
      1       -7.17562109       -1.29676424       12.75569594
      1        5.47690558        8.77553434       -8.59256019
      1      -10.74686721      -12.15725547       -9.53126922
      1       -6.78250996       10.37450796        7.34843333
      1      -12.35946456        5.26393390       -1.40073116
      1       -8.85885011       -9.77207757        5.76062469
      1        1.88196172       -2.11040170       -2.18421184
      1       -6.39963055        6.57061055        2.33307825
      1       -4.39257431        8.17115226       -0.47355687
      1       -8.80209366        0.63546447        5.27730891
      1       -6.81363033       11.86012805        3.67112656
      1       -6.33121854        7.54221653       -6.22334434
      1       -6.56688517       -0.02674108        5.20796365
      1       -2.72404032        8.79721323        8.85537369
      1       11.18977922       -4.31892711       -6.87453356
      1       10.65335269        6.66283266       12.40963463
      1       -5.51011706       -6.00379905      -12.79346076
      1       -8.47102387      -11.73958333       -6.09819113
      1        0.30911962        3.15244452        3.67376247
      1       10.93104180       -0.79796066       -6.16904767
      1      -12.67236119       -8.45495964      -13.53229663
      1      -12.61609332        1.06353032      -11.38917449
      1       -4.18032994        4.53825134       -2.20748659
      1      -13.08555322      -10.27410722        0.42630456
      1        8.63619666        0.63605536       -3.52257600
      1        5.55038017      -10.13222309      -13.02776220
      1        2.09650245        6.87777427       -8.21362352
      1      -11.53487455       -7.70147122        9.90465109
      1       10.12781647       -8.77582319        6.22521142
      1        1.04488714       -0.21857849       13.18737543
      1       11.43955536       10.84234560       -2.05953027
      1       -2.36098946       -8.85558146      -11.81638155
      1        2.19527916       -7.60830122      -10.11705194
      1       -8.67641724        2.59802898        3.94349928
      1        3.57655014       10.11401565       -0.39319864
      1       -3.89861400        4.80606389        4.60437670
      1       12.43100028       12.01835306       -0.17692168
      1       10.41182046       13.36934406       -7.25194741
      1       -4.56775718        8.86492983        4.47923443
      1       13.97660335        2.08831657        6.07440712
      1       -4.49345549        7.35439160        8.17677682
      1       -0.21654139      -11.75474838       -3.61067306
      1       -0.96608016        2.64374885        5.69091317
      1        0.35942228       -6.40733381       -2.81470991
      1       -2.37271900        3.99420135       -7.93353605
      1        7.49901019       -9.78862471       -9.79579057
      1        1.36497456       11.68121158        6.00332131
      1       -8.89124387        4.34094889       19.11591840
      1        7.56590627        2.46556626       -7.33788765
      1       -6.83073831      -13.45944173        6.57435490
      1       12.79090612       11.68768894        7.73498833
      1       13.77629907       -9.10194550        7.81640168
      1        1.93825536       12.19094067      -13.89816933
      1       -8.23745781       11.15351040      -12.24327994
      1        8.55114357       13.63345645       -8.70585118
      1       -4.74947198        6.91600708       -2.61972246
      1        7.16615862       -5.86738921       -3.21979447
      1        3.47592397       -6.53541142       10.67757660
      1        0.95107574        0.70702783       -4.44404256
      1        5.92002045        8.78665544        2.63286229
      1        5.57892100      -10.56128316       10.83527166
      1       10.51239709       -2.24256151        7.04223206
      1       -9.28760012       -8.43852346        9.63781677
      1        9.16926790        1.56372132        0.25919730
      1       -5.93594244        2.50378690      -11.74690614
      1        3.71732381       -7.39786998       -4.07509382
      1      -11.96135735        3.33790896        5.37639205
      1        7.03870079       -8.84684461        4.23424779
      1       -5.11980678      -10.91967699       -0.84325609
      1        3.89705409       -7.55425397       12.82795699
      1       -2.31371523        9.68770806       -0.89435770
      1        8.77687788        8.83190677        9.58315497
      1        0.39696556       -9.90583446       12.34683591
      1        3.24601530      -10.73374881      -13.26646132
      1       11.12975401       -8.05636058      -13.35720842
      1        7.39226214        1.69080225        3.89310545
      1        2.44377493      -12.71178147        1.87706052
      1        3.64511742       -9.93367325        3.97572221
      1       -8.48206809       -8.93228624       -8.47433776
      1      -12.95322311       -9.54984535       -1.81525125
      1       -9.12553259       -4.57766746       -7.13220048
      1      -10.63910518      -11.18534671        6.60603341
      1       -8.95939600       10.99128057       -8.15141642
      1       -3.44111994       13.16299158      -11.49047735
      1        8.86915054       -4.29966724       -3.82114679
      1      -16.26635372       -0.52401550      -12.74256690
      1       -7.77071092        2.88542002        1.62285455
      1       10.48056529        7.02875583       10.03513645
      1       -2.96152063        6.31775197       -7.39818849
      1      -11.77801099        3.08395493       12.78265548
      1       13.46876737       11.72280425       11.47292284
      1       -7.95682778       10.26405847        9.45792641
      1        7.68860593       -0.70471816      -11.50059790
      1        4.76686447        7.62971488       10.30410614
      1       -3.13061189       -1.02592715        2.65912608
      1        3.92989476        5.32251586        1.03873915
      1        4.20423191        6.20269610       -5.78113651
      1       13.83475247       -4.39685180      -10.08315364
      1        7.06910371        6.89890996        7.04956957
      1        9.56416638       13.74884518        6.38584889
      1        4.87537052        2.34582735       -4.40736374
      1       -0.17991946        2.58698457       -7.58127733
      1       -5.62786162      -12.20823600       10.23801599
      1       -6.05970237       13.70090232        8.75905962
      1        6.37762805       12.09577845       -3.85338452
      1       -3.77553719       12.34538112        6.10413597
      1        6.22303119       -1.24818555       -8.63146133
      1       -0.27714506       -2.67831213        2.41302346
      1       -1.87386501      -13.07777577       11.39133286
      1       -2.20569362       13.59942672       -5.96614050
      1      -12.64165904       -2.28932361        2.17916908
      1        4.32981544      -13.47142463        5.39733228
      1       10.15092461        6.33749162       -3.40547207
      1       10.70667119        8.48892658        2.69133988
      1       -0.40799228        6.49449437      -10.82851155
      1       -7.57488131       -6.77297741       -4.13930770
      1        9.58777664       -4.62352698       13.01319833
      1       -6.65859497       -3.90134332        6.08054807
      1        1.60002684        9.38831244       -1.52168536
      1       11.50512707        1.69439324       -9.50199177
      1       -6.84157818        4.43639157      -13.05174151
      1       -6.61325434       -7.56813682       -0.89959257
      1       -0.24107412        6.26001387        5.04689865
      1        8.63329751      -10.74648343       -6.06639400
      1      -11.76178382        6.20688663        7.83891388
      1      -11.18493645       11.97135085       -0.87992056
      1        8.51478202      -13.15665928       -2.27106732
      1        7.63410947       -2.91850157       -5.31512018
      1       -2.07598696        7.75775191       -2.66272241
      1      -13.19144818       11.10508879        0.06571543
      1       12.35133570        2.80939863       13.38471817
      1       11.03861873       12.30618311      -13.10280997
      1        2.18317837       -9.77562124       -9.07430446
      1       13.86356860       -6.72572866        7.66563908
      1        0.66035288       11.41257835       -7.86464566
      1        0.47163792        3.75601337        8.99721479
      1       10.40482935      -13.02223794        0.90247747
      1       -0.05728119       -3.97713514        9.28012331
      1        6.11977824        5.45592532      -11.55096013
      1        0.90777880        0.90232408        3.04695640
      1        6.52979581        5.88565050       -5.79463471
      1        9.00824578        9.53695403       11.84724482
      1       -1.18044095       10.96288806        3.48916454
      1       -8.15022966       11.29294309        5.56683419
      1        2.11665943        5.44564351        8.69485512
      1      -10.77605162        0.44988642      -13.18212672
      1        4.31644188        1.27987246       -6.49667820
      1       -1.99222718       12.28771399        1.71148636
      1        8.70545410       -3.24714255        5.73016844
      1        2.76686153        4.83084988       -7.12463458
      1        8.17419334       -3.10177190      -11.75977895
      1       -6.67480781       -0.97636278       -8.11921688
      1       -5.52085938       -4.29991264       -6.33094750
      1       10.39331289      -12.48584787       -5.87154617
      1        5.13550195       -8.62589813        0.28738672
      1       12.77988599       10.11387737       -6.58413250
      1       -3.12268220      -12.17723806       -1.29102215
      1       13.57780445       -2.54698316       -2.77450624
      1        1.90195985        0.51028351       11.00572444
      1       -3.65322788      -12.43912998       -5.15411808
      1        5.94146219       -4.43597499       12.90001144
      1       -8.85386150        8.00952447       12.65227806
      1      -10.18074679       -6.32040292        2.05394719
      1       -9.07836009       12.38852490       13.73689328
      1      -11.66604282       10.81712315       -3.07347170
      1      -12.65205872       13.58248344        5.65436326
      1       10.05296973        3.07050310       -7.81467434
      1       11.62284434       -5.36113434      -10.47774232
      1        1.87166864        8.40504303      -13.50671874
      1       -4.57460926        0.44993325       -4.83111827
      1        6.98644475       -6.65075220      -12.42218198
      1        8.89623633        4.42027371        5.24393628
      1       10.54029892       -3.63497766      -11.78702783
      1        3.24568670        5.23907421        6.54069577
      1      -12.05639498        2.25648276       -6.69639831
      1      -10.07910108        9.04257391       -5.99788559
      1       -1.85995388       13.64565387        6.72492604
      1       -0.28879104       -1.32922262      -10.14757962
      1        6.68038944        8.13710405        0.46255519
      1       11.16722850        4.88664551        4.68242475
      1       -4.83453850        0.31674436       -0.32101084
      1       -3.83777777      -10.39610096      -10.78283499
      1       -6.68214760        4.77848825        0.66659966
      1        5.27948577        8.46983454       12.47530406
      1       -2.64736196        9.14057248       -6.60777726
      1      -13.66328901      -11.46357046      -11.17938396
      1        3.28664814      -11.27295157       10.27714959
      1        4.66714984      -12.52273335      -10.89236732
      1       -6.05205073      -14.02378902        0.85298559
      1        2.80656382        0.98885835      -13.43007607
      1        3.05910269        6.55138946        3.00473168
      1       -1.25393265       -0.08380980        9.47340847
      1        7.40953721       11.40448421      -11.66567179
      1      -12.72649555       -9.25468475        4.11642322
      1     -193.42173325      285.57872954      192.74296916
      1       13.97119194        5.78726739        2.03489543
      1        4.81344313       -1.19352021       10.96194625
      1        3.50296567        6.30143488       -3.47914255
      1        0.75434481       -0.03456167        8.16384528
      1        2.21319607       -3.31950523        9.14540469
      1       -8.83732426      -10.71772798        9.88162694
      1       -3.22898099      -11.59045186        4.65673896
      1        1.11073537      -12.48218992       -1.72585066
      1       10.36607960      -13.92400621      -16.71749670
      1       13.59753087       -5.91044345       11.89081574
      1       -1.74266940       -1.87521598        0.57510380
      1       12.27681810       -0.46582370       -0.25220948
      1        2.66489231      -13.71744140        8.91425471
      1       -8.47166022        1.80566973      -11.98849232
      1        3.01704509        8.84690839        9.21104675
      1       -2.85546400        3.26114928       -5.23539951
      1       -2.81826208       -1.23067992       13.44101737
      1      -10.46783567        7.04967251       -4.75891461
      1       -8.94552275       -5.08048423       12.20203124
      1       -8.02441687       -0.70335669      -12.82372213
      1       -1.14760732        6.03195372        0.99562555
      1       -9.84348215      -13.51088856      -12.97838164
      1      -13.47379983        8.87855015       -0.70875897
      1       -8.93527612       -2.21635483       -7.92961029
      1       -4.34250175       -0.39629767       -7.01061100
      1        0.22398203        2.66705697      -11.21468938
      1       11.36446844       -1.79341621      -10.58655201
      1       10.56221502       -1.20516455        3.21186024
      1       -0.92472116        8.00119052       10.23456384
      1        5.84971941        2.29900439       11.24462408
      1       -6.89818020        6.74574347      -12.28020555
      1       -5.75037558       -1.27132436       -3.87918600
      1        6.62143923       11.42832682        5.47197981
      1       -2.93578087       -5.72477111        3.23272031
      1       -5.47146259       -7.45142910        1.16178141
      1       -1.32305967       10.09067162      -10.21671363
      1        5.72103179        7.71935830      -12.24652935
      1       11.73679328       12.25919088       -3.93078123
      1        9.05653383       -6.77093991      -13.81005899
      1       13.61569389        5.16412327       -4.66598601
      1      -10.59511963        8.56765812       -2.85991186
      1      -10.60293189       -3.11854755        5.23162967
      1       -1.16509239      -12.91137501        8.82438871
      1        5.74132295       -9.06600236       12.70062831
      1       13.46072890        0.82361252      -13.07082290
      1      -11.34676049       11.90802638        9.13179823
      1       13.65211642        1.38884568       -1.04211523
      1       -9.92695382       -8.47671423      -10.33488202
      1       -8.14502875        0.27695681        9.91001735
      1        4.12591936       13.09709284      -10.27486042
      1       -8.01931377        4.40916466        5.35851827
      1        2.91775613       -1.03256485        9.22859185
      1       -6.73040897      -11.99828082       -7.81089980
      1      -12.44764113        6.67476023        3.75437231
      1      -12.75971630       10.87732200        2.37405436
      1       -5.19911168       12.04681630       13.10095621
      1      -12.81526245       11.70691689      -13.26719568
      1        8.20356043       -5.57999192        5.52414259
      1      -11.95025982      -10.59137276      -12.69112226
      1        5.78991053       -5.66815636        5.60363455
      1       13.35631782        7.78498726       -7.43886389
      1       12.35667870        2.20216597        2.38207013
      1       -1.80948198        4.53421554        9.55061045
      1      -12.72595914        1.55769435       -3.06613136
      1       12.47482433        8.25466651        9.50479003
      1      -12.16162635       -5.54094668       -9.01060297
      1       -6.03128333        3.17385868       -2.78732016
      1       -2.53719373       -6.91125776        8.91948710
      1       10.33803471       -6.02445967        9.19606762
      1        8.98017901        9.63188228       -5.62110459
      1      -10.54084495        8.32150485        7.55294444
      1        9.75899355        2.36204119       10.48683435
      1       -3.97484216        8.12289402       12.93241888
      1       -7.25593092      -13.02535480       -3.16994248
      1       13.61336892       -5.90165251       -0.75030795
      1       13.62380709       -3.39690905        8.71314380
      1      -12.58512054      -11.84492409        9.93030953
      1        8.18005503       13.81659346       10.09186901
      1       -6.56278486      -10.44725853        8.93640770
      1       -1.24904089        1.44519832       11.32839023
      1        6.27295996       -0.64859344        6.63269772
      1        8.13106841      -12.59454020       12.97988494
      1        8.10712246       -6.73809261       -1.22218314
      1        7.88353601        9.06928844      -12.41288864
      1       -9.36373261       11.36136110        0.70158055
      1        3.81485366        8.24284303       -7.02181696
      1       12.07771689       13.06625620       -8.97883400
      1       -1.38256615       -6.16742329       -8.85884340
      1        0.24419943        8.09055352        6.55724533
      1       -9.77545890       11.60080003       -4.29147040
      1        4.73851865       -4.60932398      -10.19097129
      1       11.45214686        9.94423831      -12.86624365
      1       -2.55100405        0.47059264       -3.63860470
      1       -6.89442340       -3.69482558       12.33779587
      1       -1.74432785       12.38300907      -12.95084218
      1      -10.97607851        0.49189189       11.30700434
      1        1.18554396        0.82054531        0.66478831
      1      -13.02802367       11.66261196       -6.71763906
      1       -4.93870808       -1.15432164        8.64049692
      1       -9.25205635        4.25894447      -13.14043729
      1       -3.81489006       13.44340287       -2.03219449
      1       13.20114336      -10.45719236       -9.20483217
      1       -1.95092827        4.80105110        5.93339470
      1      -14.08929126        2.86950270       -9.98335932
      1       11.56430118       -7.85742741        4.54068319
      1        3.47619663        3.34592089        3.05387456
      1        8.49354869      -10.39128360        5.40976725
      1      -12.26353877        3.27665139      -12.68876702
      1        4.03477167       -3.97753994       -4.83012557
      1       -9.92671792      -10.75669920      -11.28015119
      1       12.95623723       -2.39421709        6.50963844
      1       -5.47082775       13.45678506        4.78642865
      1       -5.17324360       -8.98224010       -2.23941157
      1       -9.12076065       -1.37136432       -5.56982157
      1       12.52490294        5.24542251       12.74216159
      1      -13.45939119        2.21421842        1.03668286
      1       -9.74522327        9.71396733        4.77202156
