 run_id:         1002
 total_energy:   -4104.5982616062802     
 P   27.848118434861512        27.848118434861512        27.848118434861512     
      1       -0.12091096       -8.78611828        6.79727722
      1      -13.08390355       -9.12803304       -8.04882827
      1       -7.81380109      -12.46229754      -11.83978958
      1      -10.22888399        8.37728738      -10.64367741
      1       13.08014918       12.84063001       13.51704553
      1        9.01530205      -11.08641868        0.78048654
      1      -13.86190290       -3.71818385       -0.67758199
      1       -2.92008383       -4.88326065       12.74544392
      1        0.74507448       -1.62906963        6.11105578
      1       -1.08409067        0.07736347       -0.54026819
      1       -1.48764258       -3.49607842       -1.32257504
      1       -2.74705372       12.94923820       12.73110055
      1       12.09765917      -11.52298601       11.65897609
      1        8.94411503        2.80589616       -4.37549083
      1       -5.61781477       12.07673160       -4.92560440
      1      -11.71918577       -6.11382230        8.06111063
      1       -5.34432747      -10.43424474        4.92936563
      1        5.60920555        9.33832752       -1.42304108
      1       -2.67710726       10.40921435        5.16071424
      1        8.68475981       13.05261469        1.24447476
      1       -2.34323668       -9.63720090        1.51327467
      1        3.11913297       -4.09783818        7.12416068
      1        4.94069888        2.56981011       -9.96456678
      1       10.53850228      -13.40186773       -3.74315359
      1        0.23980699      -12.79345513       -8.57850917
      1       -0.23594617        9.70682109       -6.28281910
      1       13.02873773       -9.52948021        3.62066515
      1       -4.98346311       -8.50210221        9.29715543
      1      -10.07064762        3.20170790      -12.23773105
      1       -0.32107169       -5.35716722        5.48904255
      1        4.89568693       -5.92792758      -13.51545385
      1      -11.05539984       -8.81900417       -4.86430271
      1      -10.83072097        2.83328599        3.40761813
      1        9.85297512      -11.15009158       12.41877353
      1        8.33369422        6.10140407       12.66650732
      1      -12.09686039       -0.63658201        3.71121261
      1       10.90026441        6.63393652       -7.46442884
      1        7.00074982       -0.67133506       -4.76148835
      1       -5.60839575        2.80708594       -9.53419642
      1       10.95083249        0.50787126        1.41258046
      1       10.90216394        7.18229215       -0.01639762
      1       10.78528931       -2.58883071        9.02614280
      1        4.59409991        0.80062294       11.55820000
      1        8.95156370       -8.98671559       -4.52882050
      1        1.15595600       13.03360782       -1.41467485
      1       -4.08331991       11.07604592       -8.08274243
      1      -13.34774969        7.68874531      -13.12376044
      1        6.72626993        4.97057932       -2.02803035
      1      -12.70231383       -7.33142374       -1.76078926
      1       10.08360837        4.87918288        9.08487498
      1        1.18748320       -9.34022998        0.87975211
      1        7.61972304        2.49264294        1.55241436
      1       -3.26164303       -7.64487380       -5.31338300
      1       -0.06648991       -6.16910748       14.78007409
      1        6.95717576       -5.82956711       11.16924652
      1        4.66243701       -3.10137551       -8.25156568
      1        1.81213723       -8.74941633        3.15071602
      1        5.72237237       11.80169705        9.44840180
      1       -0.36999923       11.79368451        7.40181385
      1       -4.41683803        4.44786662        0.40782004
      1        2.28267224        3.24910419      -12.63370647
      1       -8.97465382        0.74488913       -4.39089730
      1        8.14676219       11.66457921        9.38854898
      1        5.36753847        0.13946610      -10.43674062
      1       -7.38442088       -5.78039990       -6.23946496
      1        7.14058959        5.17380000        3.68486212
      1      -11.69153468       13.24331226      -11.72766421
      1       -3.13717317        7.17177175       -3.96213561
      1       -0.02201908       12.19060227       -3.27571209
      1        7.17354028        3.13411335       -9.33985949
      1       10.47413265      -10.43496483      -13.09544328
      1       13.99738383        9.77407111      -10.08926367
      1       13.39656248       -6.66933454        1.53755083
      1       -3.26429779        3.50169394      -12.80985001
      1       -1.47565855        1.94715988      -12.20923794
      1        3.01700009       10.72997345       10.79863775
      1        2.63317628       -4.29900804       11.27491488
      1        7.72539419       -7.83969627       12.24843552
      1        3.75778295      -10.92789612        7.68723552
      1       -3.97070298       -1.03991351      -11.27518973
      1        7.12710670        7.55376965        9.08966314
      1       -8.83610601        3.99104430       -6.28208981
      1       11.17010338       -8.71797647       -1.45114565
      1      -13.37233463       -0.42124884        5.79732303
      1        0.90645658       -5.63898867       -9.41003911
      1        5.62879760       -9.64189667        2.53123130
      1       -0.71984585       -2.48080082       -8.02694664
      1        9.60964230      -12.77050403        8.12841643
      1       -2.24988821        3.27566347       -2.76984941
      1       -3.67444073        5.82712310      -11.77398416
      1       11.93884319        4.58187072        2.41576065
      1        0.64259028       12.46936148      -11.92836198
      1       -7.72939884        0.40414544      -12.20651758
      1      -10.25978979        9.52361631       -7.38138934
      1       -5.16700489      -13.69639633       -3.82666180
      1      -10.02345984       -6.81376101       -3.98716144
      1       10.19073996       -7.97530482       -7.85939923
      1       13.15335949        9.48815983       11.48917926
      1       -2.16506171       10.20193592      -12.37069298
      1       -0.10756491        6.17413489       -1.26590041
      1       -4.79854161       11.77906739        8.15723172
      1      -12.68401055       -1.60199285       -3.58962157
      1        9.18423667      -13.06815330      -10.72629710
      1       -8.67446427       -4.76699614        5.14726820
      1       -9.87485746       -1.25307235        4.18515093
      1        2.98920340       -2.21033673        5.74192737
      1        9.78273086        9.83431086       -9.36162878
      1       11.43913079        5.35546858       -5.49646610
      1       -4.02918315        1.35443382        2.76486644
      1       -3.21882206       -9.11729828      -14.02793904
      1      -13.79031426       13.70829518       -8.08406511
      1        1.33560221      -11.97114997        7.73620745
      1       11.24133478        6.90047799      -11.15065249
      1       12.98259980        7.70238892        1.00129536
      1       -3.36892865       -2.92086535        8.54276933
      1      -10.58767284      -13.18945011        5.38640380
      1       -7.77705355        4.83628626       -1.62532480
      1        8.67369092        2.49151896      -12.95979217
      1       -8.79009422       -8.62909629       13.05746475
      1        8.89969832        2.09138452      -10.61070328
      1       12.76500803        5.90362046      -12.81296684
      1       -9.29212108      -12.16257900       -0.18216954
      1       -0.90857177      -13.30209915        4.68142907
      1        6.01735946       -8.48981858      -11.26926496
      1      -13.04870730        6.83828644       -6.59409754
      1        2.60765745       12.39254647       -6.87168681
      1       -8.05547365        6.38355605        4.04167876
      1       11.31177057      -13.88924647      -11.30540169
      1       -6.81575056      -11.08136104        6.67586740
      1      -12.88053039       -5.54534914       -6.74240485
      1        5.08187588       11.21106830        7.15111123
      1      -12.86881642      -10.52896239        6.26006541
      1       -2.70056563       -2.57669832      -12.57452281
      1      -10.95844150       -4.90687255       -5.22646635
      1        5.40485703       -4.48716002        7.60299591
      1        6.02927223       -6.43762090        0.18117499
      1        9.62999454        2.15225526        5.23473559
      1        2.83366192       -9.08713455       -0.77080277
      1        6.35841268      -12.81388659       11.37015602
      1       13.10606692      -11.88322650        3.80009659
      1        9.60226476       -3.26616685       -1.75671033
      1       -1.01982710        0.63424060       13.59097516
      1        9.25507342        9.79001345       -2.00654807
      1        3.96554492        9.14661373        6.89056448
      1      -10.84908536       -4.20995244       11.13628285
      1       -6.08784305        8.63231745        1.17937394
      1        1.94598451       -5.81439936        5.84243315
      1       11.46787963       -0.95286393       10.61513085
      1       13.70713241        1.76918648       12.23917346
      1        7.71796355        1.13752262        7.78916606
      1        0.27043202       12.13521885        0.57809734
      1        0.03516347        9.18385059        2.38850431
      1      -12.27600966       -7.04348220        4.90696814
      1        8.31929020       -1.98705627        3.64673636
      1      -13.49882089      -13.37206761       -4.07191613
      1       -2.95601225      -10.21571204       -8.55247677
      1        1.95310966       -2.77276305        1.59982397
      1        8.84810683        8.48914186        5.38859215
      1        1.53518647      -13.76053495       12.54433523
      1        2.16585705        6.85611293       -1.20226547
      1        4.44312102       -7.01144226      -10.06479033
      1        5.73680642      -11.44619219       -9.17112759
      1        5.08459195        1.29473245       13.84083518
      1       -0.22976480        7.19015933      -13.30653515
      1       12.95379041      -12.67043860        9.72656087
      1       -8.22745173       -4.06710822       -0.98012761
      1        5.97687573      -12.49028279      -12.70723899
      1       11.13658889       -9.14257701       -9.73020254
      1      -13.06558024       -9.48317976        9.95141851
      1       -1.17402360        7.26129013        3.10145123
      1       11.76275588       -3.41294058        2.80794528
      1       -7.16056981      -12.35646329       12.17001979
      1        7.31936708       -9.82813268        9.32550999
      1        1.57704685      -13.32406250       -6.49818264
      1      -11.63814326        9.68624170        6.17834745
      1        2.54109014       -6.39376672        3.57342252
      1       -9.59412051       13.49637294        8.78790398
      1       -1.95353078       -4.18171304       -5.43697655
      1       11.58178782       -9.58964445        7.97209212
      1       -2.08579712       -9.53986900        3.83519167
      1        8.25589834       -2.34392853       -8.87707427
      1       -5.10007747       -6.60141976       -8.94475957
      1      -12.37944441       -6.02541465        2.79194921
      1       -6.62824827       -0.79635487        3.04519832
      1       -2.68834658        1.68323814       -8.43327794
      1       -5.81302335        8.41692682        6.40714864
      1        0.79819339       -4.21957244       -1.64291926
      1       12.70628652       -9.29956521       -5.08896424
      1      -10.20791508       -5.06491826       -0.15776935
      1      -12.66208345        5.52477430        5.76022115
      1      -13.60339936       -2.15054380       12.69144450
      1       10.99984210        3.05690047       -5.71944535
      1       -2.01135636       -2.37450774       -3.61945427
      1       -6.09416453        1.06022796        1.66618575
      1       10.34962077        3.46055933       -0.91658455
      1       -9.56063375       -3.02391855      -10.32979552
      1       -6.39824348       -7.11520948      -10.83794084
      1      -11.30594364       -2.26100997       12.48190320
      1        3.36335921       -0.64646092      -11.45254409
      1        1.30324196       -9.78943274       10.13994283
      1        3.94120812      -11.27106662       -1.29156489
      1      -11.59174255        5.86367185       -8.32096564
      1       -5.70994491       -7.28929121       11.26239624
      1        3.61342201       -2.69869266        3.43041616
      1       -9.45752312        5.74425228       12.35135920
      1        9.15082006       10.71654180        1.85838441
      1       -0.71370730        5.70942869       -5.74356294
      1       -1.54448820        7.85775937       -9.22724239
      1       -0.37251830        5.37373328       13.07685925
      1       13.14432339        9.06616135       -2.53975144
      1        4.62870396        9.41521034       -5.23446080
      1       -2.92430400       -5.41782617       -1.03970668
      1        0.13975160       -9.68051523        4.63634295
      1       -4.63411339      -11.08308951       -6.94120702
      1       13.32822713       -1.79787589       -9.46269516
      1      -13.35272856      -12.50178470       -6.35248261
      1       -1.68621852      -11.80981638        0.77891707
      1        4.89257395        3.27659600       -1.45825902
      1        3.76445594       -9.06235776        6.22762254
      1       -7.35470022       10.60818526       -3.88419720
      1        9.95714073       -5.33745755       -0.57262350
      1       11.39811954       -1.68241815       -2.18491113
      1      -12.52290493       -0.22211682        9.67715556
      1        9.94373536        8.88162621      -11.53809981
      1      -10.37407039        3.82475454       -8.09866736
      1      -11.06636503       11.34801410       13.02892449
      1       -2.30273945      -13.32788305        2.52289696
      1        6.20449758        5.92824264        0.09425356
      1       13.86988496       12.16970253       -4.55930164
      1       -0.96486408       -7.33748733       -6.51430122
      1        7.88115614        5.64828547       10.31853889
      1       -5.19222960       -7.84820704       13.52419467
      1        4.27774508       12.30500631        2.22072092
      1        0.84904108       -8.92575642       -6.75356164
      1       -6.40419720      -11.49296244      -13.63605847
      1        1.76164987       -0.49199137       -9.65824468
      1      -10.67422362       -2.75030345       -4.08268758
      1       -7.66411481       -3.70901030        1.34549115
      1      -13.45375396        6.11039684       11.50113352
      1       -5.46543286       -2.36981898       -9.93001283
      1      -12.93043895       10.01083961       -3.99063819
      1       -8.22447436        7.85203569        5.95266379
      1        5.35586842       -9.03728498       -4.02058493
      1       -2.87263333        2.84007154        1.27494122
      1       12.12738761       12.92793282        9.73087594
      1        7.11374503       -2.74401427        7.44156507
      1       -8.76796458        5.71323529        7.40365693
      1       12.21040385        3.71921262      -11.79917924
      1       -4.97641224       10.02984388       11.87793054
      1        1.01864468       -8.10612881      -12.22262784
      1      -11.28106017      -13.51557815       -0.77936843
      1        3.15039874        1.16493019        3.74307045
      1        5.08201463       13.25682675        0.14983359
      1        5.80345294       -4.22309361       -6.39915250
      1       12.06187827        6.90640051       -2.13424366
      1        0.85013611      -11.82802175        5.34166039
      1       -3.10009125        0.46713904        8.17286579
      1       -3.12558811        5.28240011        7.82755929
      1       -4.72455981      -13.08412401        2.97526535
      1       -4.75624981       -9.74470190        1.23695152
      1       -6.69747306       -7.61624863       -7.52300423
      1       -2.45898721      -11.08428584       -3.31268016
      1       -2.87329766        1.65085228       -0.77127393
      1       -7.89602184      -10.82187010       -3.81953388
      1       12.91176066       -9.02509915        1.36766115
      1      -10.18450636       -6.44508912        6.19282161
      1        7.48734704       -1.00046786       10.77598390
      1        9.36389740       -2.71077867       -6.74732793
      1        6.92967458       -7.78829649        8.16484154
      1        5.53054218       -6.18252269        9.33209373
      1      -11.45525023        3.99320941        9.10488678
      1        5.21911099       10.98568141       11.92052526
      1       -6.22476392       11.86832936       -7.27266997
      1      -11.80139074       -6.27562110       11.77279345
      1       -0.07346751        9.82623236        0.05203896
      1       -5.56586519        3.80287792        5.74669971
      1       -9.71154751        7.30747605       -8.58089158
      1        4.76324847      -10.66284510       -5.69497159
      1        9.01643321       -4.80025483       10.64054975
      1       -7.41141928       -2.89076960      -11.44941819
      1        9.67754705        9.78681857        7.20648901
      1       -0.72017236        0.81946555       -5.70221347
      1        2.07020629        5.06271358        4.34630259
      1       -6.77521517        1.10747636       -1.56808534
      1        2.22249191        6.23077192      -10.36054325
      1       -4.91855932        7.74571841      -12.82984171
      1      -12.18946100       12.59072536       11.35050061
      1        3.23491919      -12.80125555       -3.07399591
      1        1.00373936       10.08126926       -3.99772009
      1       -6.49644835       -2.15866873       -6.29065350
      1       10.66976083       11.26689713       -6.05152427
      1        3.93483212        4.50054450      -11.23341219
      1        2.73996145       -7.26781975       -6.31103229
      1       -4.22572219       -1.91819811       -0.39673827
      1       -6.88940743        1.14115052       -8.29240215
      1       -0.11615775      -13.76942737       -4.80762383
      1       -9.81567601       -9.88554268       -6.60838511
      1      -13.28954289      -12.73590091        0.31733510
      1        0.70743993        7.47652104       -4.29759076
      1        4.60907756       -0.62337804        0.43179898
      1       -8.48565653       -2.28105584        8.40021122
      1       14.89300544      -13.00718684        2.61291697
      1        7.21006900       11.06557893       -1.98570499
      1      -10.23495133        4.36487157        1.71136892
      1       -7.70061264        7.07941060       -4.90005765
      1      -10.95103464       -3.87126357      -12.14313320
      1        4.00611272        9.98667764        1.87142652
      1        1.60521269       -7.48349321        9.50766429
      1       10.02443050        0.65266194        7.20517276
      1       -2.69808275        1.13647481        5.94474150
      1       -7.55669927      -10.75310523       -9.71715996
      1        1.00040294        3.05275146       -0.00650504
      1        2.99358073       11.11196802       -4.89074390
      1       -3.94159404       -5.35616336       -4.92729295
      1        1.28091201        1.80181486       -9.16069957
      1      -12.68759490       -0.26537684       -9.80244397
      1       13.29398183       -6.28964897        5.45075048
      1       -1.64131846       -8.66465297       12.11286774
      1       -2.58834087       -9.36405559        9.99425215
      1        4.25523030       -2.92175611       12.37622807
      1        7.80908399       -3.28714043       13.84425022
      1       12.67084985      -10.10578888       -2.78524583
      1        2.09793349        9.47850196        5.49471350
      1       -7.31794217       13.10616696       12.38957849
      1        9.98318534        0.81996255       -7.74194258
      1       -4.17073337       -5.07514423        9.12231053
      1        8.33368594       -1.15917007       12.95141600
      1       -4.19455030        6.20917664       11.65746224
      1      -13.13124848        8.81040359        4.47769126
      1       -6.12533677       -5.36390002        7.82777100
      1       -4.03238003      -11.35266309      -14.08970506
      1        3.78333341        5.17555762       12.58091753
      1       -5.23909426       -8.90157036       -6.09478778
      1        0.73929103        3.81913572       -5.87012598
      1       11.03178514        2.28450513      -13.33883858
      1       -1.05974275       -6.31555537       12.26119938
      1       -8.07408857       -7.27289195       11.21301287
      1       -2.79110952        4.94653495       -4.65020751
      1       -7.81717597        4.45113362       11.08893155
      1       -8.62735710       -8.03432775        7.15410433
      1        8.94874818       13.07747791       13.55305990
      1       11.47728519       11.15882760        1.98787176
      1       -8.93325431       -8.45370201       -0.63739345
      1       -0.68566832      -11.92898450      -12.46384399
      1        3.43900375       -1.76165110       -3.88011390
      1       10.13593360       -5.72660934       -8.49812961
      1       -3.66936698       10.88546979        0.84671851
      1       13.66764339        5.12549434       -2.50595201
      1       -1.72043850        8.76936106       13.65762907
      1       -1.35169693        9.66760201        6.96246266
      1       -9.61088489        1.09512999        7.38324718
      1       -0.78637110       -4.88749443        3.16804664
      1        7.93828394        0.29595532       -1.31856593
      1       14.19170648        3.10460369        8.36617688
      1       -7.95456100        8.96025346       -2.09303858
      1      -11.41067789      -12.85383702       -3.05717532
      1       -7.72663151       12.65801121       10.04724092
      1       -9.65497949       13.42669737       -8.40972508
      1      -11.66908590       -3.17016860        0.01675092
      1       -1.54468906       -2.38900799        9.94295374
      1      -12.44004432        4.34865791        0.79171655
      1       12.49715608        3.02876327       -1.95335188
      1       10.28745774       -7.33805636        2.63506603
      1       -1.55088506       -2.96548287       12.22511324
      1      -11.58121774        0.99923641        2.15195029
      1       -8.55509299        0.73579377       -9.93068198
      1        6.85069128        6.72774082       -3.73677968
      1        6.62221132      -12.11213458       -5.85430455
      1        7.96769547       -2.01158050       -0.61850898
      1      -12.22576827       -7.70060436       -9.71901712
      1       10.87062026       -0.19436060       -3.98539452
      1       -0.65146191        3.74473699        1.61138263
      1       -4.69642004        5.81663980       -9.54055466
      1      -13.39637297       12.75697399        3.63655277
      1      -10.73123648      -12.19910564        3.17273261
      1        6.37664351      -13.33509901       -7.86395311
      1       -1.70994434       -7.05412527        6.51555630
      1        9.13063420        8.23679681       -7.63147958
      1        4.03688340        7.32705817       13.71510442
      1       -0.32523488       12.71641947        9.62266061
      1       -3.17161612       -7.87063493       -8.14522140
      1       12.76239251       -5.67060818        9.60613526
      1       13.09223881       -4.04120922       -6.34549534
      1       -3.65023284       10.61984698        9.94077330
      1      -10.69048904       11.83158870       -6.61048814
      1      -13.52209601       -7.10623912      -11.62561167
      1        5.83018100       -7.94412718        6.07171299
      1       -0.76821266       -7.97616720        0.58774833
      1        4.29989787       -9.98250446       -7.93399608
      1        0.96355807       10.65471685      -10.27585495
      1       11.22522524       -5.44684719        1.56734625
      1        1.17030177       -9.97760450       -4.54801235
      1        3.97882312       -0.45567436        7.05802092
      1       -1.92615701       -6.38592853      -11.51929899
      1        7.37685162        0.55978995      -13.53558620
      1        4.66296070       -0.55809337        2.91980247
      1        5.56578960        3.60568689       13.15212363
      1        5.61736090      -12.41553631        7.34652161
      1        6.31018606        0.22736957       -6.86214246
      1       -0.31326834       -9.88667139      -11.22782948
      1        9.01668888       -9.39931189       10.98034302
      1        8.10157335        1.27849239       10.17022697
      1        1.67311261        4.08903030       12.98210077
      1        5.70030826        3.33365078        4.06923328
      1        7.57141716        8.32542689       13.00409750
      1        1.16344187        7.58252053        8.72182384
      1        2.20861291        8.62952997      -11.12340673
      1       -2.69180630        2.88187151       10.89751215
      1       -8.56300567       -1.01212875       10.43991993
      1       -9.36657614        2.80061627       10.29674040
      1        7.63767117        5.46554484       -9.66542845
      1       -9.28377757      -10.42919653       -1.86554426
      1       11.99693899       10.81989790       -9.13467136
      1        5.61828843       -2.74971180       -0.01339706
      1      -13.08066389       -6.35129296       -3.86392567
      1        3.23346337      -12.16348562       12.61229896
      1       12.41859577      -13.54954799       -0.45985065
      1       -5.76299871        0.42778331       10.32357536
      1       -4.82593203        0.11120392       12.82773078
      1       10.71661486       -1.26153324       12.94311454
      1        6.70851991       10.52118497       -5.76417321
      1        0.49510503       12.64655575        4.11710968
      1        7.74598897        9.92593281        3.76582655
      1       -8.12627183       -4.56553755        8.82511594
      1       -6.86653365        8.84240046       11.00092683
      1       -5.29988357       -3.56483424        1.00753425
      1      -10.41933225       -6.87924927       -1.63542949
      1       12.82425268       -9.29016899       11.28328990
      1        3.30892683       -2.41102282      -13.21554073
      1        5.75430558       13.14410909        3.95414978
      1        7.37724375       13.09690366       -0.73379897
      1       -3.40165275       -4.91935457      -12.74916912
      1       -4.88833269       -5.05687050       11.39774253
      1        3.57353355        3.92822041       -3.47250607
      1        1.00883807       -4.67687213      -11.56892592
      1       -6.57041813       -1.79799824        6.98577236
      1        8.42091127       -2.75836165        9.47163998
      1      -11.89420456       -3.92265169        8.94218529
      1       13.09578245       -2.37316332        1.12340921
      1       -6.95433328       13.26455456      -10.99107367
      1        4.50854472        9.12251628      -10.87679392
      1      -10.67361484       -2.48641610        7.49151656
      1      -10.41050985      -12.08061249        8.88498651
      1       10.22522038        5.07925142        0.82261491
      1      -12.43268064      -12.92921166       12.08123116
      1       11.18806312        9.11853006       12.76764680
      1        4.60882802       -4.98672864        3.58277919
      1        5.02490271        7.13538248        6.07198208
      1       -2.94654726       -8.69548689       -3.11135921
      1        6.67554894       -0.38194854        4.28866029
      1        9.50706599       -0.28920258       -9.86846514
      1       -0.09128869       -0.96550818        4.01392605
      1       -8.14286917        9.36172482        0.24242272
      1        2.08186371       -4.76537511        0.29266548
      1        6.15304053       10.82305517       -8.03426690
      1        0.70535075       -6.20400820        1.78933716
      1      -10.33408599       12.01451784      -10.27772171
      1       11.20246592       -3.41959216       13.89816641
      1        4.56024610      -12.39218863        0.68835624
      1       -5.71339597        4.32667830       12.37453647
      1       -7.71348352        5.57080594      -12.31877717
      1       -7.97598504       13.10064522        2.09190766
      1        4.89713238       11.37955592      -11.72917464
      1        5.10435477        0.02848004       -3.46745751
      1       13.32549224      -12.67199027       13.31632981
      1       -4.57758850       -4.85679320       -2.69298205
      1      -10.65928227        9.20519159       11.95264955
      1       -3.12699859       -7.54231291        4.65482606
      1       -5.74068822        2.56844489       -4.91393090
      1        7.76893813      -11.32801638        7.53159174
      1        5.41841952        6.93589594        3.73189214
      1       -2.25936291       11.68403485       -2.63491861
      1       -4.82270291        1.65903875        5.03691077
      1       -5.19077729       12.11814127      -12.29997113
      1       -0.12468465       -5.65728740       -5.00133223
      1       11.55077371       -6.40366717       -1.94452115
      1      -12.07536456        2.41198514       -7.37280029
      1        7.97723626       11.41282633       -9.43248653
      1       -5.04978470       12.30264250       -0.41269520
      1       12.06096396        2.03233800        4.72523034
      1       12.53002147        4.88396114        8.32371707
      1       -5.40321289       -8.05949066        5.06900915
      1      -13.22362799       -4.73739587      -12.17546601
      1        6.73241386      -13.44674551       -3.91392806
      1       -9.65060165       -8.64965658        1.67851313
      1       -8.54770782      -12.28397891        2.15004957
      1       -2.82812451       -2.77033782        6.16925932
      1       -8.24615018       -5.48770344        2.93578998
      1      -11.54799767        4.74508240       11.52262988
      1        9.44814621      -10.62045673      -10.83067357
      1       12.28664196      -11.97773300      -12.44762278
      1       11.95783955       -7.39932628      -11.22674799
      1       -0.19892612      -12.13475609       12.96456564
      1        3.39096238       -4.51323658      -12.15207258
      1       -8.65075055       -1.63163962        2.17426149
      1       -9.90595146       -5.03084044       -9.17289188
      1       -0.59590730      -10.27041790        8.70896652
      1       -4.26244274       -2.50006049       -2.73915995
      1       -7.54814778       -0.53890646       -3.05078560
      1       -3.01774996      -12.19601133      -12.06222106
      1       -8.87249482       13.41042815        6.51299794
      1        6.58886980       -5.46138074        2.26477459
      1      -10.43365963      -13.20571626       -6.13938480
      1        2.08827692       -8.86129011       13.68863907
      1       -5.38231996        0.34819291      -12.63067361
      1       -9.91552607        5.38280190      -13.11498821
      1      -11.45364183       10.07056108       -9.49550702
      1       -5.64352579        7.05875248        9.93076589
      1       12.54867620        9.18120007        2.76375041
      1      -13.97518811       -0.09617370       13.86618106
      1        2.89053008      -12.08348627        4.17418226
      1        2.41349290      -11.36105951      -11.07291789
      1        8.85226685        8.13764745       -3.74549414
      1        8.01772686      -10.96018555       -1.35252578
      1      -10.07660456       -0.98378170       -5.59264960
      1       12.85084002        5.77784469        6.14397006
      1       13.16256622       -3.99129847        4.74682922
      1        7.07254756       -7.60875697       -4.79338770
      1        1.61070919       10.16179894       12.72808799
      1       10.07338802        5.61125387       -9.51870534
      1       -9.07708313       -2.24795992       -2.31346824
      1       -4.30357477        2.12538082        9.36302631
      1        4.07477887        5.53718444       10.21283630
      1        2.74847165      -11.70560234       -5.09339793
      1        4.35408879       12.14561121       13.87508555
      1      -11.30407200      -10.44406568       -3.05892258
      1        2.32097611       -1.05691178       -0.04040114
      1       12.94410688       -1.73316350       -7.03328952
      1       -6.87029307       -9.18617139      -13.39146989
      1        4.42167543       -4.82856190       -0.65585841
      1        4.75582332        3.35005961        6.22790332
      1      -12.87092030        8.20512158       12.42203132
      1        7.07468163        6.99299111       -7.92103544
      1        6.70476393        3.32731174        7.58375451
      1        4.92237417        8.03486581       -3.34179032
      1      -13.48384580        3.44070584      -10.89584847
      1        3.31950194        3.67177952        0.45799639
      1       -3.84787801        6.87165900        3.30384499
      1       -8.78515818       -6.57758046      -10.72439909
      1       -7.31603727       -4.57734635      -13.26816866
      1       -3.78303586        3.94634730       -8.20937604
      1        1.28187115       -3.83980587       -7.79125747
      1       12.96426038       -4.78759659       -4.02746929
      1       13.43589379       -4.18541370       13.60378527
      1        2.60450790       -1.88202792       -7.86228215
      1        3.14661743        1.57200183        6.13262481
      1       -3.21123867       11.74678501       -4.83317115
      1        8.00752590       -8.84704412       -7.69070035
      1       10.95364260       -8.49390394        9.99690641
      1        4.69008975       -5.42812943       -3.02211656
      1        3.39975468       12.90273753        6.89952777
      1       -4.10255920        2.58414145       12.83558488
      1      -10.10359671        6.43244499        2.81217862
      1       -9.23370693        3.03223581      -10.02450345
      1      -10.10375877        1.75931805       -2.39969173
      1        6.98301774        3.30749194       -5.55402580
      1       -8.73316554        1.57113407       -0.32645258
      1      -10.05581276        8.12324919        1.15464742
      1       -4.61105473       -4.27375226       -8.59263914
      1       -4.87550980       -2.36546801        2.93564724
      1       -0.05421397        7.51454747       -7.34186869
      1        7.86776291        4.84722720        1.47367850
      1        0.63169322       -4.26200273       12.69346654
      1       -6.18800466      -11.05542054        2.72394820
      1        7.72964010       11.59505815       12.00696273
      1       -0.62912640       -3.45228362        6.72708091
      1       -1.05060561       13.12980227       -7.92544434
      1        0.97783840        2.13290443        7.17533697
      1      -10.09358186        3.43790629        7.10720098
      1       -0.38604160       -2.67470020      -11.87873041
      1       -6.79686890       -5.59570696       -2.17715054
      1       13.50130983      -12.53163937        6.04965161
      1      -10.68560631       -7.25332793       13.67174682
      1       -2.20481256        0.43082595      -10.46147386
      1        2.66883785       -0.55588234       -5.78307661
      1        8.94069946       -8.89296295       -2.13807333
      1        7.46099563       -3.27619790        1.77419585
      1       13.32154251        7.47388590       -9.99774798
      1      -13.17819880       -8.03698592       -5.82426477
      1      -11.69234871        8.53992811       -5.62769957
      1       -0.46240960       -6.17907455        9.86645393
      1       -6.54950323       -8.90833295       -4.10869140
      1       -4.33209689       -3.90840494        4.66691723
      1        6.65626940       -6.72145610       -7.01792514
      1       -3.53247300      -11.34579298       11.31881404
      1       -6.98339099        6.84729980       -2.65051787
      1      -14.22421839        1.42971166        9.88255682
      1       -1.75457447        6.05501301       11.21821317
      1       13.77671374        9.84801303      -12.39788967
      1      -10.43588609        4.67635387       -4.60269219
      1       -6.24602657       -7.64017164        7.29048034
      1       -9.08267465      -10.86671485       12.25452842
      1        5.05714851      -13.48211882       13.24820070
      1       11.12489023      -12.97638099        3.14034305
      1       -6.88401951       -7.49186837        3.19753473
      1       -9.91558242       -0.11469080        0.78023070
      1       -2.26654803       -0.85348339        4.81570029
      1        0.03905396        5.09030577      -10.16315505
      1        7.41690449        4.51371764      -13.52317818
      1        9.02543101        4.40825602       -2.63301934
      1        7.51118879      -13.47406057        2.92741845
      1       11.82826631      -11.92117720        7.81953031
      1       12.13721100        1.84396511       -3.99994514
      1      -10.06630097        4.16606441       -2.32226721
      1       14.02136090        6.51214559        9.21038047
      1        3.44346897       12.29484764       -1.27080010
      1      -10.14909025        1.72800067       12.28282554
      1       -0.43482608      -10.44960927       -8.70129708
      1       -0.44903412       -0.68212772       -2.71870612
      1      -11.44622080        6.82989153      -11.97090200
      1       -1.75545612       -1.33422778       -6.16479766
      1        4.70385138       12.71823157       -8.08829625
      1       -8.14048452        9.22908543      -11.37161700
      1       -2.29401799       -4.25174761       -7.94774916
      1       11.79154668       -0.34451118        4.93041454
      1      -10.18094989        9.75759260        9.59089470
      1        1.85892149       -8.28371091       -2.87407764
      1       13.69090982       -1.78649475       10.44223067
      1        9.05072197       -6.93363777        7.35373569
      1        1.96829858       -7.75179655        7.14353634
      1       10.79864205       -7.90999832       -5.49779883
      1        7.02079891       -4.83364802      -10.72644652
      1       12.02799315        9.63253845        7.51744863
      1        5.59335242        0.88080696       -1.25892368
      1      -10.90253146      -11.84513147       13.51576736
      1      -12.59178112       11.66289053        7.27664365
      1       -5.14404461        3.99856583        8.07168474
      1        6.03991320        4.31657513        9.62687387
      1      -11.68126609      -11.02389277       -7.49674362
      1       10.67728184       -5.73050393       -4.40002914
      1      -11.49119051      -10.04289139        2.30228702
      1       -7.24211048       13.59973999       -8.57651080
      1       -3.37198064        6.46538098        0.91563782
      1        0.75209229      -13.13356644      -10.95588106
      1        1.40714406        2.95568356       -3.75829208
      1       -9.47938731       -5.62510141      -12.81192380
      1      -10.84775279       -1.23493631       -1.08016456
      1        5.86791194       -9.88270749       -1.75266753
      1        9.12954632        8.88918384        0.17727612
      1       -4.08869317       -5.62868444        1.10829414
      1       -0.02098696        3.87166279       -2.04929197
      1       11.26884896        1.06910576        9.31882744
      1        9.15105652      -12.59156584        4.44439741
      1        4.59981444       -7.61814890       -7.80261622
      1        1.13639914        2.63691550       11.08332293
      1      -13.26493843       -0.57488124       -5.72359104
      1       -9.39945074       13.99662397       -3.93839771
      1       -6.91546742       15.37229195       -0.70659292
      1       12.49471483      -12.54182771       -2.70250827
      1       -6.07464212       -9.46604730      -11.06532703
      1       -7.29203432        6.39222014       -8.65934881
      1       -0.56731213        9.71368787       11.85575137
      1        5.31933541      -13.70900633        9.38138957
      1       -2.49751624       12.10797671       -9.48631535
      1        8.14472436       -6.80407921        3.51433339
      1        1.90558921       12.88839637        2.21232861
      1       11.97240321       13.24088734        6.02790097
      1        6.69722172      -11.60224572        1.65386947
      1       -1.58154935       -7.29995436       -1.62037372
      1        7.88421926       -4.97002903       -8.49645963
      1      -11.44397623        7.56846705       -0.76005102
      1       -8.16378857       -9.56598732        3.39812857
      1        0.71961364      -11.64438843        0.56262550
      1        1.00711753       -2.28100409      -13.80162035
      1      -10.48948770       10.05768045        2.60567530
      1      -12.78567438      -13.27730026      -10.10501528
      1       12.08956271       12.75889330        3.66968430
      1       13.12978133       -7.95781051       13.18995073
      1       -6.56949736        9.01565911       -5.56950330
      1       -6.97602664        5.30545043        9.03472530
      1       -3.70793206        7.60634036       -8.30663752
      1        8.47514827       11.85319761        6.89196951
      1        7.77507519       13.76163904      -12.35989893
      1      -11.60914499       -0.32727054        7.50352339
      1        1.81670657       12.82889514       10.52917264
      1       -1.80198936       11.56643905       11.05472185
      1        8.40370237        4.95822239        7.21519935
      1       -7.33645008        4.50126522      -10.16944599
      1       10.52707419       -9.11506655        0.88417749
      1        2.01522031       -5.02081880       -5.86861653
      1        3.33272199        2.59144242       -8.19967677
      1       12.76477767        8.18217464        5.79957701
      1       -7.69685836        1.93844255       -6.07183709
      1      -12.46925552       -3.92743049        3.89137508
      1       -4.41642450        9.85442020      -11.77877329
      1        2.29685139        8.86371096        3.14704176
      1       -5.24837079       10.26214866        2.70011791
      1        4.07618928       12.70815839       -3.48722971
      1       -7.00359188       -1.43272845       12.35219658
      1        5.42052600        8.64075628       -8.66370005
      1      -10.82064529      -12.36514030       -9.26368602
      1       -6.64161315       10.42882646        7.38051248
      1      -12.02640362        5.28273208       -1.34144569
      1       -8.76189295       -9.99065576        5.80940441
      1        1.65364761       -1.94055221       -2.21280669
      1       -6.27497469        6.56027356        2.37770556
      1       -4.17379984        8.26274473       -0.38108655
      1       -8.73543211        0.57015011        5.25600427
      1       -6.69710533       11.92657801        3.74008680
      1       -4.19097581        8.25748670       -5.90910160
      1       -6.51323317       -0.07569571        5.30933056
      1       -2.53957129        8.86710026        8.82298586
      1       10.78822098       -4.59654451       -6.57850538
      1       10.63202126        6.80611091       12.30544932
      1       -5.52558168       -6.04842222      -12.77540250
      1       -8.47375186      -11.69101023       -5.99451702
      1        0.43114649        3.18554602        3.68491426
      1       10.81191158       -0.90503268       -6.29655845
      1      -12.64732690       -8.41448272      -13.37482897
      1      -11.54938818        0.06912334       -7.25242043
      1       -4.31159301        4.35182859       -1.91793670
      1      -13.12904849      -10.35827817        0.49988294
      1        8.67797528        0.56109096       -3.58388852
      1        5.50394263      -10.08866464      -13.03272816
      1        2.08194649        6.69399972       -8.04836213
      1      -11.46256674       -7.66824341        9.86638445
      1       10.20626195       -8.74107092        6.25835800
      1        1.28860880       -0.03098657       13.31844392
      1       11.48679037       10.76983454       -2.11229543
      1       -2.33966962       -8.74164201      -11.85260234
      1        2.16067784       -7.58683242      -10.18142630
      1       -8.59100186        2.55704593        3.96142947
      1        3.56275684       10.07101693       -0.52954483
      1       -3.74718558        4.85946427        4.57239740
      1       12.44712168       11.87616807       -0.14818820
      1       10.29710079       13.40945520       -7.28993032
      1       -4.40880203        8.91944223        4.47825510
      1       14.08933527        1.98457689        6.16507030
      1       -4.25108797        7.43047367        8.05991187
      1       -0.19035241      -11.71932500       -3.55322645
      1       -0.83858676        2.68683993        5.68716059
      1        0.31405329       -6.38835433       -2.76234599
      1       -1.35111156        4.73758866       -8.13545555
      1        7.39167862       -9.80933690       -9.81457078
      1        1.53622513       11.74265766        6.00196149
      1       -8.57537763        2.09737309       14.19048701
      1        7.81171035        1.97134654       -7.37344131
      1       -6.74186172      -13.43133042        6.66869760
      1       12.88516320       11.81912020        7.70330846
      1       13.87152323       -9.09162260        7.83768016
      1        1.96111262       12.21134783      -13.92291929
      1       -8.49036298       11.59607391      -11.74460003
      1        8.44130073       13.64078632       -8.74632904
      1       -4.66056883        6.74708727       -2.21862856
      1        7.06662032       -5.90885001       -3.15916700
      1        3.46150546       -6.47455656       10.66061300
      1        1.11026535        0.57250176       -4.24289855
      1        6.04119305        8.84501593        2.45995906
      1        5.60866036      -10.60096871       10.85136473
      1       10.56188843       -1.77255829        6.77362241
      1       -9.23955765       -8.36619409        9.44514613
      1        9.26784286        1.60464063        0.13895439
      1       -5.25871977        2.59427712      -11.91891370
      1        3.66835806       -7.39464411       -4.05436777
      1      -11.88847364        3.33474990        5.49253111
      1        7.11722585       -8.83251322        4.26877772
      1       -5.08624633      -10.88804873       -0.80645475
      1        3.90747953       -7.52447863       12.78923551
      1       -2.16893901        9.69662110       -1.16333631
      1        8.90584138        9.05351369        9.42791468
      1        0.39748858       -9.88569154       12.31150111
      1        3.19672585      -10.69900589      -13.29538801
      1       11.06242326       -8.09509162      -13.32028889
      1        7.58845602        1.76031835        3.85952308
      1        2.47156093      -12.69227858        1.90650398
      1        3.68367365       -9.89522528        3.96527728
      1       -8.55230095       -8.93765303       -8.38599773
      1      -13.08146425       -9.63011041       -1.76421044
      1       -9.27965154       -4.53672428       -6.94020532
      1      -10.64381434      -11.25575274        6.67525261
      1       -6.96896986        8.75250168       -9.33598462
      1       -3.25951660       13.29134320      -11.48121642
      1        8.74506861       -4.34040641       -3.71924863
      1      -13.74014144        1.92953251       -9.03688403
      1       -7.88773131        2.87002620        1.57833901
      1       10.55498476        7.24144608        9.95215707
      1       -6.96521233        5.48144268       -6.46203978
      1      -12.15270401        2.85050656       12.90025497
      1       13.39659049       11.85055110       11.40900398
      1       -7.86215279       10.33598817        9.46547360
      1        7.46424325       -0.51198865      -11.45559819
      1        4.92994243        7.72851795       10.06909276
      1       -3.10962443       -0.88145154        2.59440188
      1        3.72586878        5.99850777        0.52219754
      1        4.19548013        5.73017041       -5.62096586
      1       13.71775702       -4.15096023      -10.03557668
      1        7.33616391        7.05630803        6.77523646
      1        9.69744681       13.76654429        6.24419849
      1        5.00696960        2.27435281       -4.56424810
      1       -0.44743176        2.37219774       -7.57278853
      1       -5.59826303      -12.14211573       10.32725753
      1       -5.97175671       13.74639215        8.85832589
      1        6.36167056       12.05796012       -3.95437017
      1       -3.65087654       12.35866300        6.15918996
      1        6.11978214       -1.29728411       -8.62289528
      1       -0.32652246       -2.65408396        2.34409205
      1       -1.83532638      -12.99510306       11.37789903
      1       -2.20384062       13.68606692       -5.83650800
      1      -12.59671500       -2.36983630        2.15850220
      1        4.46061804      -13.39685305        5.43454709
      1       10.30059183        6.23869650       -3.57829912
      1       10.92966975        7.88229189        4.25046172
      1       -1.41847694        6.55497049      -11.28832427
      1       -7.65856782       -6.76102505       -4.09664177
      1        9.48181021       -4.76282626       13.03157058
      1       -6.42591250       -3.98388132        5.94423225
      1        1.57407169        9.15845659       -1.57388771
      1       10.77843260        3.42438694       -9.92601841
      1       -6.78430348        3.71163601      -13.41045828
      1       -6.69084573       -7.58373903       -0.89500656
      1       -0.05545681        6.28764949        4.98316804
      1        8.57493828      -10.78705884       -6.11380438
      1      -11.74049529        6.18666514        7.90477520
      1      -11.13663467       11.92302758       -0.63911646
      1        8.44689774      -13.12837635       -2.34350263
      1        7.56269188       -2.96099160       -5.27569919
      1       -1.15121752        7.87552989       -2.67502391
      1      -13.17276939       10.98765241        0.29448538
      1       11.70837326        3.09092527       12.39301512
      1       11.04091584       12.43412904      -13.18356313
      1        2.13856331       -9.73896730       -9.10991579
      1       13.88806601       -6.72889245        7.72528388
      1        0.65903156       11.35612240       -7.87384389
      1        0.72039195        3.72291184        8.98906974
      1       10.40261917      -13.07837693        0.89936026
      1       -0.10031000       -3.93697342        8.98259284
      1        6.20470609        5.50597796      -11.65598327
      1        0.94104400        0.92477398        2.98380679
      1        6.56226342        5.67195049       -5.87739715
      1        9.05679325        9.66001975       11.77944311
      1       -1.07045364       10.99611835        3.47845377
      1       -8.01953737       11.36541629        5.63874356
      1        2.29886456        5.46522842        8.57045456
      1      -12.22266384       -0.06127092      -12.25001818
      1        4.15166682        1.15830208       -6.47600213
      1       -1.89598687       12.29351062        1.68844148
      1        8.75890354       -3.11467130        5.73030374
      1        2.64139805        4.58262633       -7.04187110
      1        8.17542874       -2.93396664      -11.62657867
      1       -5.62068358       -0.86290859       -8.03838448
      1       -5.55407385       -4.34118473       -6.42219772
      1       10.47010230      -12.38839554       -5.98096057
      1        5.09572903       -8.59927942        0.31162628
      1       12.69880523       10.22884381       -6.99313828
      1       -3.07784387      -12.12472645       -1.23340050
      1       13.35509418       -2.86952958       -2.74251992
      1        2.27429046        0.54836569       11.16156940
      1       -3.63295436      -12.31269741       -5.09325537
      1        5.97590742       -4.44308554       12.86574113
      1       -8.55681955        8.02883694       12.57655377
      1      -10.19266169       -6.32298140        1.87868939
      1       -9.10770373       12.45138063       13.90414737
      1      -10.99863375       10.72679408       -2.78669621
      1      -12.63445697       13.52602783        5.77274428
      1       11.81119809        2.37112263       -8.05895806
      1       11.51105336       -5.15440132      -10.37732401
      1        1.93357376        8.34217909      -13.50142650
      1       -4.33994272        0.65371457       -4.88843749
      1        6.95773228       -6.59954478      -12.34802709
      1        9.09696683        4.49218673        5.05354782
      1       10.57456907       -3.29481270      -11.65891539
      1        3.43258240        5.31045683        6.40284105
      1      -13.42456399        1.47124123       -4.39296103
      1       -7.73936749        9.92631733       -7.44535210
      1       -1.75047981       13.67833387        6.74513476
      1       -0.45747578       -1.20784073      -10.03499037
      1        6.82442784        8.19869212        0.29532225
      1       11.15187509        5.49592002        4.43973768
      1       -4.90635066        0.39142334       -0.32437181
      1       -3.80613847      -10.27870837      -10.76280255
      1       -6.78054157        4.79789712        0.70969464
      1        5.35415776        8.62205180       12.20893699
      1       -2.70174374       10.06833446       -6.33898978
      1      -13.81130821      -11.34481591      -10.99442972
      1        3.31295218      -11.22719415       10.23211112
      1        4.49410091      -12.55765343      -10.85336399
      1       -6.01170809      -13.94792676        0.99559023
      1        2.90299192        0.99769883      -13.06902360
      1        3.20896646        6.61902662        2.82942582
      1       -1.12550032       -0.11668845        9.42143257
      1        7.22991640       11.46443455      -11.68666717
      1      -12.61051556       -9.26496358        4.27566537
      1       -4.72535354        9.34459321       -9.48842703
      1       13.99728548        5.81059259        2.03966625
      1        5.06196261       -1.34025670       10.74571720
      1        2.94258902        6.55153903       -3.46024226
      1        0.78755098       -0.09645416        7.98746460
      1        2.16022942       -3.28587537        9.18247994
      1       -8.82444842      -10.62045970        9.89280542
      1       -3.13540936      -11.48408214        4.68948742
      1        1.14265698      -12.46517247       -1.68512200
      1       12.50596033      -11.17394182       -6.60194482
      1       13.66571455       -5.95219030       11.95495388
      1       -1.87949071       -1.84953009        0.53617083
      1       12.29042294       -0.53829289       -0.23254197
      1        2.89574423      -13.67664250        8.96847458
      1       -8.22938206       -1.53252147      -13.32869413
      1        3.11323880        8.94292440        9.11731857
      1       -4.74376068        4.39697428       -6.05499161
      1       -2.66639140       -1.10713511       13.34474835
      1      -10.10667007        7.11790472       -4.52704696
      1       -8.55128909       -4.93054192       11.08862625
      1      -10.62702658       -1.75668510      -13.18109245
      1       -1.00776924        6.00056882        0.99855512
      1       -9.90796816      -13.40115427      -12.87203023
      1      -13.46089174        8.80066151       -0.53870046
      1      -10.04817069       -0.97425523       -9.10647170
      1       -3.61958775       -0.02825341       -7.04353496
      1        0.45858208        2.96075661      -11.14050421
      1       11.45100310       -1.18528318      -10.94863101
      1       10.57277686       -1.27354384        3.06056008
      1       -0.77729374        7.98960754       10.19114232
      1        6.24474512        2.52023614       11.02000677
      1       -7.31617879        7.80046238      -13.09916363
      1       -5.65635038       -1.22859210       -4.23030731
      1        6.69740729       11.46155663        5.34681315
      1       -3.08967779       -5.54461528        3.31258835
      1       -5.58329305       -7.50990323        1.19336551
      1       -1.31941472       10.07465182      -10.17214908
      1        5.69191931        7.71065999      -12.35949835
      1       11.50420984       12.20024138       -4.03304504
      1        8.95523317       -6.87748899      -13.79244093
      1       13.80584985        5.30465646       -4.97260509
      1      -10.22249898        8.49601640       -2.55608972
      1      -10.51091026       -3.26444987        5.24649576
      1       -1.07123803      -12.88004124        8.85477223
      1        5.72665400       -9.06516173       12.67614539
      1       11.69669641       -0.01221430      -13.09947988
      1      -11.25583596       11.89137958        9.24078653
      1       13.76909851        1.25360468       -0.89422279
      1      -10.04511710       -8.52080936      -10.22179595
      1       -8.07959169        1.03413377        9.31383741
      1        3.97478861       13.03480547      -10.29744345
      1       -7.88260645        4.37980023        5.35577532
      1        2.82576476       -0.95271920        9.19840781
      1       -6.79434756      -11.99983543       -7.76089491
      1      -12.33391182        6.68786005        3.73799154
      1      -12.84400088       10.62987413        2.67476929
      1       -5.13621267       12.17334530       13.09655142
      1      -12.88588231       11.77364134      -13.24762964
      1        8.29313268       -5.50646986        5.54952546
      1      -11.96658265      -10.57568295      -12.50052706
      1        5.85707019       -5.61564988        5.59774148
      1       12.93119694        7.86210556       -7.66337612
      1       12.39295951        2.23287350        2.37478486
      1       -1.57433925        4.50550217        9.49638915
      1      -12.27213158        0.55898306       -2.32792088
      1       12.58240738        8.38372652        9.45273087
      1      -12.27199777       -5.44890993       -9.00522322
      1       -6.26590739        3.18495319       -2.63288584
      1       -2.55472112       -6.91740664        8.79693840
      1       10.41033875       -6.23599260        9.30768986
      1        8.91543986        9.56613871       -5.69552698
      1      -10.36063222        8.20106641        7.67859081
      1       10.13712044        2.80193453       10.48693650
      1       -3.91673215        8.17188852       12.96801360
      1       -7.26291488      -12.95538416       -3.02587723
      1       13.55253655       -6.00725345       -0.69088142
      1       13.50977713       -3.50017510        8.80622365
      1      -12.56161861      -11.83039879        9.97602223
      1        9.68548036       13.48730698        9.92032798
      1       -6.53593166      -10.42581863        8.98866988
      1       -0.92393509        1.41742654       11.29706031
      1        6.35294162       -0.57634028        6.71436442
      1        8.73143764      -13.16658582       11.79442781
      1        8.03529769       -6.77379234       -1.17359837
      1        7.73582700        9.16335976      -12.55926215
      1       -9.32416060       11.41690819        0.93631296
      1        3.95409090        7.85418478       -6.96220756
      1       11.92900799       13.18614272       -9.03644906
      1       -1.41211340       -6.18831017       -9.04095750
      1        0.41907407        8.12871926        6.49506033
      1       -9.51874784       11.66884310       -4.39329228
      1        4.73370148       -4.60896308      -10.18409085
      1       11.45022115       10.09087319      -12.92454522
      1       -2.23540042        1.06140071       -3.79980438
      1       -6.82127520       -3.85216396       12.32765481
      1       -1.63466081       12.41858362      -12.96518311
      1      -10.70097764       -0.37210569       11.24130344
      1        0.87549253        0.75180464        0.59191003
      1      -13.19118554       11.77697746       -6.78822432
      1       -4.90912352       -1.13573217        8.59692405
      1      -12.49758466        3.49250164       -5.28010143
      1       -3.75104193       13.50329410       -1.96995749
      1       12.96051581      -10.39497336       -8.93599316
      1       -1.78131388        4.85234943        5.87300059
      1      -12.84000276        5.75546596      -10.36374860
      1       11.63512760       -7.85681499        4.57444837
      1        3.53159453        3.38801480        2.91496052
      1        8.59549588      -10.37975732        5.44867820
      1      -12.17535256        2.33589940      -12.57086732
      1        3.96040279       -3.98485929       -4.77043027
      1       -9.98332637      -10.90764562      -10.98041015
      1       13.05236356       -2.46183432        6.57887310
      1       -5.36412760       13.47960926        4.90636519
      1       -5.19202330       -8.96190942       -2.20282507
      1       -8.79614005       -2.18832911       -7.16180663
      1       12.43002470        5.35670688       12.71835642
      1      -13.37213022        2.16930328        1.14119107
      1       -9.58726303        9.74850874        4.89581995
