natoms:
8
outcoor:
0.595987 0.452814 -0.202691
0.756783 1.417019 0.249816
0.396157 0.583658 -1.261201
1.518208 -0.124847 -0.149011
-0.582897 -0.414831 0.320872
-0.352058 -1.304774 -0.258220
-0.799959 -0.448210 1.407711
-1.533066 -0.160699 -0.107286
energy:
-2143.5885057513
forces:
-0.002300249 0.000433686 -0.003782611
-0.003985594 0.002211785 0.004050464
0.003522550 0.006503636 -0.000859506
-0.002155103 0.004299002 0.005475471
-0.002648431 0.001567737 -0.011130997
-0.007601490 -0.021979212 0.029074451
0.021595481 -0.012519590 -0.017022776
-0.006427164 0.019482957 -0.005804496
