 run_id:         1006
 total_energy:   -2143.97290065240     
 S   100.000000000000        100.000000000000        100.000000000000     
      6        0.60381500        0.37729000       -0.29580400
      1        0.75364600        1.32274000        0.21315900
      1        0.45110500        0.58190500       -1.34945600
      1        1.51061500       -0.20810000       -0.19383900
      6       -0.60402600       -0.37725800        0.29580100
      1       -0.75481000       -1.32200000       -0.21419200
      1       -0.45063700       -0.58324400        1.34908800
      1       -1.51055400        0.20879700        0.19523300
