 run_id:         1001
 total_energy:   -2143.97323846270     
 S   100.000000000000        100.000000000000        100.000000000000     
      6        0.70162600       -0.12813000       -0.29340900
      1        1.14340000       -1.01813400        0.14015200
      1        1.36156800        0.70806300       -0.09210600
      1        0.65047100       -0.26617900       -1.36745700
      6       -0.70184500        0.12815300        0.29339300
      1       -1.14374800        1.01798200       -0.14039400
      1       -1.36171600       -0.70816700        0.09241400
      1       -0.65060000        0.26654100        1.36739800
