 run_id:         1004
 total_energy:   -2143.97304105500     
 S   100.000000000000        100.000000000000        100.000000000000     
      6        0.64548600        0.32652600       -0.26682100
      1        0.83957500        1.26527900        0.23957200
      1        0.56462300        0.52686100       -1.32921600
      1        1.49866200       -0.32380900       -0.11024600
      6       -0.64569700       -0.32649300        0.26681900
      1       -0.84022700       -1.26484500       -0.24015000
      1       -0.56452400       -0.52757500        1.32904900
      1       -1.49874300        0.32418800        0.11098300
