 run_id:         1000
 total_energy:   -2143.96292448020     
 S   100.000000000000        100.000000000000        100.000000000000     
      6        0.69704500       -0.20351000       -0.25971800
      1        1.36175800       -0.43710300        0.56425700
      1        1.14307000        0.59974000       -0.83521200
      1        0.63024500       -1.07792400       -0.89712200
      6       -0.69725500        0.20354200        0.25971800
      1       -0.63036700        1.07751400        0.89772000
      1       -1.36174500        0.43785200       -0.56423500
      1       -1.14359500       -0.59998300        0.83458200
