 run_id:         1003
 total_energy:   -2143.97305321850     
 S   100.000000000000        100.000000000000        100.000000000000     
      6        0.69712300        0.16088200       -0.28729400
      1        1.34194000        0.57737200        0.47830300
      1        0.62378500        0.88062400       -1.09474800
      1        1.16921400       -0.73458200       -0.67544900
      6       -0.69733500       -0.16084900        0.28729200
      1       -0.62412800       -0.88161000        1.09384900
      1       -1.16886900        0.73437600        0.67666800
      1       -1.34257500       -0.57608300       -0.47863100
