 run_id:         1005
 total_energy:   -2143.97302920170     
 S   100.000000000000        100.000000000000        100.000000000000     
      6        0.57301600        0.45329600       -0.24623100
      1        1.05678900        0.94909200        0.58774100
      1        0.19838500        1.21524700       -0.92035700
      1        1.32173900       -0.12598500       -0.77463300
      6       -0.57322700       -0.45326300        0.24622900
      1       -0.19878500       -1.21445300        0.92131900
      1       -1.32255800        0.12620300        0.77356400
      1       -1.05620400       -0.95000600       -0.58764200
