 run_id:         1002
 total_energy:   -2143.97298187840     
 S   100.000000000000        100.000000000000        100.000000000000     
      6        0.65357400        0.04273600       -0.40711700
      1        1.49886500       -0.28712100        0.18618300
      1        0.84267800        1.06152200       -0.72593800
      1        0.59800100       -0.58224500       -1.29121800
      6       -0.65378400       -0.04270400        0.40711500
      1       -0.59860000        0.58306800        1.29068200
      1       -1.49921600        0.28619000       -0.18651800
      1       -0.84236300       -1.06131600        0.72680100
