 run_id:         1004
 total_energy:   -2143.97304105500     
 S   100.000000000000        100.000000000000        100.000000000000     
      6        0.65068537        0.32906621       -0.27142667
      1        1.13927523        0.91908129        0.49434099
      1        0.44351553        0.98359828       -1.10933639
      1        1.35469268       -0.42253275       -0.60702246
      6       -0.65191419       -0.32762979        0.27067819
      1       -0.59947320       -1.40749979        0.20531564
      1       -0.81774442       -0.06842841        1.30920114
      1       -1.51988200       -0.00552504       -0.29176044
