 run_id:         1002
 total_energy:   -2143.97298187840     
 S   100.000000000000        100.000000000000        100.000000000000     
      6        0.65880311        0.04044026       -0.41193443
      1        1.36442652       -0.71537943       -0.08953702
      1        1.13412600        1.00643244       -0.29315392
      1        0.47640092       -0.10903052       -1.46924785
      6       -0.66034335       -0.04028371        0.40981060
      1       -0.84709856        0.88549761        0.94012003
      1       -1.51383886       -0.23163739       -0.22928593
      1       -0.61331976       -0.83591026        1.14321951
