 run_id:         1005
 total_energy:   -2143.97302920170     
 S   100.000000000000        100.000000000000        100.000000000000     
      6        0.57953389        0.45674107       -0.24677730
      1        0.72116745        1.30692956        0.40939512
      1        0.37797944        0.83774731       -1.24044026
      1        1.51495600       -0.08786631       -0.28660663
      6       -0.57986437       -0.45562843        0.24848311
      1       -0.22612202       -1.45805049        0.45630682
      1       -1.02644087       -0.06914667        1.15660116
      1       -1.36205452       -0.53059404       -0.49697201
