 run_id:         1003
 total_energy:   -2143.97305321850     
 S   100.000000000000        100.000000000000        100.000000000000     
      6        0.70260593        0.16250277       -0.29169214
      1        1.47054598        0.06293773        0.46558156
      1        0.74825250        1.17430686       -0.67568782
      1        0.95238307       -0.50928491       -1.10377165
      6       -0.70350353       -0.16066307        0.29101608
      1       -0.64104281       -0.41291428        1.34249754
      1       -1.37492790        0.68382534        0.19450474
      1       -1.15515825       -1.00058044       -0.22245831
