 run_id:         1006
 total_energy:   -2143.97290065240     
 S   100.000000000000        100.000000000000        100.000000000000     
      6        0.61128554        0.37874090       -0.29709533
      1        1.08781341        0.99376121        0.45638015
      1        0.31024455        1.02831455       -1.10988505
      1        1.35654901       -0.30677249       -0.68213433
      6       -0.61061652       -0.38133097        0.29554158
      1       -0.48828009       -1.45460898        0.21371448
      1       -0.74327314       -0.14415522        1.34398396
      1       -1.52456776       -0.11381799       -0.22051546
