 run_id:         1001
 total_energy:   -2143.97323846270     
 S   100.000000000000        100.000000000000        100.000000000000     
      6        0.70802805       -0.13007457       -0.29455073
      1        1.35220213       -0.61628299        0.42761766
      1        1.18662303        0.79467449       -0.59218490
      1        0.65302178       -0.76783750       -1.16792835
      6       -0.70747669        0.13105134        0.29594201
      1       -0.93308965        1.18992895        0.32301701
      1       -1.47193395       -0.35289693       -0.29897105
      1       -0.78821870       -0.24843477        1.30704836
