coords: 

5.774178    4.876044    5.052629      
6.082131    5.837386    4.582479      
6.272534    4.093076    4.477962      
6.263025    4.823969    6.048870      
4.207973    4.877119    5.003992      
3.893008    4.612964    3.951130      
3.727466    4.142358    5.655349      
3.824293    5.906924    5.125509      
energy: 

              -14.949553854366387
forces: 

-0.00423277     0.01719132     0.00027282
0.00355715    -0.00736479     0.00479041
-0.00553566    -0.00672139    -0.00513838
-0.01138960     0.00381850    -0.00205018
0.01426799    -0.00361820    -0.02716783
0.00468513     0.00150357     0.01463214
-0.00117520     0.00289699     0.00520464
-0.00043741    -0.00720708     0.00954975
