 run_id:         1000
 total_energy:   -406.972465624896     
 C          5.76480267        5.00008768        4.99996023
 H          6.16557444        5.76924177        4.32699619
 H          6.16561697        4.03269519        4.67042001
 H          6.16562826        5.19832584        6.00250617
 C          4.23515344        4.99997469        5.00007845
 H          3.83438383        4.80193797        3.99748407
 H          3.83443815        4.23068363        5.67289988
 H          3.83439764        5.96731073        5.32981306
