outcoor:
      1          6           0        0.697045   -0.203510   -0.259718
      2          1           0        1.361758   -0.437103    0.564257
      3          1           0        1.143070    0.599740   -0.835212
      4          1           0        0.630245   -1.077924   -0.897122
      5          6           0       -0.697255    0.203542    0.259718
      6          1           0       -0.630367    1.077514    0.897720
      7          1           0       -1.361745    0.437852   -0.564235
      8          1           0       -1.143595   -0.599983    0.834582
siesta: Atomic forces (eV/Ang):
      1        6          -0.000038923    0.000013113    0.000013630
      2        1          -0.000023551    0.000003972    0.000009195
      3        1          -0.000019492    0.000008655    0.000009308
      4        1          -0.000023405    0.000007496    0.000006172
      5        6           0.000038778   -0.000013202   -0.000013939
      6        1           0.000023039   -0.000004539   -0.000010408
      7        1           0.000021717   -0.000008837   -0.000009298
      8        1           0.000021837   -0.000006657   -0.000004661
siesta: Final energy (eV):
siesta:         Total =  -2144.0923651719
siesta:         Total =  -2144.0923651719
siesta:         Total =  -2144.0923651719
siesta:         Total =  -2144.0923651719
siesta:         Total =  -2144.0923651719
siesta:         Total =  -2144.0923651719
siesta:         Total =  -2144.0923651719
siesta:         Total =  -2144.0923651719
siesta:         Total =  -2144.0923651719
siesta:         Total =  -2144.0923651719
