 run_id:         1004
 total_energy:   -2143.97302310000     
 S   100.000000000000        100.000000000000        100.000000000000     
      6        0.76873755       -0.04793575        0.10985436
      1        1.13685632       -1.03449605       -0.14381178
      1        1.02716176        0.14389144        1.14407328
      1        1.30224663        0.66981273       -0.50144686
      6       -0.76866818        0.04962967       -0.11107901
      1       -1.17016408       -0.88821222       -0.47496427
      1       -1.28094012        0.29076591        0.81228406
      1       -1.01607587        0.81667128       -0.83491778
