 run_id:         1010
 total_energy:   -2143.97304370000     
 S   100.000000000000        100.000000000000        100.000000000000     
      6        0.70295900       -0.20374784       -0.26371304
      1        1.47550641        0.06722406        0.44545627
      1        0.93026002        0.28789535       -1.20176664
      1        0.76731020       -1.27245172       -0.42802809
      6       -0.70403120        0.20319026        0.26187798
      1       -0.63415086        0.66974165        1.23686203
      1       -1.18541882        0.90708976       -0.40603762
      1       -1.35327976       -0.65881252        0.35534011
