 run_id:         1000
 total_energy:   -4104.1497650514930     
 P   27.848118434861512        27.848118434861512        27.848118434861512     
      1       -0.12246669       -8.80141078        6.81505098
      1      -13.08540314       -9.09078651       -8.06526678
      1       -7.83409194      -12.44303179      -11.84756592
      1      -10.24414290        8.39545739      -10.63931371
      1       13.07103560       12.85050976       13.50487916
      1        8.97796565      -11.09405776        0.75724769
      1      -13.82430706       -3.70361749       -0.70647910
      1       -2.93571978       -4.87721209       12.76597907
      1        0.74498592       -1.64263827        6.12605682
      1       -1.07280741        0.07144286       -0.54967649
      1       -1.43814537       -3.52602521       -1.29027923
      1       -2.75911245       12.94901343       12.73152473
      1       12.09139650      -11.51262630       11.64780970
      1        8.95898795        2.80094507       -4.38054003
      1       -5.62316400       12.07778753       -4.92853685
      1      -11.73093150       -6.09346307        8.05530474
      1       -5.34482968      -10.43723943        4.93214440
      1        5.61266885        9.32498415       -1.41644807
      1       -2.68121121       10.40841798        5.16383876
      1        8.68998959       13.04078138        1.25454046
      1       -2.32776757       -9.65503569        1.52678207
      1        3.10776680       -4.11170512        7.14048377
      1        4.93276783        2.56862681       -9.96148488
      1       10.55250628      -13.40579980       -3.75426827
      1        0.24344502      -12.80015752       -8.57850108
      1       -0.24643460        9.70832399       -6.28630789
      1       13.02181694       -9.51709447        3.60490914
      1       -4.98408115       -8.48420533        9.31332584
      1      -10.07400452        3.24832323      -12.24533380
      1       -0.32095113       -5.37363977        5.50343360
      1        4.88803550       -5.92644954      -13.50583264
      1      -11.04690784       -8.81550359       -4.87019428
      1      -10.81096968        2.83159092        3.39962612
      1        9.84778568      -11.14589400       12.41289119
      1        8.32348147        6.09686702       12.66299162
      1      -12.02183625       -0.62965363        3.72148742
      1       10.89638940        6.63027616       -7.46621937
      1        7.01594727       -0.67350911       -4.76353843
      1       -5.64867488        2.75937611       -9.48811823
      1       10.94934337        0.46682151        1.41351645
      1       10.90441526        7.16145290       -0.01268356
      1       10.85621660       -2.48667772        8.82340116
      1        4.57525850        0.79510134       11.57477056
      1        8.97673630       -8.98077105       -4.54329738
      1        1.16366354       13.01705495       -1.41032489
      1       -4.09616924       11.08539544       -8.08999751
      1      -13.35065781        7.70267673      -13.13473540
      1        6.73568904        4.95989270       -2.02582966
      1      -12.68472212       -7.32551934       -1.77628153
      1       10.06267209        4.88508065        9.07661545
      1        1.21122351       -9.36669514        0.89200755
      1        7.62184401        2.47168161        1.55023767
      1       -3.20738181       -7.71211126       -5.28878727
      1       -0.07442484       -6.16524612       14.79774276
      1        6.93956578       -5.82916583       11.16879850
      1        4.66847270       -3.09902996       -8.24542150
      1        1.81826074       -8.77160067        3.16676868
      1        5.71995743       11.79855496        9.45528018
      1       -0.37358728       11.78906868        7.40903826
      1       -4.40697456        4.45201175        0.42642710
      1        2.26870942        3.24763084      -12.62432953
      1       -8.89450978        0.75439102       -4.32307990
      1        8.14468184       11.66301938        9.38915978
      1        5.35894348        0.13758072      -10.43393066
      1       -7.31254058       -5.85105403       -6.20547718
      1        7.15249338        5.15503346        3.68839811
      1      -11.70102942       13.25825434      -11.73950316
      1       -3.14328486        7.18770842       -3.96615845
      1       -0.02195653       12.18102942       -3.27128823
      1        7.16491325        3.13491417       -9.33713504
      1       10.47141051      -10.42734347      -13.10384738
      1       13.98710818        9.78394643      -10.09901692
      1       13.40618181       -6.66686272        1.51217321
      1       -3.29414217        3.48750898      -12.78568327
      1       -1.49492396        1.94361167      -12.19008647
      1        3.00748563       10.72686106       10.80582750
      1        2.62079222       -4.29941078       11.29435185
      1        7.71576914       -7.83779838       12.24709945
      1        3.75258603      -10.93759493        7.70244258
      1       -4.01031009       -1.04114690      -11.22540582
      1        7.11455169        7.55204315        9.08917777
      1       -8.83690690        3.98902591       -6.27782529
      1       11.19708097       -8.71218572       -1.45352125
      1      -13.17285461       -0.36315963        5.86330956
      1        0.90823106       -5.63621277       -9.39275609
      1        5.62882957       -9.65698570        2.54771084
      1       -0.73800085       -2.47293793       -7.98653038
      1        9.60462730      -12.76993028        8.12905234
      1       -2.23251673        3.32871998       -2.76521743
      1       -3.68463793        5.82237701      -11.78117490
      1       11.94843825        4.54429399        2.41690071
      1        0.63049912       12.46896901      -11.92817298
      1       -7.78541095        0.41652221      -12.18060708
      1      -10.27457408        9.52731904       -7.38209757
      1       -5.16528672      -13.70468658       -3.81985023
      1       -9.99101184       -6.82965656       -3.98047137
      1       10.20008666       -7.96207602       -7.87013329
      1       13.14431986        9.49463213       11.48012171
      1       -2.18240962       10.20485954      -12.36811195
      1       -0.09725827        6.19528247       -1.26393597
      1       -4.80643840       11.78464748        8.15822061
      1      -12.64415209       -1.58267784       -3.65610200
      1        9.18389434      -13.06659768      -10.73313998
      1       -8.65045009       -4.77962650        5.13922496
      1       -9.80589248       -1.25821505        4.18480680
      1        2.98171890       -2.23378244        5.74669283
      1        9.77964566        9.83145717       -9.36523426
      1       11.44213652        5.34880730       -5.50048893
      1       -3.99952589        1.34998330        2.76949834
      1       -3.24364965       -9.09020798      -14.01371955
      1      -13.78883571       13.71617219       -8.09785277
      1        1.32867755      -11.97960012        7.75028069
      1       11.23886093        6.89954563      -11.15693476
      1       12.98177367        7.68931730        1.00592406
      1       -3.36663301       -2.93638050        8.56371923
      1      -10.59476861      -13.18147650        5.38114565
      1       -7.77004329        4.84090735       -1.62176961
      1        8.65143764        2.48734679      -12.96773392
      1       -8.80880572       -8.59871991       13.06683873
      1        8.88339355        2.09416973      -10.61819340
      1       12.77527955        5.90084225      -12.81045728
      1       -9.29551259      -12.16511788       -0.18629492
      1       -0.90851892      -13.31274456        4.69012372
      1        6.01576796       -8.49000521      -11.26547619
      1      -13.06284097        6.83915797       -6.59283291
      1        2.60986420       12.38263821       -6.87178950
      1       -8.05390981        6.39004641        4.03905796
      1       11.31112830      -13.88421417      -11.31627257
      1       -6.82343273      -11.06953300        6.67680288
      1      -12.84936304       -5.51208615       -6.74222545
      1        5.07558547       11.19918323        7.16277707
      1      -12.87698599      -10.51599691        6.24865961
      1       -2.72740537       -2.55807328      -12.54248868
      1      -10.91531307       -4.91080103       -5.20832507
      1        5.39146722       -4.49855882        7.61692327
      1        6.03916750       -6.46491162        0.17089476
      1        9.70198387        2.11993400        5.17649823
      1        2.85845310       -9.11950787       -0.76132691
      1        6.35210647      -12.81347390       11.37466166
      1       13.09812436      -11.87278082        3.79304795
      1        9.62729676       -3.26545640       -1.77294157
      1       -1.03416664        0.63653337       13.60794199
      1        9.25647316        9.77720959       -2.00101450
      1        3.96076614        9.13547726        6.89733687
      1      -10.86643634       -4.20097094       11.11649060
      1       -6.09310353        8.63766831        1.17833673
      1        1.94358476       -5.83241879        5.85871548
      1       11.48327121       -0.92522486       10.53305246
      1       13.68653475        1.79575178       12.17096165
      1        7.54664238        1.15146344        7.91111383
      1        0.27365328       12.12756354        0.58426815
      1        0.03720965        9.18095449        2.39250657
      1      -12.28093061       -7.02720806        4.89281225
      1        8.24351365       -2.00905210        3.59891865
      1      -13.49645606      -13.37123990       -4.08143171
      1       -2.95767580      -10.23365066       -8.56436736
      1        1.96591824       -2.79078371        1.60049629
      1        8.84445085        8.47271694        5.39300465
      1        1.52492165      -13.75600071       12.55292131
      1        2.17986650        6.86347155       -1.19813637
      1        4.44377703       -7.01267190      -10.05625280
      1        5.74001971      -11.44812318       -9.17202773
      1        5.06593380        1.28121244       13.86055184
      1       -0.24306721        7.19382722      -13.30446896
      1       12.94802166      -12.66310568        9.71692828
      1       -8.19571384       -4.08453112       -0.97884386
      1        5.97209829      -12.49195552      -12.70364129
      1       11.13978531       -9.13266998       -9.74112039
      1      -13.07394807       -9.46796157        9.93613663
      1       -1.17275562        7.26209358        3.10766630
      1       11.78879009       -3.43286742        2.75242035
      1       -7.17625802      -12.33943163       12.16577505
      1        7.31101367       -9.83046573        9.32844382
      1        1.58242614      -13.33444303       -6.49755558
      1      -11.64365451        9.68763285        6.17670208
      1        2.54306588       -6.41673915        3.59159483
      1       -9.60055048       13.50796815        8.78255446
      1       -1.90070291       -4.23159935       -5.41568711
      1       11.57774587       -9.58178817        7.96330296
      1       -2.08103239       -9.55737649        3.84990765
      1        8.25913506       -2.34272704       -8.88344164
      1       -5.08517967       -6.61315952       -8.94600622
      1      -12.36849438       -6.01872010        2.77150924
      1       -6.59453383       -0.80489070        3.04400206
      1       -2.70777241        1.68595025       -8.41905455
      1       -5.81835137        8.42004145        6.40886636
      1        0.83796472       -4.24299161       -1.64171936
      1       12.72408940       -9.29320540       -5.10108653
      1      -10.18528687       -5.06673400       -0.16722126
      1      -12.66195798        5.52247720        5.75373677
      1      -13.63020327       -2.16140604       12.61533109
      1       11.01021880        3.04940255       -5.73073443
      1       -1.94970233       -2.43432197       -3.61392677
      1       -6.06724719        1.06001642        1.67396967
      1       10.36110431        3.43960083       -0.91841244
      1       -9.70102923       -2.86825603      -10.27429277
      1       -6.41995611       -7.07683025      -10.82771078
      1      -11.32886469       -2.25533727       12.45276455
      1        3.34813712       -0.65074584      -11.43459141
      1        1.29467125       -9.79246842       10.16049937
      1        3.96946467      -11.30008166       -1.28490628
      1      -11.61843457        5.84829688       -8.31394909
      1       -5.72805745       -7.27368919       11.27454371
      1        3.61669796       -2.71597026        3.43561844
      1       -9.46000735        5.76087796       12.34284306
      1        9.14754678       10.70016964        1.86411367
      1       -0.71472233        5.71922886       -5.75000966
      1       -1.56908810        7.85700378       -9.22686795
      1       -0.38635805        5.37481165       13.08245199
      1       13.14096116        9.05974847       -2.53652891
      1        4.63033258        9.40701188       -5.23122437
      1       -2.87747763       -5.44801754       -1.00408224
      1        0.14282282       -9.69613822        4.65345808
      1       -4.62369816      -11.11362305       -6.94952860
      1       13.30218370       -1.76486291       -9.54362265
      1      -13.33322994      -12.49796970       -6.36446600
      1       -1.67269489      -11.82681444        0.78920072
      1        4.89940366        3.26863407       -1.45841651
      1        3.76055936       -9.07389028        6.24431366
      1       -7.36696342       10.61668066       -3.88454933
      1        9.97296849       -5.34170861       -0.59369666
      1       11.42609210       -1.68227105       -2.20765208
      1      -12.48314998       -0.20107537        9.65503092
      1        9.93913957        8.88048694      -11.54342987
      1      -10.40912267        3.80299215       -8.07259055
      1      -11.07568022       11.36129731       13.02051260
      1       -2.30003396      -13.33835532        2.53241523
      1        6.21133025        5.91263403        0.09899083
      1       13.86852969       12.16902551       -4.56671460
      1       -0.94532047       -7.37045749       -6.51646492
      1        7.86757668        5.64678017       10.31537994
      1       -5.21286864       -7.80206987       13.54416662
      1        4.28264260       12.28703650        2.23015469
      1        0.87106875       -8.94883536       -6.74883067
      1       -6.42644552      -11.46611045      -13.63979299
      1        1.74745430       -0.49378867       -9.63925451
      1      -10.63152649       -2.74677629       -4.07710608
      1       -7.63289474       -3.72332108        1.34195352
      1      -13.46103724        6.12471795       11.48808007
      1       -5.49950030       -2.36697529       -9.86281894
      1      -12.93962455       10.01106289       -3.98993827
      1       -8.22953719        7.85544321        5.95249837
      1        5.37926583       -9.05337531       -4.02168198
      1       -2.85586003        2.84211376        1.27755803
      1       12.12285350       12.93353422        9.72220665
      1        7.08228302       -2.73996356        7.47584473
      1       -8.76743876        5.71142708        7.39846511
      1       12.17934696        3.71729378      -11.81415683
      1       -4.98748930       10.03554127       11.87579696
      1        1.01592013       -8.10243846      -12.20951121
      1      -11.28755509      -13.51514100       -0.78209430
      1        3.14604257        1.15617531        3.74122685
      1        5.09228309       13.23680296        0.15947015
      1        5.82305739       -4.21970633       -6.39952094
      1       12.06801566        6.89344930       -2.13153548
      1        0.85141004      -11.84361250        5.35486896
      1       -3.08911114        0.46878391        8.18044129
      1       -3.12644312        5.28070020        7.82720784
      1       -4.72307206      -13.09053810        2.97891424
      1       -4.74092460       -9.76026795        1.24454824
      1       -6.65744212       -7.66105641       -7.52103482
      1       -2.44099388      -11.11559522       -3.29961922
      1       -2.85537579        1.65842862       -0.77264804
      1       -7.87962954      -10.84430597       -3.82027940
      1       12.90394469       -9.01954660        1.34651498
      1      -10.19253127       -6.43461089        6.18778437
      1        7.50659078       -1.03641704       10.74956529
      1        9.38984093       -2.69455301       -6.76318852
      1        6.92459177       -7.79027867        8.17088464
      1        5.51323599       -6.19406880        9.33930261
      1      -11.45196527        3.99327751        9.08917832
      1        5.20992217       10.98395626       11.92361898
      1       -6.23470908       11.88474917       -7.27662369
      1      -11.81343331       -6.26144612       11.76645631
      1       -0.07714210        9.82112743        0.05518991
      1       -5.55488285        3.80238313        5.74611046
      1       -9.75276897        7.30747710       -8.58018363
      1        4.77808358      -10.67556444       -5.69506244
      1        8.99640988       -4.80788805       10.62336488
      1       -7.49756166       -2.79534432      -11.35496504
      1        9.67409537        9.77662800        7.20633503
      1       -0.70921748        0.83147093       -5.69735824
      1        2.06139185        5.05768084        4.34703879
      1       -6.75020363        1.11287636       -1.54699013
      1        2.21220601        6.23244232      -10.35857221
      1       -4.93608205        7.74648047      -12.83056166
      1      -12.19670400       12.60327561       11.34103491
      1        3.25162477      -12.82077438       -3.06879118
      1        0.99845435       10.07441155       -4.00267524
      1       -6.22863120       -2.26405366       -6.11639839
      1       10.66720739       11.26624557       -6.05563583
      1        3.92487723        4.50027529      -11.22833194
      1        2.75170968       -7.27920687       -6.30003572
      1       -4.18950055       -1.92647511       -0.36371088
      1       -6.98010987        1.08713014       -8.26150217
      1       -0.10973845      -13.78414687       -4.80700049
      1       -9.82275797       -9.87306285       -6.62751033
      1      -13.29693736      -12.73269285        0.31197304
      1        0.70887054        7.47292901       -4.29941021
      1        4.61673882       -0.63676463        0.42919346
      1       -8.44217917       -2.28834231        8.41469611
      1       14.88356979      -13.00165670        2.60813154
      1        7.21295282       11.05445582       -1.97921351
      1      -10.22559591        4.36268584        1.70298634
      1       -7.71037817        7.09212048       -4.89467956
      1      -10.98270026       -3.81016033      -12.11876176
      1        4.00796304        9.96987683        1.87825333
      1        1.59472272       -7.48760083        9.52708297
      1        9.78855035        0.79981827        7.23348401
      1       -2.68131263        1.12903968        5.95079742
      1       -7.56497893      -10.73497920       -9.72775463
      1        1.01025025        3.04670035       -0.00644963
      1        2.99295400       11.10176039       -4.89006907
      1       -3.85374583       -5.43358481       -4.87293079
      1        1.27132581        1.80503458       -9.15360852
      1      -12.85162227       -0.14556019      -10.10031059
      1       13.29095080       -6.25592700        5.43160542
      1       -1.65540943       -8.65927661       12.13019968
      1       -2.59419298       -9.36976493       10.01297704
      1        4.24461905       -2.91611224       12.38599056
      1        7.80354134       -3.29506533       13.83146077
      1       12.68417014      -10.10224931       -2.79765787
      1        2.09539377        9.47097698        5.50054192
      1       -7.32916462       13.12096408       12.38501706
      1        9.99226366        0.82774032       -7.76112453
      1       -4.18266111       -5.08718047        9.14608258
      1        8.33009598       -1.17316829       12.93022567
      1       -4.20269845        6.21329511       11.65990835
      1      -13.13195787        8.80650626        4.47453637
      1       -6.12965500       -5.37394913        7.83944924
      1       -4.05382868      -11.32519687      -14.08528487
      1        3.76376292        5.17690684       12.59587480
      1       -5.19790095       -8.93834616       -6.08916544
      1        0.73490608        3.82780494       -5.87374123
      1       11.00367752        2.29180936      -13.36604704
      1       -1.07564586       -6.31110765       12.27798453
      1       -8.09068692       -7.25632435       11.21597503
      1       -2.78792291        4.96758833       -4.65452249
      1       -7.81681932        4.46509076       11.09015563
      1       -8.63802395       -8.02784559        7.15008530
      1        8.94161114       13.07982072       13.54870742
      1       11.47132910       11.15702639        1.98834150
      1       -8.91887398       -8.46633052       -0.63825148
      1       -0.70183832      -11.92653665      -12.46068203
      1        3.45123947       -1.76453247       -3.87662953
      1       10.14472797       -5.71061097       -8.50571038
      1       -3.67089888       10.88448021        0.85362549
      1       13.67546272        5.11387925       -2.51264612
      1       -1.73498560        8.77257278       13.66058444
      1       -1.35740179        9.66562840        6.96572939
      1       -9.53432341        1.11300254        7.38658938
      1       -0.76858216       -4.90527249        3.17857555
      1        7.94912202        0.29044818       -1.33000766
      1       14.19024866        3.11351895        8.33875956
      1       -7.96118067        8.96742273       -2.09120561
      1      -11.41197129      -12.85471557       -3.06056638
      1       -7.73433569       12.66787784       10.04291102
      1       -9.66604722       13.44795037       -8.41699217
      1      -11.63565314       -3.16075196       -0.00108036
      1       -1.54870379       -2.39217306        9.96681100
      1      -12.43892054        4.32907004        0.79482994
      1       12.50892767        3.01451390       -1.96272391
      1       10.28075162       -7.34106504        2.62664949
      1       -1.56404255       -2.96134389       12.25037280
      1      -11.55436433        0.99486667        2.14337670
      1       -8.69575243        0.77349500       -9.93268335
      1        6.85470726        6.71867812       -3.73245659
      1        6.64088742      -12.11870671       -5.85892017
      1        7.97427656       -2.01963032       -0.65018723
      1      -12.22228603       -7.65361395       -9.72605876
      1       10.89668630       -0.19202287       -4.00679365
      1       -0.63873469        3.75077665        1.60882679
      1       -4.71585584        5.78865707       -9.56076544
      1      -13.40406622       12.76181066        3.63284798
      1      -10.74003524      -12.19441632        3.16626287
      1        6.38329423      -13.33792398       -7.86793684
      1       -1.70988667       -7.06882967        6.53323026
      1        9.12858121        8.23493970       -7.63155270
      1        4.02476630        7.32982780       13.72199055
      1       -0.33155197       12.71241291        9.62927623
      1       -3.16160906       -7.89132623       -8.14525453
      1       12.74659104       -5.63208148        9.56351052
      1       13.12586547       -3.99674770       -6.37728314
      1       -3.65917860       10.62161666        9.93942141
      1      -10.69926386       11.83910060       -6.62049920
      1      -13.52408858       -7.07849998      -11.63355169
      1        5.82515467       -7.95620621        6.08099755
      1       -0.74065265       -8.00243581        0.60642921
      1        4.30491568       -9.98737558       -7.93068450
      1        0.95308577       10.65407021      -10.27587363
      1       11.23231309       -5.46582310        1.54459647
      1        1.19023155      -10.00068284       -4.54162246
      1        3.94541145       -0.47081170        7.05932152
      1       -1.93908049       -6.37218057      -11.50539404
      1        7.36718650        0.54647478      -13.54746328
      1        4.65420538       -0.56803326        2.91918683
      1        5.53667767        3.60188011       13.18228495
      1        5.61204703      -12.42227802        7.35523394
      1        6.31677302        0.22758463       -6.86078858
      1       -0.31963801       -9.88539705      -11.22533958
      1        9.00911214       -9.39539338       10.97762661
      1        8.08060639        1.28143609       10.24486847
      1        1.65642721        4.08677936       12.99234542
      1        5.70433867        3.32068447        4.07267145
      1        7.56216315        8.32127273       13.00357348
      1        1.15280873        7.58022373        8.72732860
      1        2.20162164        8.63147024      -11.12008788
      1       -2.69763984        2.88652127       10.91454011
      1       -8.55019678       -0.99439869       10.43926329
      1       -9.36006112        2.81160124       10.29830422
      1        7.63160897        5.46556691       -9.66347775
      1       -9.27617810      -10.43668410       -1.87513831
      1       11.99032806       10.82469783       -9.14089098
      1        5.62332921       -2.76151468       -0.03854463
      1      -13.05690383       -6.33416356       -3.87797896
      1        3.22813588      -12.16465063       12.62179468
      1       12.41034612      -13.54782184       -0.46388132
      1       -5.73818723        0.42798866       10.33941472
      1       -4.83825382        0.12251737       12.86235730
      1       10.71095854       -1.26703614       12.87096344
      1        6.70996389       10.51370455       -5.76025730
      1        0.49676359       12.63799660        4.12484932
      1        7.74230566        9.91104296        3.77348820
      1       -8.13314517       -4.57307838        8.82901716
      1       -6.87338584        8.84782330       10.99354415
      1       -5.26729930       -3.58288449        1.02559659
      1      -10.39995166       -6.88708294       -1.63487758
      1       12.81761439       -9.27886315       11.27091032
      1        3.29382320       -2.40991225      -13.20305504
      1        5.75208746       13.12307832        3.97048746
      1        7.38828534       13.08780550       -0.72899174
      1       -3.41703597       -4.89774238      -12.72965698
      1       -4.90835696       -5.04350911       11.42365603
      1        3.58051902        3.92720948       -3.47410879
      1        0.99986092       -4.67223318      -11.55019298
      1       -6.53895935       -1.80476675        6.98848274
      1        8.52075640       -2.76701353        9.43043268
      1      -11.92859286       -3.89394839        8.92814045
      1       13.13060650       -2.37023184        1.09691595
      1       -6.96913772       13.28286327      -10.99947596
      1        4.50239588        9.12268898      -10.87278937
      1      -10.61278840       -2.52570399        7.49794677
      1      -10.41558929      -12.06743222        8.87916471
      1       10.23430071        5.05342933        0.82512382
      1      -12.43970647      -12.91457632       12.07024755
      1       11.18007076        9.12113817       12.76082784
      1        4.60432011       -5.00880509        3.59050760
      1        5.01979565        7.12310064        6.07677813
      1       -2.91429232       -8.73313276       -3.08018013
      1        6.65273390       -0.37686926        4.29680788
      1        9.49058644       -0.28438259       -9.88841370
      1       -0.07967932       -0.98351713        4.02165994
      1       -8.15036816        9.36644912        0.24450630
      1        2.10500479       -4.78726687        0.30039172
      1        6.15616598       10.82014476       -8.03112254
      1        0.72286275       -6.22235503        1.79953478
      1      -10.34869634       12.03254706      -10.28252385
      1       11.19434337       -3.41280441       13.86035494
      1        4.57480251      -12.41383650        0.70513318
      1       -5.72105025        4.33447009       12.38632165
      1       -7.69575037        5.58699758      -12.30865718
      1       -7.98590602       13.10253565        2.09550729
      1        4.89222890       11.37830598      -11.72719710
      1        5.11794087        0.02406439       -3.46745791
      1       13.31820165      -12.66250642       13.30446966
      1       -4.52661610       -4.89668745       -2.65867723
      1      -10.66612671        9.21852024       11.94495764
      1       -3.11968750       -7.55952571        4.66984876
      1       -5.71812055        2.57865752       -4.89594077
      1        7.76242102      -11.33022010        7.53487630
      1        5.42201815        6.91607021        3.73795621
      1       -2.26294146       11.67720018       -2.63804809
      1       -4.79687059        1.66066531        5.03734883
      1       -5.20697726       12.12645559      -12.30393661
      1       -0.08117752       -5.70800211       -4.99516344
      1       11.57332279       -6.39773169       -1.96538696
      1      -12.04436145        2.27406557       -7.38331987
      1        7.97652424       11.41102878       -9.43441220
      1       -5.05524824       12.29653860       -0.40532084
      1       12.09138175        1.71880538        4.73353327
      1       12.51791607        4.88499655        8.31406606
      1       -5.39999732       -8.06383812        5.07469886
      1      -13.23865807       -4.71069853      -12.19636665
      1        6.75397683      -13.46393531       -3.92448229
      1       -9.64892193       -8.65615587        1.67287836
      1       -8.55360088      -12.28107488        2.14784356
      1       -2.82083118       -2.78301465        6.19083374
      1       -8.23040760       -5.49897010        2.92731056
      1      -11.54776234        4.77141952       11.49584682
      1        9.45081784      -10.61744949      -10.83681936
      1       12.28339080      -11.96948975      -12.45722882
      1       11.95678435       -7.38767017      -11.23891460
      1       -0.21353702      -12.13386276       12.97113405
      1        3.38238985       -4.51234649      -12.14007227
      1       -8.61281766       -1.64005006        2.15943019
      1       -9.90788920       -4.92218005       -9.13308225
      1       -0.59915048      -10.28086996        8.72900794
      1       -4.18227882       -2.54135353       -2.68474469
      1       -7.47993747       -0.56080465       -3.01128561
      1       -3.03676359      -12.18779601      -12.06678291
      1       -8.87810786       13.41989886        6.50839180
      1        6.57141464       -5.49535299        2.26097416
      1      -10.43848027      -13.19154647       -6.15426345
      1        2.08115256       -8.86054203       13.70149684
      1       -5.42751799        0.33416248      -12.59303123
      1       -9.89648526        5.42364624      -13.11867267
      1      -11.46888613       10.09060913       -9.49367424
      1       -5.64839645        7.06065072        9.92900093
      1       12.54395723        9.17694420        2.76199873
      1      -14.06269920       -0.09755651       13.73085945
      1        2.89212656      -12.10085768        4.18751681
      1        2.40826606      -11.36350852      -11.06781439
      1        8.85696176        8.12745756       -3.74300418
      1        8.05455909      -10.95633004       -1.40310708
      1       -9.88202331       -1.01607264       -5.53619189
      1       12.84960934        5.77367667        6.13422683
      1       13.19719337       -3.95250479        4.69779648
      1        7.08815274       -7.61475073       -4.79744801
      1        1.59816403       10.16259220       12.73223195
      1       10.06789384        5.61276086       -9.52297322
      1       -9.03713622       -2.25686763       -2.30215764
      1       -4.29319550        2.12785442        9.36729915
      1        4.05180893        5.54263539       10.22831073
      1        2.76721793      -11.72604749       -5.08993712
      1        4.34559698       12.14464187       13.87818416
      1      -11.29817448      -10.44501458       -3.06789175
      1        2.32851546       -1.07164712       -0.03959357
      1       12.99021293       -1.68716331       -7.09662247
      1       -6.88712477       -9.15775079      -13.38598523
      1        4.43687647       -4.84995023       -0.66286011
      1        4.73078447        3.34743695        6.22219067
      1      -12.87683011        8.21697720       12.41108710
      1        7.07237965        6.99104424       -7.91720806
      1        6.64797508        3.34874156        7.60759015
      1        4.92691277        8.02677598       -3.33886970
      1      -13.50226781        3.48647764      -10.92641922
      1        3.32737910        3.66350985        0.45950135
      1       -3.84667441        6.87387884        3.30861448
      1       -8.80098255       -6.49402049      -10.68086106
      1       -7.35518827       -4.48964712      -13.21693384
      1       -3.80882614        3.94172265       -8.20588636
      1        1.26409650       -3.83613476       -7.76859518
      1       12.99420303       -4.76360221       -4.05712952
      1       13.42339199       -4.17964744       13.57001621
      1        2.60241499       -1.89025993       -7.85144831
      1        3.13012070        1.56232618        6.13124701
      1       -3.21687696       11.73869514       -4.83721646
      1        8.01984360       -8.84397760       -7.69693773
      1       10.94306003       -8.48946933        9.98793128
      1        4.70482330       -5.44116413       -3.02932040
      1        3.39490072       12.89198728        6.91281736
      1       -4.11227606        2.59223109       12.85477876
      1      -10.10206141        6.42936908        2.80842066
      1       -9.25185338        3.09154446      -10.02215440
      1      -10.09071833        1.77156809       -2.38415799
      1        6.99127594        3.30370285       -5.55065629
      1       -8.71574416        1.57185946       -0.31832019
      1      -10.06091860        8.12472219        1.15656535
      1       -4.58993891       -4.29218618       -8.57614740
      1       -4.84391594       -2.37777035        2.95050064
      1       -0.06554782        7.52072116       -7.34895258
      1        7.87479725        4.82609099        1.47531013
      1        0.61961482       -4.26337426       12.71577021
      1       -6.18363091      -11.06191544        2.72734751
      1        7.72205625       11.59346186       12.01079376
      1       -0.62549685       -3.46817016        6.74268484
      1       -1.05267601       13.12814583       -7.92833622
      1        0.96956735        2.12594583        7.18224530
      1      -10.08318051        3.43977816        7.09893130
      1       -0.40862660       -2.67094280      -11.84941198
      1       -6.75895638       -5.61912291       -2.16417623
      1       13.49434801      -12.52191350        6.04306332
      1      -10.69117022       -7.20517571       13.68540256
      1       -2.22746934        0.42913849      -10.43994362
      1        2.67778326       -0.55851118       -5.77758585
      1        8.97313892       -8.88520925       -2.15567740
      1        7.41343535       -3.31441586        1.74258539
      1       13.31173017        7.48727644       -9.99955927
      1      -13.16450272       -8.02037072       -5.82969340
      1      -11.70526358        8.54134226       -5.62789834
      1       -0.47251303       -6.18327719        9.88605746
      1       -6.50975005       -8.94924128       -4.09898457
      1       -4.31231639       -3.92440785        4.68231305
      1        6.66644141       -6.72354272       -7.01875400
      1       -3.54774125      -11.34378590       11.32973659
      1       -6.98414647        6.85477379       -2.64776838
      1      -14.23623844        1.42525597        9.82823612
      1       -1.76379737        6.05426380       11.22074388
      1       13.76847672        9.85864733      -12.40747214
      1      -10.42972210        4.68285347       -4.60565331
      1       -6.25344089       -7.64888071        7.29304824
      1       -9.09645581      -10.83949298       12.25800215
      1        5.05204463      -13.48399964       13.25272634
      1       11.11803799      -12.96995564        3.13544378
      1       -6.87512504       -7.50415638        3.19825633
      1       -9.89113937       -0.12304734        0.77326287
      1       -2.25386414       -0.86829426        4.83375119
      1        0.02621711        5.09497616      -10.15980494
      1        7.40168194        4.51373523      -13.52141733
      1        9.03541478        4.39608144       -2.63065543
      1        7.51508729      -13.50266171        2.95100140
      1       11.82006730      -11.91440434        7.81158897
      1       12.17141777        1.84092640       -4.02401405
      1      -10.06082841        4.17515879       -2.32367106
      1       14.01297698        6.51489753        9.19668132
      1        3.45131140       12.27727040       -1.26284081
      1      -10.15798816        1.74417161       12.27926279
      1       -0.43620389      -10.46008187       -8.70598520
      1       -0.43646566       -0.69113521       -2.72880574
      1      -11.44824197        6.85297814      -11.97720890
      1       -1.76063530       -1.31906590       -6.12215720
      1        4.70788704       12.71507766       -8.08525252
      1       -8.15722828        9.24526296      -11.37131699
      1       -2.28042724       -4.26760855       -7.91747150
      1       11.68692688       -0.63263494        4.93934569
      1      -10.18671447        9.76640361        9.58387378
      1        1.88731767       -8.31435228       -2.86443290
      1       13.72203786       -1.78304390       10.35748002
      1        9.04187475       -6.93102532        7.34941454
      1        1.96425374       -7.76507802        7.16429271
      1       10.81999826       -7.89992036       -5.51183292
      1        7.01549832       -4.83453619      -10.72494987
      1       12.02451654        9.63022189        7.50987543
      1        5.60289317        0.87347071       -1.25799405
      1      -10.91631650      -11.82423611       13.51016099
      1      -12.59671862       11.66770795        7.27012031
      1       -5.14249891        3.99601013        8.07267450
      1        6.01227281        4.32298917        9.65404243
      1      -11.69180064      -10.99254487       -7.52328503
      1       10.70901849       -5.71874230       -4.41487144
      1      -11.49843958      -10.03848441        2.29414090
      1       -7.25351005       13.61445543       -8.58463379
      1       -3.36481611        6.47318646        0.92129679
      1        0.74254787      -13.13310652      -10.95916351
      1        1.41176105        2.96477320       -3.76278634
      1       -9.50508662       -5.56324650      -12.77613869
      1      -10.82051107       -1.22485585       -1.09929977
      1        5.89234298       -9.90855345       -1.75994598
      1        9.13279449        8.87172863        0.18217235
      1       -4.06277653       -5.65047151        1.12959353
      1       -0.00022029        3.89381544       -2.04374340
      1       11.21817111        1.12173402        9.26248465
      1        9.15216887      -12.59778613        4.45299201
      1        4.60807164       -7.62312416       -7.79606508
      1        1.12843477        2.63234596       11.09338866
      1      -13.17572481       -0.55050327       -5.81322295
      1       -9.40778932       14.00019064       -3.95482590
      1       -6.91545657       15.36379553       -0.70123468
      1       12.50121845      -12.53809964       -2.70822246
      1       -6.08963543       -9.43021381      -11.06629537
      1       -7.35191731        6.42230966       -8.64118801
      1       -0.57947579        9.71405974       11.85904326
      1        5.31274936      -13.71320390        9.38993828
      1       -2.50501828       12.11354439       -9.49085480
      1        8.13810812       -6.81422432        3.51489309
      1        1.91039580       12.87190270        2.22096613
      1       11.97085871       13.24414816        6.02351816
      1        6.69588923      -11.62706614        1.69885729
      1       -1.54454117       -7.33084814       -1.60046226
      1        7.88885266       -4.96363920       -8.49927149
      1      -11.44839291        7.56494499       -0.75655758
      1       -8.16456762       -9.57172925        3.39285601
      1        0.73399214      -11.66708973        0.57001991
      1        0.98617675       -2.28175955      -13.77761774
      1      -10.49931224       10.05811724        2.60751723
      1      -12.78710817      -13.25925684      -10.11770408
      1       12.08198181       12.76493803        3.66460459
      1       13.12314598       -7.93864929       13.17250419
      1       -6.58275392        9.02689982       -5.57386092
      1       -6.97560374        5.30569455        9.03056314
      1       -3.74296199        7.59945897       -8.32141301
      1        8.47778709       11.84394847        6.89585385
      1        7.77048032       13.75958498      -12.36153649
      1      -11.46975220       -0.35452841        7.53768079
      1        1.80751823       12.82631971       10.54158154
      1       -1.81286145       11.56636463       11.05710621
      1        8.39266593        4.92937129        7.20332308
      1       -7.31693452        4.52832627      -10.14990064
      1       10.50605363       -9.12300537        0.87880600
      1        2.03788597       -5.02791297       -5.86545042
      1        3.32727026        2.59126446       -8.19495354
      1       12.76038817        8.17776129        5.79191492
      1       -7.68329618        1.94760028       -6.03872092
      1      -12.42993384       -3.91202088        3.85937570
      1       -4.43684990        9.85945549      -11.78234357
      1        2.29702517        8.85255871        3.15355369
      1       -5.25355265       10.26336207        2.70384951
      1        4.08166680       12.68847292       -3.48118152
      1       -7.01397145       -1.41152355       12.36169118
      1        5.41931612        8.63979182       -8.66155383
      1      -10.82369008      -12.33863925       -9.28057404
      1       -6.64751866       10.43412527        7.37841688
      1      -12.02508303        5.27608035       -1.33665647
      1       -8.76953768       -9.98387962        5.80393714
      1        1.66400852       -1.95003937       -2.21298384
      1       -6.27173568        6.56718530        2.37892084
      1       -4.17633184        8.26391906       -0.37914644
      1       -8.68288807        0.57775108        5.25352070
      1       -6.70175390       11.93024193        3.74101533
      1       -4.20753338        8.25819599       -5.92097491
      1       -6.47083973       -0.08318122        5.30792099
      1       -2.54785386        8.86706763        8.82455984
      1       10.82113141       -4.57448157       -6.59590827
      1       10.62323338        6.80761449       12.30122769
      1       -5.55918829       -5.98839988      -12.75764051
      1       -8.48108352      -11.67442520       -6.00532872
      1        0.43853413        3.17119325        3.67892257
      1       10.84927078       -0.89115373       -6.32407330
      1      -12.65448422       -8.38210925      -13.38630689
      1      -11.29020390       -0.02072732       -7.16263568
      1       -4.29936273        4.36674848       -1.89766084
      1      -13.13280076      -10.35490354        0.48969168
      1        8.69993838        0.55624894       -3.59304232
      1        5.50040220      -10.08962009      -13.02735428
      1        2.07567250        6.70041037       -8.04779905
      1      -11.47204141       -7.65204437        9.85891962
      1       10.20371108       -8.73330437        6.24997132
      1        1.27178031       -0.03488134       13.33606427
      1       11.48361920       10.76459082       -2.11281214
      1       -2.34564582       -8.72890384      -11.84405939
      1        2.16080138       -7.58538246      -10.16891403
      1       -8.57215723        2.56333301        3.95842584
      1        3.56431843       10.05322186       -0.52274894
      1       -3.73971514        4.85615751        4.56780373
      1       12.43915569       11.87588146       -0.14917256
      1       10.30171691       13.41018290       -7.29622623
      1       -4.41305003        8.92055099        4.48108712
      1       14.09905259        1.97746341        6.14450865
      1       -4.25542804        7.42864980        8.05829083
      1       -0.17233151      -11.74024230       -3.54604411
      1       -0.83251817        2.68446267        5.68366893
      1        0.34757343       -6.41932685       -2.74945703
      1       -1.37040041        4.74252163       -8.13475633
      1        7.39484138       -9.80989058       -9.81621129
      1        1.53349040       11.73422873        6.01095106
      1       -8.59277314        2.11313069       14.19574807
      1        7.81707568        1.97177221       -7.37514447
      1       -6.74795754      -13.42090774        6.66788745
      1       12.88048949       11.81887365        7.69693804
      1       13.86419629       -9.07218584        7.82236503
      1        1.95187349       12.21196066      -13.91992322
      1       -8.50504378       11.61243120      -11.74978309
      1        8.44608390       13.63936887       -8.75270140
      1       -4.66044306        6.75459985       -2.21950628
      1        7.08432756       -5.91135506       -3.16834841
      1        3.44892215       -6.47486972       10.67711837
      1        1.12470093        0.57660381       -4.24102443
      1        6.04163359        8.82659976        2.46657682
      1        5.60114298      -10.60083252       10.85738069
      1       10.26116804       -1.53211996        6.72355868
      1       -9.24902879       -8.35220814        9.44325441
      1        9.27765294        1.58497586        0.14065649
      1       -5.28886439        2.58022884      -11.88658446
      1        3.68881039       -7.41625658       -4.04884579
      1      -11.87896033        3.33658197        5.47878238
      1        7.11481733       -8.84004888        4.27828886
      1       -5.07248834      -10.91103433       -0.79415545
      1        3.90043896       -7.52529439       12.80211757
      1       -2.17390963        9.69844710       -1.15913206
      1        8.89641898        9.04949578        9.42639943
      1        0.38396658       -9.88251779       12.32923665
      1        3.19251213      -10.69873183      -13.28791226
      1       11.06013545       -8.08706637      -13.33102766
      1        7.60310006        1.75025550        3.85808597
      1        2.48311863      -12.71088669        1.91802777
      1        3.68731837       -9.91326400        3.98420364
      1       -8.54999305       -8.92079588       -8.39482592
      1      -13.07154009       -9.62452188       -1.77365023
      1       -9.19204477       -4.59231744       -6.88340841
      1      -10.65253272      -11.24614698        6.66790071
      1       -6.99278021        8.76808345       -9.33204769
      1       -3.27377883       13.29756083      -11.48453154
      1        8.76707042       -4.34452229       -3.72934553
      1      -13.72248138        1.95364912       -9.07131026
      1       -7.86562496        2.86709443        1.58281232
      1       10.54705330        7.24149726        9.94702371
      1       -6.97954614        5.49731520       -6.45778497
      1      -12.17240636        2.87745836       12.84467469
      1       13.39101559       11.85731073       11.39943838
      1       -7.86843632       10.34501298        9.46146556
      1        7.44888467       -0.52163334      -11.46504336
      1        4.91810203        7.72770771       10.07413199
      1       -3.08216385       -0.88840477        2.60578273
      1        3.73216218        5.99048002        0.52632437
      1        4.19625554        5.72660523       -5.62178486
      1       13.70914390       -4.12736036      -10.05762668
      1        7.33248834        7.03722560        6.77855821
      1        9.69636810       13.76116103        6.24960038
      1        5.01457753        2.27054907       -4.56181807
      1       -0.46033146        2.38162875       -7.57254652
      1       -5.60977796      -12.13105552       10.32608064
      1       -5.97787412       13.75584370        8.85674087
      1        6.36327556       12.04715467       -3.94868739
      1       -3.65632631       12.35826244        6.16102649
      1        6.12308064       -1.29545115       -8.62163403
      1       -0.30878823       -2.67233469        2.35369399
      1       -1.85154281      -12.99299252       11.38601651
      1       -2.19895578       13.67524131       -5.83492657
      1      -12.55938351       -2.34236268        2.13655638
      1        4.46016470      -13.41304901        5.44764823
      1       10.30719744        6.22837061       -3.57689820
      1       10.92280933        7.87135490        4.24417029
      1       -1.43261518        6.55617873      -11.28835884
      1       -7.62174700       -6.80847463       -4.07011499
      1        9.47560204       -4.76729703       13.01196545
      1       -6.40914777       -3.99587425        5.95194305
      1        1.57004791        9.15979164       -1.57313996
      1       10.76353541        3.42362353       -9.93360394
      1       -6.79028756        3.71311420      -13.39586505
      1       -6.66979396       -7.60652902       -0.88264460
      1       -0.05726249        6.28682838        4.98832587
      1        8.59158743      -10.78696586       -6.12192151
      1      -11.74335959        6.18764514        7.89778324
      1      -11.14660019       11.92345969       -0.63820715
      1        8.46604040      -13.14501219       -2.35334703
      1        7.59042487       -2.95864434       -5.28517692
      1       -1.15256205        7.88788645       -2.67853092
      1      -13.18182337       10.98484631        0.29507408
      1       11.69387731        3.10878169       12.37504543
      1       11.03506447       12.43816578      -13.19291516
      1        2.13983144       -9.74147479       -9.10390623
      1       13.88021923       -6.70742252        7.70376664
      1        0.65540941       11.35506220       -7.87502203
      1        0.71216469        3.71619293        8.99666745
      1       10.39101547      -13.07370385        0.89458247
      1       -0.10847336       -3.94259538        9.00260696
      1        6.19523211        5.50632369      -11.65105680
      1        0.94076177        0.90661335        2.97876659
      1        6.56371698        5.66692601       -5.87418364
      1        9.04562182        9.65730839       11.77789148
      1       -1.07002815       10.99063783        3.48427588
      1       -8.02606642       11.37215453        5.63830764
      1        2.28524605        5.46212107        8.57644685
      1      -12.32007967        0.03000707      -12.45969088
      1        4.15617855        1.15748423       -6.47402650
      1       -1.89362569       12.28684897        1.69383439
      1        8.64063755       -3.09489899        5.69894908
      1        2.63817235        4.58788030       -7.04458715
      1        8.15855252       -2.93922627      -11.64156929
      1       -5.65607632       -0.89601308       -7.95508440
      1       -5.43841724       -4.46022856       -6.37158915
      1       10.48739384      -12.38633537       -5.99104933
      1        5.11876822       -8.62944930        0.31297914
      1       12.69408603       10.23196013       -7.00064433
      1       -3.06571066      -12.14825451       -1.22090921
      1       13.39736711       -2.84656510       -2.77527069
      1        2.25927200        0.53822396       11.17748599
      1       -3.62570899      -12.32833086       -5.08777625
      1        5.96118735       -4.44365123       12.86799419
      1       -8.56440343        8.04343105       12.56959376
      1      -10.17959795       -6.32673236        1.86730542
      1       -9.12042788       12.46774586       13.89796150
      1      -11.00817945       10.72860544       -2.78674961
      1      -12.64088062       13.53315939        5.76810311
      1       11.82466700        2.37795199       -8.08039887
      1       11.50560935       -5.14194185      -10.39639851
      1        1.92132063        8.34454246      -13.49676783
      1       -4.29295667        0.68143487       -4.84927522
      1        6.95412750       -6.59992348      -12.34590798
      1        9.11779309        4.45184239        5.04600492
      1       10.55539845       -3.30054628      -11.69573509
      1        3.41582961        5.30793035        6.40577689
      1      -13.38778008        1.47056230       -4.44514985
      1       -7.75542903        9.94831637       -7.44307319
      1       -1.75544290       13.67317252        6.75322505
      1       -0.47765252       -1.20634248      -10.00216729
      1        6.82756518        8.18328691        0.30161882
      1       11.15590471        5.48458336        4.42927781
      1       -4.87684188        0.38765342       -0.31414329
      1       -3.82306920      -10.26613872      -10.77086013
      1       -6.77356418        4.80207877        0.71445104
      1        5.34371705        8.62077568       12.21312936
      1       -2.71536363       10.06566474       -6.35226926
      1      -13.81390270      -11.32776927      -11.00786498
      1        3.30452460      -11.22861664       10.24407324
      1        4.48998149      -12.55969476      -10.84942757
      1       -6.01652774      -13.95424291        1.00366709
      1        2.88345601        0.99244098      -13.05062244
      1        3.21092650        6.60794572        2.83328181
      1       -1.12785664       -0.12096650        9.44007619
      1        7.22516317       11.46201240      -11.68733401
      1      -12.61848212       -9.25150584        4.26375316
      1       -4.74951135        9.35386279       -9.49167909
      1       13.99750703        5.79270208        2.04080159
      1        5.06664195       -1.34096510       10.74990739
      1        2.94437884        6.54918765       -3.45871180
      1        0.77863445       -0.10292425        7.99959871
      1        2.15169818       -3.29289901        9.19888931
      1       -8.83289164      -10.60602199        9.89343427
      1       -3.13950035      -11.49710461        4.70201330
      1        1.16176074      -12.48352625       -1.67919978
      1       12.52297118      -11.16745507       -6.61522560
      1       13.65081937       -5.93763130       11.91850466
      1       -1.84766467       -1.85805754        0.54202333
      1       12.30223631       -0.54355836       -0.24681043
      1        2.88911285      -13.68392786        8.97957101
      1       -8.27919271       -1.51081787      -13.34015061
      1        3.10199107        8.94100402        9.12260593
      1       -4.75183075        4.41548323       -6.04921057
      1       -2.68100182       -1.10340015       13.36687057
      1      -10.11556190        7.12575739       -4.52547539
      1       -8.56512150       -4.91499275       11.09623801
      1      -10.68029982       -1.71811428      -13.21625508
      1       -0.99797711        6.00840728        0.99996162
      1       -9.92036569      -13.38324696      -12.88181816
      1      -13.46629471        8.79472397       -0.53402684
      1      -10.57118758       -0.71507396       -9.39129221
      1       -3.63064750       -0.02018722       -7.01566952
      1        0.44347522        2.96257721      -11.13198043
      1       11.40935922       -1.18416544      -11.00154852
      1       10.50737763       -1.36940304        2.99858826
      1       -0.78774836        7.98933077       10.19480329
      1        6.21669243        2.53010823       11.05617361
      1       -7.33327280        7.81678552      -13.10139697
      1       -5.53425948       -1.21721703       -4.11840934
      1        6.69476866       11.44291703        5.36133606
      1       -3.06928407       -5.56266704        3.33210184
      1       -5.56402917       -7.52602932        1.20393098
      1       -1.33048314       10.07499958      -10.17193102
      1        5.68362935        7.71056123      -12.35607470
      1       11.50531138       12.19342503       -4.03696580
      1        8.94940480       -6.87509653      -13.79708199
      1       13.81114577        5.28825328       -4.98155213
      1      -10.22950499        8.49907854       -2.55187529
      1      -10.47400652       -3.26719677        5.23688648
      1       -1.08266980      -12.88688637        8.86887394
      1        5.71995411       -9.06512055       12.68193902
      1       11.64660892       -0.01058199      -13.15379517
      1      -11.26117144       11.90083282        9.23339853
      1       13.78639976        1.24222378       -0.90390066
      1      -10.03869048       -8.46849236      -10.22505072
      1       -8.04011139        1.05785464        9.33489924
      1        3.97363329       13.03248961      -10.29259514
      1       -7.86905186        4.38706660        5.35021692
      1        2.81810596       -0.96126227        9.21433917
      1       -6.80154885      -11.98841893       -7.77117501
      1      -12.33328255        6.68361274        3.73262928
      1      -12.85424021       10.63084099        2.67533563
      1       -5.15020987       12.18050507       13.09279265
      1      -12.89620312       11.78587581      -13.25739133
      1        8.27320566       -5.51040390        5.54255913
      1      -11.97484483      -10.54516185      -12.51158219
      1        5.84405293       -5.62954645        5.60986505
      1       12.92202199        7.86464836       -7.66641228
      1       12.39777038        2.17492390        2.41039918
      1       -1.58054449        4.50248387        9.50060316
      1      -12.25341810        0.55713632       -2.35452364
      1       12.57432633        8.38422865        9.44623634
      1      -12.26523512       -5.40228058       -9.00831234
      1       -6.24685597        3.19160614       -2.61629761
      1       -2.56107606       -6.92262794        8.81188948
      1       10.40428335       -6.23450450        9.29892683
      1        8.91745398        9.56039395       -5.69246340
      1      -10.36381995        8.20256908        7.67569911
      1       10.11460875        2.82207526       10.48962949
      1       -3.93122878        8.17714348       12.96920658
      1       -7.26456084      -12.97593420       -3.01824168
      1       13.57397305       -5.99216216       -0.71226303
      1       13.43536832       -3.45437078        8.68267131
      1      -12.56904807      -11.81596807        9.96413838
      1        9.68118640       13.48820512        9.91988464
      1       -6.54370769      -10.40997567        8.98953190
      1       -0.93355139        1.41786439       11.31272366
      1        6.30638875       -0.58354024        6.73081449
      1        8.72625876      -13.16401814       11.79255906
      1        8.05089962       -6.77926645       -1.18441868
      1        7.72877105        9.16029291      -12.56051458
      1       -9.33455439       11.41941652        0.93909490
      1        3.95376168        7.85041587       -6.96072167
      1       11.92838200       13.19092991       -9.04705553
      1       -1.40566465       -6.19626259       -9.02879943
      1        0.41324398        8.12636164        6.50031742
      1       -9.53274986       11.67164563       -4.39899509
      1        4.73071583       -4.60958057      -10.17579017
      1       11.44120818       10.09427367      -12.93197401
      1       -2.19569008        1.12044114       -3.78385223
      1       -6.84471521       -3.83038238       12.35189610
      1       -1.64767429       12.42021432      -12.96449947
      1      -10.69109726       -0.36073242       11.23960368
      1        0.88477196        0.74113372        0.58553526
      1      -13.19768993       11.78329735       -6.79750976
      1       -4.88826840       -1.13801457        8.60770713
      1      -12.46613801        3.49438149       -5.33450785
      1       -3.75305958       13.48934664       -1.96400869
      1       12.96957565      -10.37637334       -8.94640486
      1       -1.77975623        4.84843609        5.87477487
      1      -12.84753818        5.77919893      -10.37157670
      1       11.63444077       -7.84143906        4.56594012
      1        3.53453383        3.38027971        2.91733715
      1        8.59579918      -10.38364006        5.45344989
      1      -12.18409659        2.42699069      -12.62955556
      1        3.97974977       -3.98500965       -4.76891411
      1       -9.99033097      -10.86564288      -10.99224124
      1       13.10968616       -2.28744343        6.42106380
      1       -5.36916270       13.48124392        4.91033211
      1       -5.16624107       -8.98651409       -2.18502561
      1       -8.45741001       -2.33284596       -6.84339747
      1       12.42844614        5.36768103       12.71625795
      1      -13.37177273        2.14200666        1.14819758
      1       -9.59231169        9.75302626        4.89573220
