 run_id:         1006
 total_energy:   -4103.8973384237906     
 P   27.848118434861512        27.848118434861512        27.848118434861512     
      1       -0.11467858       -8.77073141        6.81152234
      1      -13.07613693       -9.11561032       -8.05294909
      1       -7.80150348      -12.46743106      -11.84281973
      1      -10.21697225        8.38222961      -10.64095161
      1       13.08478076       12.85742657       13.51150648
      1        9.00568999      -11.08358194        0.76495557
      1      -13.84860030       -3.70738587       -0.70639056
      1       -2.93211375       -4.88244207       12.77181171
      1        0.74288655       -1.55613381        6.16990720
      1       -1.07077090        0.08798348       -0.52015468
      1       -1.44209696       -3.51387869       -1.26165610
      1       -2.72815639       12.89962086       12.69134495
      1       12.09698995      -11.50668142       11.65031614
      1        8.95091422        2.80478003       -4.39762549
      1       -5.60281787       12.05877461       -4.94063734
      1      -11.72710072       -6.12347098        8.05587612
      1       -5.33289138      -10.43377929        4.93269864
      1        5.61216725        9.33037307       -1.44968599
      1       -2.66851856       10.40927177        5.16613347
      1        8.68801707       13.05615604        1.22560272
      1       -2.32837276       -9.64084502        1.52747911
      1        3.10429623       -4.06189486        7.14983320
      1        4.95339686        2.53410359       -9.99438528
      1       10.54545137      -13.40109563       -3.75893745
      1        0.23972277      -12.82222808       -8.59142014
      1       -0.23044527        9.65681117       -6.31239490
      1       13.02494817       -9.51547453        3.60174924
      1       -4.97552817       -8.50400949        9.31084176
      1      -10.10895598        3.22257142      -12.22193173
      1       -0.32020829       -5.32189805        5.52563507
      1        4.89112970       -5.91957221      -13.53053879
      1      -11.04546155       -8.82103904       -4.86570874
      1      -10.83953877        2.83190126        3.38414146
      1        9.85292673      -11.13251999       12.41146725
      1        8.35516282        6.12029401       12.60189395
      1      -12.09121482       -0.63853444        3.70270876
      1       10.90916976        6.63172611       -7.47430298
      1        7.00383582       -0.67306119       -4.76535652
      1       -5.67104455        2.73718594       -9.44955606
      1       10.94870029        0.50380208        1.38806409
      1       10.90681320        7.18056771       -0.03813088
      1       10.76514015       -2.56730958        8.96350033
      1        4.65383068        1.05730792       11.62443989
      1        8.95898843       -8.98506451       -4.53724309
      1        1.15951547       13.02252809       -1.42105245
      1       -4.07035242       11.05305064       -8.10269887
      1      -13.34634272        7.70244916      -13.12728318
      1        6.73004269        4.96901520       -2.04618539
      1      -12.69019299       -7.32695038       -1.77247787
      1       10.10465646        4.88541766        9.07036699
      1        1.20025222       -9.34274024        0.89157174
      1        7.62479605        2.48612745        1.55778359
      1       -3.20803474       -7.70412358       -5.28221684
      1       -0.08968478       -6.19919546       14.80218925
      1        6.94177256       -5.80931658       11.15860288
      1        4.65497829       -3.11335530       -8.24429822
      1        1.81417255       -8.73679112        3.16263472
      1        5.75054133       11.82268299        9.43468906
      1       -0.35573775       11.77441351        7.39031545
      1       -4.40603945        4.44860427        0.44434143
      1        2.20930242        3.12215297      -12.60371872
      1       -8.90502514        0.74260475       -4.31320435
      1        8.17258259       11.67913228        9.36882331
      1        5.34547569        0.10367488      -10.44125790
      1       -7.31412344       -5.86260392       -6.20021382
      1        7.16603926        5.16320976        3.68343628
      1      -11.68118830       13.24864338      -11.73036251
      1       -3.12907293        7.16946671       -3.96121794
      1       -0.01824921       12.17571177       -3.28259606
      1        7.17776229        3.11272576       -9.35559273
      1       10.47100230      -10.42953535      -13.09889852
      1       14.00706724        9.78436374      -10.09369585
      1       13.39795835       -6.66215929        1.51579077
      1       -3.35312792        3.44445507      -12.77720783
      1       -1.53539530        1.91308279      -12.19545880
      1        3.05957731       10.75070796       10.78534783
      1        2.65021273       -4.26892312       11.26982675
      1        7.71514012       -7.82189530       12.23839612
      1        3.75815167      -10.91415799        7.68790942
      1       -4.02950595       -1.06338187      -11.23049802
      1        7.18674163        7.58230166        9.05351399
      1       -8.83320804        3.97566421       -6.27513710
      1       11.17959306       -8.71116417       -1.46205068
      1      -13.35253066       -0.41104467        5.79555915
      1        0.90363457       -5.64663457       -9.40607879
      1        5.63042018       -9.63197047        2.53078471
      1       -0.73171011       -2.48993415       -7.99559042
      1        9.61326782      -12.75342795        8.11681495
      1       -2.23728802        3.32254799       -2.75634777
      1       -3.68124113        5.78792626      -11.80537596
      1       11.94320452        4.58232756        2.39463464
      1        0.63905270       12.43845987      -11.94444043
      1       -7.80890383        0.37661292      -12.16149223
      1      -10.23966659        9.51932707       -7.38687114
      1       -5.15223320      -13.72231510       -3.82971232
      1       -9.99263045       -6.83636509       -3.97117311
      1       10.19208049       -7.97139167       -7.86434630
      1       13.16476535        9.51147643       11.47468806
      1       -2.14151670       10.12947757      -12.46441716
      1       -0.09715927        6.17777676       -1.23433425
      1       -4.78779059       11.76562505        8.16075651
      1      -12.65567380       -1.59184089       -3.65166228
      1        9.18390443      -13.06900910      -10.73242719
      1       -8.66811829       -4.77126502        5.14771708
      1       -9.87057833       -1.26069173        4.17770955
      1        2.97396254       -2.17276872        5.77277112
      1        9.78754752        9.83378546       -9.37313300
      1       11.44821019        5.34704472       -5.51306496
      1       -4.01897431        1.35856363        2.79514916
      1       -3.23022390       -9.11196944      -14.01893015
      1      -13.78523981       13.71123565       -8.09638415
      1        1.33710242      -11.96583875        7.73615502
      1       11.25219199        6.90268054      -11.15879683
      1       12.98551672        7.70547288        0.97992751
      1       -3.35755928       -2.91711442        8.57423648
      1      -10.58838550      -13.16375643        5.37659916
      1       -7.76956596        4.83856807       -1.61390301
      1        8.66182363        2.43638793      -13.00743893
      1       -8.79577760       -8.61846278       13.07134305
      1        8.89182958        2.08005257      -10.64220216
      1       12.77931152        5.90047407      -12.81053342
      1       -9.28371999      -12.16527655       -0.19096187
      1       -0.90081151      -13.30358304        4.68307361
      1        6.01225821       -8.49553241      -11.27167248
      1      -13.04652937        6.84092493       -6.59578288
      1        2.59618206       12.36743575       -6.89487009
      1       -8.06338837        6.39539038        4.02884710
      1       11.31428408      -13.88307339      -11.31214951
      1       -6.80665473      -11.07445770        6.67999490
      1      -12.85469436       -5.52454457       -6.73624822
      1        5.11943267       11.23815250        7.13363928
      1      -12.87105968      -10.51354850        6.24814235
      1       -2.74378155       -2.57557798      -12.55401572
      1      -10.92123373       -4.92174385       -5.19920169
      1        5.38780946       -4.47639585        7.60137148
      1        6.03284563       -6.43401080        0.18030603
      1        9.69686097        2.12035544        5.21694252
      1        2.84216961       -9.09489219       -0.76528466
      1        6.36150123      -12.80050518       11.36599429
      1       13.10402636      -11.86916201        3.78138129
      1        9.60977088       -3.25700757       -1.76740853
      1       -1.07231295        0.64324773       13.57407048
      1        9.25797416        9.78752487       -2.03019130
      1        4.04156179        9.16768834        6.82844807
      1      -10.86535073       -4.22396390       11.12025108
      1       -6.08471116        8.62950419        1.17991432
      1        1.94424304       -5.78803449        5.86862560
      1       11.43958234       -0.95102253       10.57879557
      1       13.67602163        1.77172458       12.18105196
      1        7.61511900        1.09660573        8.04692655
      1        0.27605081       12.12742794        0.57487913
      1        0.03967768        9.16832694        2.39587570
      1      -12.27891909       -7.03412271        4.89994860
      1        8.27983607       -1.97083928        3.64179186
      1      -13.49256574      -13.37079537       -4.08495867
      1       -2.95313502      -10.24785322       -8.56589436
      1        1.96093130       -2.75524863        1.62768840
      1        8.87045484        8.49188598        5.37008985
      1        1.54020150      -13.76257592       12.53575124
      1        2.18108022        6.85121590       -1.21119174
      1        4.43701155       -7.02067342      -10.06432043
      1        5.73579710      -11.45305120       -9.17586352
      1        4.98582761        1.28188617       13.93899359
      1       -0.21367591        7.11353966      -13.42858742
      1       12.95543521      -12.65069387        9.71613296
      1       -8.20921634       -4.08578884       -0.96609709
      1        5.97743318      -12.48787418      -12.71037658
      1       11.13721130       -9.14190770       -9.73315685
      1      -13.07214208       -9.47119066        9.94075139
      1       -1.15748127        7.24349155        3.15123785
      1       11.75781346       -3.41429305        2.77442932
      1       -7.15295573      -12.36264562       12.16520464
      1        7.31745335       -9.81449952        9.31948628
      1        1.57807873      -13.34427340       -6.51198477
      1      -11.65436690        9.72376136        6.15217206
      1        2.54380471       -6.37759050        3.60173883
      1       -9.59740855       13.52181562        8.78008561
      1       -1.90781877       -4.21211712       -5.40207147
      1       11.57313840       -9.57265959        7.96407770
      1       -2.07698121       -9.53646795        3.85099586
      1        8.24950339       -2.35726427       -8.88022541
      1       -5.08711430       -6.63068575       -8.94526230
      1      -12.38098601       -6.02235446        2.78070700
      1       -6.62030923       -0.79704499        3.05771657
      1       -2.70480758        1.65563624       -8.40812555
      1       -5.88607435        8.46286194        6.37134041
      1        0.83470050       -4.22148052       -1.62252094
      1       12.71496689       -9.29489097       -5.09911144
      1      -10.19923537       -5.06848100       -0.15665676
      1      -12.66075485        5.53186376        5.73630650
      1      -13.64847745       -2.18527117       12.63510311
      1       11.00679443        3.04949157       -5.74156360
      1       -1.95288988       -2.42676795       -3.57327904
      1       -6.08074784        1.06494477        1.69023806
      1       10.35355515        3.45710382       -0.93688225
      1       -9.71062636       -2.89641663      -10.26809472
      1       -6.41763011       -7.10691115      -10.82612232
      1      -11.35009266       -2.28118377       12.45305988
      1        3.32905774       -0.71823596      -11.41317508
      1        1.30400588       -9.77649138       10.14739625
      1        3.94663664      -11.27665233       -1.29690231
      1      -11.59582454        5.84873710       -8.30924583
      1       -5.71425403       -7.29135044       11.27305097
      1        3.61183353       -2.67022186        3.46197464
      1       -9.52748136        5.75839305       12.36188299
      1        9.15715715       10.71912618        1.83512115
      1       -0.70374788        5.71104321       -5.76984210
      1       -1.56191218        7.80768337       -9.29036048
      1       -0.22925037        5.30476897       12.89216732
      1       13.14792317        9.06648107       -2.55897862
      1        4.61912992        9.40127784       -5.26660957
      1       -2.88642619       -5.43334722       -0.99198534
      1        0.14755703       -9.67306535        4.65244313
      1       -4.61793507      -11.12205031       -6.94739814
      1       13.29355641       -1.78329737       -9.53236960
      1      -13.34596489      -12.49987308       -6.36483572
      1       -1.67438580      -11.81449263        0.78639704
      1        4.88866964        3.28451807       -1.45894939
      1        3.76093460       -9.04642497        6.23170607
      1       -7.34804537       10.60136556       -3.89892945
      1        9.96309540       -5.33391951       -0.59180606
      1       11.41118741       -1.67971621       -2.21175310
      1      -12.54991162       -0.23477257        9.64930302
      1        9.95457116        8.88536699      -11.55058883
      1      -10.41633548        3.78843104       -8.05942999
      1      -11.06605580       11.36862544       13.02226896
      1       -2.29626334      -13.33333969        2.52670052
      1        6.21704074        5.92301387        0.08158927
      1       13.87455607       12.17139416       -4.57508541
      1       -0.94845567       -7.36294442       -6.50929801
      1        7.91240573        5.68187008       10.29036635
      1       -5.20101475       -7.82746943       13.54112075
      1        4.28620673       12.30722960        2.20489414
      1        0.86266616       -8.94673022       -6.75457663
      1       -6.40285432      -11.48972481      -13.64139033
      1        1.72803606       -0.52650855       -9.62953032
      1      -10.64263378       -2.75858394       -4.06515660
      1       -7.64716502       -3.71611367        1.35305976
      1      -13.46993971        6.13969974       11.48566471
      1       -5.51115233       -2.38811970       -9.86044801
      1      -12.92450496       10.01362743       -4.00508434
      1       -8.28032094        7.86569072        5.93931166
      1        5.36281573       -9.04494725       -4.02520562
      1       -2.85673838        2.84040398        1.30573704
      1       12.13285691       12.94777986        9.71949036
      1        7.07995346       -2.72562586        7.45477436
      1       -8.85346970        5.67281167        7.32594280
      1       12.18450040        3.71288908      -11.81749924
      1       -4.96758726        9.97520461       11.84630847
      1        1.01447362       -8.12776992      -12.21577726
      1      -11.27641739      -13.51192445       -0.79182071
      1        3.13745180        1.20117387        3.79583777
      1        5.08727709       13.25272163        0.13104059
      1        5.81202714       -4.22623442       -6.39572403
      1       12.06994038        6.90352737       -2.15475628
      1        0.85728860      -11.82680059        5.34153946
      1       -3.12175332        0.48103696        8.20297699
      1       -3.42535603        5.33623105        7.99149987
      1       -4.71904165      -13.08739566        2.97591906
      1       -4.74095053       -9.75175860        1.24518163
      1       -6.65810964       -7.67348067       -7.51603526
      1       -2.44418104      -11.11462337       -3.30534297
      1       -2.85935150        1.66418569       -0.75223910
      1       -7.87085666      -10.84748004       -3.81491499
      1       12.90706584       -9.01590278        1.34657580
      1      -10.18351829       -6.44633865        6.19088974
      1        7.47544176       -0.92998111       10.75989639
      1        9.38033992       -2.70229698       -6.76065376
      1        6.92707686       -7.77564870        8.15791585
      1        5.52297914       -6.17332759        9.32238510
      1      -11.49220998        3.98091547        9.09297641
      1        5.25049527       11.01709369       11.92028658
      1       -6.20786789       11.85551817       -7.29009801
      1      -11.80960217       -6.28279174       11.77695626
      1       -0.06708866        9.81541740        0.05540502
      1       -5.57741340        3.80359128        5.74419280
      1       -9.71660391        7.29981637       -8.58084512
      1        4.76634653      -10.67081202       -5.70020982
      1        8.99917397       -4.77323561       10.62439544
      1       -7.50791433       -2.82969594      -11.35030574
      1        9.70042466        9.80573419        7.17665696
      1       -0.72321921        0.81178863       -5.68691934
      1        2.11688584        5.06060002        4.37072126
      1       -6.75563441        1.11181235       -1.53466502
      1        2.29168114        6.14667278      -10.48014350
      1       -4.90414609        7.70548508      -12.89117127
      1      -12.18758557       12.61637197       11.34610031
      1        3.24311946      -12.81160428       -3.08222094
      1        1.00503456       10.06732718       -4.00684352
      1       -6.23597932       -2.27687310       -6.10539313
      1       10.66857513       11.26564939       -6.06550344
      1        4.06501014        4.37069407      -11.42468708
      1        2.74642082       -7.28048567       -6.30674329
      1       -4.19363203       -1.91545842       -0.34220468
      1       -6.99743620        1.05814109       -8.24070099
      1       -0.10965229      -13.78869900       -4.81789037
      1       -9.81217891       -9.88894317       -6.61417303
      1      -13.28736944      -12.72929800        0.30078739
      1        0.69864609        7.46501018       -4.32998038
      1        4.61274236       -0.60076102        0.45684143
      1       -8.49764706       -2.30594987        8.39779896
      1       14.89269877      -12.99492581        2.59738465
      1        7.21213748       11.06188944       -2.00659561
      1      -10.23262072        4.36507316        1.69350677
      1       -7.69171934        7.07552749       -4.89442408
      1      -10.99008780       -3.83783772      -12.11176774
      1        4.02204343        9.98880258        1.84707156
      1        1.60293835       -7.46332503        9.52537092
      1        9.85715115        0.70006062        7.24441586
      1       -2.68970348        1.18272420        5.99398410
      1       -7.55693978      -10.75965035       -9.72414010
      1        1.01393089        3.06772145        0.02521118
      1        2.98959858       11.09916677       -4.90884438
      1       -3.85722757       -5.42485299       -4.86308545
      1        1.26539430        1.77117593       -9.14193151
      1      -12.86098110       -0.16622152      -10.08734367
      1       13.28882940       -6.27442539        5.43564294
      1       -1.64656939       -8.66694315       12.12438278
      1       -2.58372673       -9.36243083        9.99976034
      1        4.24604741       -2.85546609       12.38005400
      1        7.79009732       -3.29498727       13.82607160
      1       12.67750720      -10.10151020       -2.79720633
      1        2.15572956        9.50626050        5.45398853
      1       -7.30218141       13.09703636       12.38716884
      1        9.98322078        0.81554285       -7.76647201
      1       -4.16354686       -5.07320523        9.14975658
      1        8.29699266       -1.16456630       12.93778290
      1       -4.51525607        6.08970017       11.56434560
      1      -13.12911318        8.82363838        4.44905970
      1       -6.11127553       -5.36917884        7.84168858
      1       -4.03162917      -11.34943073      -14.09317742
      1        3.71388972        5.26912088       12.63576183
      1       -5.19275087       -8.94450006       -6.08492013
      1        0.74177208        3.81755377       -5.88354765
      1       11.01776717        2.27385580      -13.36707987
      1       -1.07013250       -6.31400408       12.29789157
      1       -8.07772146       -7.27789441       11.22028697
      1       -2.77083274        4.95195699       -4.65645621
      1       -7.96897225        4.41502422       11.07910885
      1       -8.62021569       -8.02954553        7.15821132
      1        8.96124521       13.09590777       13.54380182
      1       11.48062932       11.16869884        1.96718622
      1       -8.91662644       -8.46521250       -0.63096777
      1       -0.69009709      -11.95079613      -12.47197718
      1        3.44377460       -1.75726248       -3.86687093
      1       10.13536107       -5.72152851       -8.50215522
      1       -3.66118839       10.87883107        0.84454922
      1       13.67513324        5.12074966       -2.52753543
      1       -1.72047194        8.67610156       13.54842126
      1       -1.33258421        9.63911866        6.95021907
      1       -9.62916140        1.07364861        7.37208600
      1       -0.77335761       -4.86816776        3.19989182
      1        7.93625706        0.30325031       -1.33503772
      1       14.16352137        3.11088054        8.34109987
      1       -7.94798185        8.96229869       -2.09853272
      1      -11.40302537      -12.85484371       -3.07067608
      1       -7.73234737       12.68378621       10.04315064
      1       -9.64416586       13.42906279       -8.42240287
      1      -11.65992544       -3.16847312        0.00497151
      1       -1.54582024       -2.34065880        9.97604247
      1      -12.43923758        4.34642624        0.77528208
      1       12.50209039        3.02419842       -1.97849016
      1       10.28208636       -7.33068010        2.62213237
      1       -1.56656430       -2.95997971       12.24560063
      1      -11.58388706        0.99192682        2.13581139
      1       -8.71178661        0.74592032       -9.91379896
      1        6.84620351        6.72203020       -3.75995841
      1        6.62663761      -12.11674548       -5.86567980
      1        7.96599466       -2.00273642       -0.63448894
      1      -12.21861524       -7.67691393       -9.71425672
      1       10.88372065       -0.18984562       -4.01067825
      1       -0.63344405        3.73975555        1.65951552
      1       -4.70568578        5.75444532       -9.57582083
      1      -13.39762077       12.77057098        3.62047136
      1      -10.73011824      -12.18769980        3.15905568
      1        6.37420115      -13.34486332       -7.87152696
      1       -1.70024096       -7.03430152        6.54238572
      1        9.13650978        8.23095032       -7.64725140
      1        4.03848734        7.40616162       13.71634588
      1       -0.31140656       12.69867857        9.61185408
      1       -3.16561429       -7.90634665       -8.13974647
      1       12.74816692       -5.67082407        9.59254712
      1       13.11767435       -4.00992499       -6.37334874
      1       -3.62340376       10.56402359        9.91720601
      1      -10.68438789       11.83013701       -6.62978499
      1      -13.52316098       -7.10020564      -11.62044183
      1        5.82764862       -7.93219324        6.06688857
      1       -0.74861132       -7.97592790        0.61472331
      1        4.29968592       -9.99010463       -7.93787902
      1        0.92760006       10.60711557      -10.29806569
      1       11.22597301       -5.44929810        1.54612781
      1        1.18036088       -9.99376757       -4.54716167
      1        3.94659493       -0.42082948        7.09651393
      1       -1.94761736       -6.39607471      -11.49526495
      1        7.31905737        0.53430451      -13.53673567
      1        4.65211628       -0.52151631        2.95512588
      1        5.04085093        3.73233753       13.94926350
      1        5.62041736      -12.39679891        7.33746729
      1        6.30705175        0.22216605       -6.86517042
      1       -0.31956115       -9.91020298      -11.23196533
      1        9.01228500       -9.38142144       10.97501399
      1        8.12256681        1.40603481       10.40980176
      1        1.72346705        4.04059730       13.05755679
      1        5.73522630        3.32615283        4.11836527
      1        7.60149060        8.34358989       12.98535696
      1        1.35801711        7.64578108        8.61950111
      1        2.21379271        8.59506862      -11.13907397
      1       -2.94394478        2.83195058       11.02995503
      1       -8.60610212       -1.04810199       10.44118598
      1       -9.46041086        2.73409207       10.29987138
      1        7.67353290        5.43923694       -9.67967459
      1       -9.27090503      -10.43435441       -1.87329269
      1       12.00033023       10.82379083       -9.14420114
      1        5.61699170       -2.73068857       -0.00572230
      1      -13.06433501       -6.33969748       -3.87444997
      1        3.23379746      -12.16072980       12.60762550
      1       12.41984825      -13.54283443       -0.47603459
      1       -5.81515511        0.37191139       10.32607157
      1       -4.91110590        0.01893533       12.85522527
      1       10.67932195       -1.27203235       12.90589237
      1        6.70359849       10.50877206       -5.77897436
      1        0.50319678       12.64707363        4.11106785
      1        7.76153811        9.92748370        3.74632170
      1       -8.11828003       -4.58347542        8.83606309
      1       -6.93302774        8.88318739       11.00899577
      1       -5.27917168       -3.56870126        1.04350352
      1      -10.40456691       -6.88977672       -1.62565953
      1       12.81994032       -9.27322745       11.27446216
      1        3.26001057       -2.43896893      -13.21960092
      1        5.76231150       13.15505137        3.93558351
      1        7.38176637       13.09487470       -0.75419253
      1       -3.42201704       -4.92050915      -12.72448620
      1       -4.89991037       -5.05853613       11.42337171
      1        3.57228911        3.93363256       -3.47810720
      1        0.98674299       -4.68824856      -11.56891468
      1       -6.57829960       -1.81137574        6.99123185
      1        8.40563021       -2.72098013        9.46653837
      1      -11.91577690       -3.93249024        8.92763749
      1       13.09978383       -2.37204298        1.09755839
      1       -6.92991174       13.25620027      -11.00444448
      1        4.51277780        9.11398364      -10.88248705
      1      -10.67965541       -2.51111010        7.47995758
      1      -10.41141368      -12.05934485        8.88185873
      1       10.22962932        5.07696592        0.80228809
      1      -12.42996232      -12.90743348       12.08211117
      1       11.20492268        9.12927648       12.75181336
      1        4.60430489       -4.96555897        3.59393065
      1        5.09755399        7.14515201        6.03560309
      1       -2.91350847       -8.72739404       -3.07573018
      1        6.66171034       -0.35396783        4.33366373
      1        9.47987153       -0.29302698       -9.89039493
      1       -0.08343953       -0.92617686        4.05480829
      1       -8.13768976        9.36382090        0.23626185
      1        2.09927841       -4.75408341        0.32424024
      1        6.14953586       10.80800004       -8.04804669
      1        0.71073765       -6.19265174        1.81601448
      1      -10.31812427       12.01557024      -10.28903665
      1       11.18485431       -3.41999602       13.87739899
      1        4.56541908      -12.39996423        0.68026999
      1       -5.91887260        4.22813663       12.38648817
      1       -7.75018501        5.58751328      -12.28236458
      1       -7.97750872       13.10875146        2.08262839
      1        4.89700692       11.37551075      -11.73302863
      1        5.10818794        0.03667139       -3.46915057
      1       13.32468692      -12.65439810       13.31005207
      1       -4.53455454       -4.88607227       -2.64868664
      1      -10.67666952        9.22900326       11.94337172
      1       -3.11226405       -7.53684816        4.67896156
      1       -5.72300034        2.57221454       -4.88827019
      1        7.77168155      -11.31127767        7.52348936
      1        5.44844799        6.93383742        3.69903517
      1       -2.25526073       11.66392991       -2.64509004
      1       -4.82181951        1.65550190        5.06379917
      1       -5.18228497       12.07419209      -12.33020550
      1       -0.08903785       -5.69276118       -4.98859026
      1       11.55911127       -6.39684721       -1.96435116
      1      -12.05173786        2.25674316       -7.37660167
      1        7.97694342       11.40739109       -9.43954584
      1       -5.04437715       12.29301572       -0.41328535
      1       12.09768327        1.93857665        4.69406208
      1       12.53516315        4.91671418        8.30563418
      1       -5.38983677       -8.05893943        5.08059488
      1      -13.24492754       -4.73342752      -12.18136576
      1        6.73869140      -13.45431088       -3.92868568
      1       -9.64355291       -8.65060569        1.68141058
      1       -8.54251958      -12.27767113        2.14346844
      1       -2.82264490       -2.73894432        6.20083312
      1       -8.23792454       -5.49320502        2.93866139
      1      -11.59425849        4.75683197       11.50548986
      1        9.44821773      -10.62105175      -10.83337827
      1       12.28722859      -11.96807626      -12.45127444
      1       11.95560686       -7.39962190      -11.22978437
      1       -0.20144294      -12.14697675       12.95688895
      1        3.37139234       -4.53600750      -12.15582879
      1       -8.63806513       -1.63640271        2.17206940
      1       -9.90799511       -4.94742506       -9.12440355
      1       -0.58699861      -10.26898633        8.71281267
      1       -4.19129469       -2.53181364       -2.66319935
      1       -7.48946128       -0.56509173       -2.99614913
      1       -3.02276699      -12.22599356      -12.07562371
      1       -8.87440274       13.43906191        6.50580981
      1        6.57806102       -5.45477944        2.26735723
      1      -10.42824513      -13.20609721       -6.15226253
      1        2.08478223       -8.86345828       13.68831235
      1       -5.45019657        0.31632267      -12.59381880
      1       -9.93822409        5.39546790      -13.10377831
      1      -11.44084335       10.07863976       -9.49519492
      1       -5.87063471        7.06993875        9.87956746
      1       12.55099358        9.18867452        2.73828029
      1      -14.07081720       -0.11893242       13.74566505
      1        2.89707002      -12.07527854        4.17005655
      1        2.40582653      -11.37425268      -11.07792469
      1        8.85200292        8.12919191       -3.76470060
      1        8.02576372      -10.95801072       -1.37334170
      1       -9.88917563       -1.03132705       -5.52498926
      1       12.85580478        5.79295868        6.12277038
      1       13.14849633       -3.97470587        4.72801812
      1        7.07630980       -7.61112963       -4.79546175
      1        1.62615899       10.15881209       12.69788140
      1       10.09465604        5.60395204       -9.52778430
      1       -9.05076408       -2.26017445       -2.28942002
      1       -4.40519000        2.09447857        9.36808296
      1        4.19981367        5.54903153       10.29164613
      1        2.75376177      -11.72321564       -5.10455451
      1        4.35834790       12.15284868       13.87376939
      1      -11.29557591      -10.44575096       -3.06353344
      1        2.32308141       -1.03606552       -0.01093053
      1       12.98071287       -1.69975911       -7.08842084
      1       -6.87282934       -9.18319753      -13.38705806
      1        4.42984769       -4.81697510       -0.64838174
      1        4.81818045        3.33633209        6.29899299
      1      -12.87462085        8.22334793       12.41849644
      1        7.08760772        6.97824245       -7.94670111
      1        6.69997091        3.30196925        7.76354982
      1        4.91571329        8.02679513       -3.36872792
      1      -13.50871095        3.47754638      -10.90839075
      1        3.33758748        3.67124574        0.48298335
      1       -3.81743773        6.89516662        3.36184971
      1       -8.79806009       -6.51844295      -10.67445726
      1       -7.35705554       -4.52397898      -13.21022299
      1       -3.80445339        3.90911646       -8.20625313
      1        1.27115161       -3.85355333       -7.77592923
      1       12.98135397       -4.77320802       -4.05250923
      1       13.41147375       -4.20373381       13.58950429
      1        2.59540216       -1.89927530       -7.83933175
      1        3.13099393        1.62429608        6.19456332
      1       -3.19935566       11.71537334       -4.84892921
      1        8.00990642       -8.84781455       -7.69650613
      1       10.94750153       -8.47459021        9.98959493
      1        4.69376089       -5.42976394       -3.01608312
      1        3.41784111       12.91452758        6.89057433
      1       -4.28927361        2.48454973       12.91657766
      1      -10.10351692        6.43494115        2.79031707
      1       -9.27071438        3.06438359      -10.00576530
      1      -10.10075166        1.76839987       -2.38080220
      1        6.98162423        3.30680611       -5.56881194
      1       -8.72760828        1.56955631       -0.31365052
      1      -10.05652090        8.13005262        1.14005730
      1       -4.59508164       -4.30921822       -8.57489653
      1       -4.85731270       -2.35740974        2.96597999
      1       -0.05285976        7.47893514       -7.41670368
      1        7.87652668        4.83974244        1.46551020
      1        0.63265761       -4.29845209       12.65691585
      1       -6.17948773      -11.05710322        2.72901633
      1        7.75606359       11.61365198       11.99094231
      1       -0.61875504       -3.40616738        6.76254746
      1       -1.04741675       13.09611778       -7.94574747
      1        0.98924116        2.26647342        7.29522676
      1      -10.14456211        3.40508682        7.09298775
      1       -0.42073743       -2.69062247      -11.87577856
      1       -6.76609230       -5.61416325       -2.15576875
      1       13.49809546      -12.51213349        6.03224323
      1      -10.68409630       -7.23063977       13.69128382
      1       -2.24678115        0.39898050      -10.43778508
      1        2.67108116       -0.55525773       -5.77255936
      1        8.94871601       -8.88821574       -2.14710244
      1        7.43421356       -3.26841260        1.77242436
      1       13.32425932        7.48786352       -9.99910871
      1      -13.16617253       -8.03139948       -5.82507724
      1      -11.68212079        8.54055386       -5.63569348
      1       -0.44985579       -6.14043461        9.90729958
      1       -6.50582861       -8.95000836       -4.09423278
      1       -4.31357529       -3.89665086        4.69794404
      1        6.65791013       -6.72621179       -7.01940898
      1       -3.52046302      -11.35684582       11.32048944
      1       -6.97430106        6.84719913       -2.64388445
      1      -14.24890374        1.42113013        9.83432773
      1       -0.54688180        5.62167567       10.53879473
      1       13.78286412        9.86154278      -12.40196370
      1      -10.42614339        4.67646250       -4.60906581
      1       -6.23580327       -7.64437374        7.30063270
      1       -9.07350048      -10.86026841       12.26427812
      1        5.05994434      -13.47521525       13.24293429
      1       11.12436680      -12.96387689        3.12192044
      1       -6.87152172       -7.49334483        3.20913346
      1       -9.91013289       -0.12260576        0.77770093
      1       -2.25850734       -0.81109665        4.86013399
      1        0.05087632        5.07130282      -10.19014755
      1        7.41352129        4.37543368      -13.77292034
      1        9.02960272        4.40587682       -2.65306401
      1        7.51898372      -13.46614924        2.91003233
      1       11.83040566      -11.90227914        7.80792374
      1       12.16311657        1.84062745       -4.03284824
      1      -10.05935007        4.17304901       -2.32629616
      1       14.03848478        6.53109124        9.18947732
      1        3.44775059       12.28682955       -1.28684739
      1      -10.21952727        1.69381183       12.30204128
      1       -0.43289989      -10.47738244       -8.70940870
      1       -0.44216968       -0.67650758       -2.70253668
      1      -11.45310898        6.84739931      -11.96289541
      1       -1.76133435       -1.34514915       -6.12273655
      1        4.70065767       12.70485085       -8.09675614
      1       -8.12005659        9.22359999      -11.37132488
      1       -2.28588619       -4.27587392       -7.91094934
      1       11.74656742       -0.42601330        4.88825654
      1      -10.20859035        9.78785973        9.58004582
      1        1.87191734       -8.29937054       -2.86964571
      1       13.65911273       -1.79824494       10.39557707
      1        9.04492586       -6.91822334        7.34284800
      1        1.97054737       -7.73154549        7.16066601
      1       10.80561552       -7.90579025       -5.50473145
      1        7.00304634       -4.84644218      -10.72765110
      1       12.04918184        9.65362681        7.48954353
      1        5.59071135        0.88990866       -1.25804809
      1      -10.89512998      -11.83668227       13.52258237
      1      -12.59557075       11.69580341        7.26135056
      1       -5.34351390        3.93946778        8.09195057
      1        6.11758160        4.22520958        9.87970806
      1      -11.67856439      -11.01896971       -7.50786345
      1       10.69090831       -5.72066431       -4.41390333
      1      -11.49384114      -10.03358334        2.29183494
      1       -7.22958950       13.59067767       -8.58878670
      1       -3.36166873        6.46438837        0.96197234
      1        0.75053835      -13.16059946      -10.96980943
      1        1.40479874        2.96516223       -3.75913588
      1       -9.50835125       -5.58936474      -12.76790854
      1      -10.83914851       -1.23147670       -1.09043217
      1        5.87355647       -9.88758266       -1.75846917
      1        9.13714221        8.88981684        0.15443136
      1       -4.06889351       -5.63330678        1.14330349
      1       -0.00371115        3.88250822       -2.02639238
      1       11.23715923        1.07542195        9.28693476
      1        9.15304199      -12.57616184        4.42883805
      1        4.60230290       -7.62604456       -7.80264241
      1        1.09455040        2.69789987       11.14721265
      1      -13.18539045       -0.56169903       -5.80738624
      1       -9.39086061       13.99145529       -3.95073096
      1       -6.90569437       15.36119267       -0.70693053
      1       12.50020923      -12.53743677       -2.71815783
      1       -6.08083028       -9.46046924      -11.06544540
      1       -7.32195337        6.40662823       -8.63720358
      1       -0.51869691        9.64067067       11.78652372
      1        5.33017331      -13.69199955        9.37257944
      1       -2.49699390       12.08225340       -9.51382241
      1        8.14358591       -6.78922134        3.51099391
      1        1.91248513       12.88691738        2.20516818
      1       11.97288165       13.26065340        6.00894890
      1        6.69306660      -11.59489269        1.64878642
      1       -1.55145849       -7.31365304       -1.59476299
      1        7.87996361       -4.97326656       -8.50249315
      1      -11.44216562        7.57203372       -0.77427027
      1       -8.15358538       -9.56335528        3.40002165
      1        0.72997024      -11.64669447        0.56189107
      1        0.95527010       -2.31199989      -13.82057651
      1      -10.49562873       10.06800274        2.58429858
      1      -12.77830923      -13.26920349      -10.11314479
      1       12.08819705       12.77086044        3.65127125
      1       13.12634722       -7.95912578       13.19190305
      1       -6.55556169        9.00314759       -5.58058379
      1       -7.15642212        5.27416463        9.02149162
      1       -3.71313545        7.54888318       -8.33243283
      1        8.48789055       11.86709863        6.87312799
      1        7.77721528       13.76335823      -12.36920412
      1      -11.60769418       -0.35637874        7.49357209
      1        1.83096114       12.83234960       10.51841836
      1       -1.77125202       11.50902725       11.02777879
      1        8.41131130        4.89907823        7.22325627
      1       -7.33968982        4.50595854      -10.12918591
      1       10.51684443       -9.10981059        0.87251273
      1        2.03359038       -5.03110502       -5.86288354
      1        3.33554915        2.57665422       -8.22763785
      1       12.77162340        8.19412647        5.77252534
      1       -7.68998124        1.93221719       -6.02449481
      1      -12.47717950       -3.92400038        3.87937732
      1       -4.38587351        9.80839598      -11.82751461
      1        2.31607105        8.86598321        3.11990928
      1       -5.25176054       10.27151526        2.68993824
      1        4.07636521       12.69503442       -3.50649992
      1       -7.07320359       -1.46745550       12.37236190
      1        5.42204729        8.61975110       -8.67343180
      1      -10.81129124      -12.35832340       -9.27329791
      1       -6.66712183       10.46602791        7.37372555
      1      -12.02362289        5.28553706       -1.35490425
      1       -8.75259113       -9.98331279        5.81070242
      1        1.66480741       -1.92707942       -2.18800804
      1       -6.25332434        6.56303687        2.39548390
      1       -4.15711659        8.24815498       -0.36346704
      1       -8.73718749        0.56350805        5.25144103
      1       -6.69410066       11.94326046        3.73033429
      1       -4.18293998        8.22680793       -5.93123339
      1       -6.51414684       -0.08053305        5.32387776
      1       -2.52442345        8.78680785        8.80095606
      1       10.81165038       -4.58227775       -6.59494083
      1       10.65310275        6.82084304       12.26429893
      1       -5.55829374       -6.01991145      -12.75656789
      1       -8.46563906      -11.69249225       -5.99763305
      1        0.41633808        3.22689088        3.77127881
      1       10.83906882       -0.89872247       -6.32394920
      1      -12.64695393       -8.40152654      -13.37321410
      1      -11.29703343       -0.03897477       -7.15225188
      1       -4.29772839        4.36461862       -1.88380957
      1      -13.12942697      -10.35056468        0.48707410
      1        8.68761136        0.56239104       -3.60016102
      1        5.50021518      -10.08800083      -13.03847271
      1        2.08389571        6.64575490       -8.14327084
      1      -11.46166148       -7.66838663        9.86690716
      1       10.20317034       -8.72437554        6.24682330
      1        1.21934229       -0.06229534       13.27948258
      1       11.48939532       10.76978182       -2.13185964
      1       -2.34517727       -8.75337955      -11.84446117
      1        2.15537162       -7.59789849      -10.17683319
      1       -8.60665903        2.55191002        3.95605205
      1        3.56897973       10.06339556       -0.54975357
      1       -3.70990861        4.98160003        4.77707404
      1       12.44824071       11.88264379       -0.17007139
      1       10.29864231       13.40973279       -7.30174218
      1       -4.42135873        8.94890707        4.47988756
      1       14.09185971        1.98444979        6.14763875
      1       -4.40703130        7.50104395        8.07174102
      1       -0.17791845      -11.74133491       -3.55712433
      1       -0.84062977        2.76978504        5.80555119
      1        0.34117013       -6.39698949       -2.74066594
      1       -1.35993317        4.71538239       -8.15896784
      1        7.39017491       -9.81343476       -9.81816256
      1        1.55656888       11.75135041        5.99170068
      1       -8.65706454        2.05712389       14.22335413
      1        7.81138922        1.96162009       -7.38441745
      1       -6.73337638      -13.42429445        6.67130430
      1       12.88643212       11.84569340        7.68694425
      1       13.86321332       -9.08341642        7.82650402
      1        1.96396596       12.20357336      -13.93815732
      1       -8.47227292       11.59120824      -11.75393180
      1        8.43989764       13.63563791       -8.75460875
      1       -4.65081878        6.75201206       -2.21219425
      1        7.07016833       -5.90931713       -3.16262731
      1        3.46414550       -6.45298233       10.66278283
      1        1.11580784        0.57664076       -4.23260013
      1        6.05908678        8.84828863        2.43359097
      1        5.60755851      -10.59008263       10.84597775
      1       10.47395005       -1.66133533        6.74629949
      1       -9.23771452       -8.36545187        9.44792986
      1        9.26534436        1.60729697        0.12545471
      1       -5.35163241        2.55915264      -11.84871633
      1        3.67692578       -7.40227960       -4.05008983
      1      -11.90704921        3.33638579        5.45987479
      1        7.11682173       -8.81796181        4.26490115
      1       -5.06871848      -10.90802639       -0.79310351
      1        3.90149991       -7.51972455       12.78478533
      1       -2.16028490        9.68340458       -1.16346545
      1        8.95920571        9.07237630        9.40550903
      1        0.39193919       -9.89068495       12.31569099
      1        3.19343780      -10.70163742      -13.29681840
      1       11.05676862       -8.09070557      -13.32292229
      1        7.61944274        1.76249331        3.86851082
      1        2.48047349      -12.69344512        1.90432417
      1        3.68689373       -9.88437811        3.96879679
      1       -8.54311953       -8.94422886       -8.38871956
      1      -13.07516472       -9.62516452       -1.77620930
      1       -9.19668352       -4.60756906       -6.87486749
      1      -10.64480709      -11.23500474        6.67152724
      1       -6.92834644        8.74080919       -9.34694560
      1       -3.24576068       13.24690981      -11.52299286
      1        8.75183288       -4.34234341       -3.72232496
      1      -13.73022445        1.93598860       -9.06285896
      1       -7.88011796        2.86475874        1.58712118
      1       10.60733680        7.25410765        9.91141441
      1       -6.96550744        5.47501355       -6.45360639
      1      -12.20482771        2.86462011       12.86215396
      1       13.40049831       11.87341676       11.40066866
      1       -7.89500960       10.37170981        9.45680168
      1        7.43888331       -0.54315601      -11.46268866
      1        5.02216879        7.74748731       10.07297430
      1       -3.08990299       -0.87044187        2.63170577
      1        3.74121542        5.99798158        0.51561644
      1        4.18239404        5.74367562       -5.65923533
      1       13.70470187       -4.14549188      -10.04424579
      1        7.39297288        7.02674076        6.75269469
      1        9.70054488       13.78639395        6.23068898
      1        5.00488006        2.28012025       -4.57357402
      1       -0.45830611        2.35797883       -7.56014662
      1       -5.58718814      -12.14551225       10.32641450
      1       -5.95870187       13.74366481        8.85776099
      1        6.36060892       12.05246211       -3.97424490
      1       -3.64379586       12.35584782        6.16384716
      1        6.11288301       -1.31095238       -8.61853389
      1       -0.31103998       -2.62917910        2.38994019
      1       -1.83228594      -13.02050033       11.37000021
      1       -2.19243876       13.65631561       -5.85071523
      1      -12.59665764       -2.36733178        2.14276538
      1        4.47360066      -13.38535454        5.42250452
      1       10.30793516        6.23457712       -3.59719996
      1       10.93727415        7.88197706        4.22450226
      1       -1.40585460        6.50636743      -11.37531335
      1       -7.62305560       -6.81171514       -4.06152687
      1        9.46880629       -4.76303559       13.01572601
      1       -6.41805136       -3.99382670        5.95437438
      1        1.57406333        9.15091402       -1.58411790
      1       10.76809324        3.41005390       -9.94262892
      1       -6.89369332        3.67835946      -13.34455795
      1       -6.66889783       -7.60130073       -0.87459433
      1       -0.03393563        6.27310027        5.04220135
      1        8.57863281      -10.78760497       -6.12170925
      1      -11.72309874        6.19388663        7.87402639
      1      -11.13185713       11.92746125       -0.65608355
      1        8.45378955      -13.12910083       -2.36093262
      1        7.57875340       -2.96063846       -5.28386040
      1       -1.13211553        7.86228730       -2.67319511
      1      -13.17184512       10.99477824        0.27119539
      1       11.71393275        3.11128793       12.38565237
      1       11.04785827       12.44269364      -13.19140989
      1        2.13521444       -9.75282139       -9.10957556
      1       13.87814694       -6.72279287        7.71052625
      1        0.65338279       11.31503956       -7.90349131
      1        0.84641170        3.96622476        9.14073463
      1       10.40128279      -13.07098308        0.88148259
      1       -0.09606176       -3.89154235        9.02077092
      1        6.35913854        5.53313542      -11.73982588
      1        0.92691172        0.97584274        3.02891140
      1        6.55309677        5.66844616       -5.90146184
      1        9.08374376        9.67988458       11.75828323
      1       -1.06166554       10.99039175        3.47958197
      1       -8.03182661       11.39808638        5.62192476
      1        2.51117507        5.53829421        8.57938624
      1      -12.33209491        0.00561927      -12.44540091
      1        4.14997690        1.15805447       -6.48328086
      1       -1.88881666       12.28748135        1.68896662
      1        8.71572814       -3.07951616        5.73138674
      1        2.64256890        4.56891207       -7.07328550
      1        8.14748448       -2.95510635      -11.64521517
      1       -5.66385169       -0.91813822       -7.94882026
      1       -5.44215385       -4.46898717       -6.36899367
      1       10.47589434      -12.38642143       -5.99520101
      1        5.10317646       -8.59944982        0.30528275
      1       12.70137707       10.23133618       -7.00296181
      1       -3.06367959      -12.14772293       -1.22501340
      1       13.37979068       -2.85096780       -2.77673867
      1        2.29364396        0.65172394       11.19802159
      1       -3.61603202      -12.34229733       -5.09472620
      1        5.94670044       -4.41695476       12.84636349
      1       -8.59544672        8.03784222       12.58797405
      1      -10.18724556       -6.32347813        1.88025039
      1       -9.09802837       12.45514802       13.90029885
      1      -10.99226969       10.72860867       -2.80200044
      1      -12.63497201       13.55095174        5.75453432
      1       11.81546976        2.36302024       -8.08323813
      1       11.50122248       -5.15625848      -10.38770062
      1        1.91187049        8.34894702      -13.51709072
      1       -4.30320034        0.67134213       -4.84223311
      1        6.94582004       -6.60548236      -12.35543326
      1        9.11742320        4.45785749        5.05439256
      1       10.54506142       -3.31553491      -11.68193323
      1        3.53485995        5.31744086        6.39379369
      1      -13.39565265        1.46440435       -4.44697125
      1       -7.71620761        9.91357204       -7.46123406
      1       -1.73712207       13.66674586        6.74525087
      1       -0.49151994       -1.23457721      -10.01849731
      1        6.83409741        8.19581790        0.26925731
      1       11.15621776        5.49394741        4.42318651
      1       -4.88359835        0.39556803       -0.29416122
      1       -3.81461595      -10.30118717      -10.77450408
      1       -6.77516176        4.79902077        0.72638376
      1        5.38987781        8.66078184       12.20582550
      1       -2.69528545       10.03453961       -6.36202162
      1      -13.80692464      -11.33676227      -11.00012423
      1        3.31201274      -11.21687221       10.23087531
      1        4.49186228      -12.56327294      -10.85868056
      1       -6.00380542      -13.95546206        0.99664010
      1        2.80054724        0.87842867      -13.04407902
      1        3.22641221        6.62028886        2.82396949
      1       -1.14391994       -0.04811983        9.47100208
      1        7.22949635       11.46996689      -11.69191960
      1      -12.61565385       -9.25292467        4.26243088
      1       -4.67118045        9.31804516       -9.52201481
      1       14.00005532        5.81376035        2.01977319
      1        5.04048692       -1.16248787       10.82099771
      1        2.93452233        6.54025346       -3.48387278
      1        0.78328888        0.00063047        8.04988555
      1        2.16212806       -3.22657083        9.20529595
      1       -8.81731079      -10.61643129        9.89974212
      1       -3.12553681      -11.48713323        4.69354040
      1        1.15349996      -12.47594058       -1.68604660
      1       12.51332378      -11.17017478       -6.61188266
      1       13.65421028       -5.96448041       11.94142944
      1       -1.85112207       -1.84055493        0.56815875
      1       12.29409649       -0.53700548       -0.25677847
      1        2.90593606      -13.66735957        8.96065669
      1       -8.30984151       -1.54623079      -13.32380436
      1        3.26201518        8.99803456        9.07816101
      1       -4.73737482        4.39658680       -6.04676294
      1       -2.70826813       -1.11764434       13.35384478
      1      -10.09812220        7.11750328       -4.53395548
      1       -8.56432355       -4.94187101       11.09813883
      1      -10.70419148       -1.74807722      -13.21343941
      1       -0.99559424        5.99452190        1.03746784
      1       -9.89541295      -13.39724954      -12.87109087
      1      -13.45810952        8.80554710       -0.55771075
      1      -10.58359256       -0.74476224       -9.37831682
      1       -3.63818923       -0.04555014       -7.00476694
      1        0.39964030        2.91222239      -11.10637929
      1       11.40126688       -1.20081208      -10.98793903
      1       10.53404273       -1.29769865        3.01004626
      1       -0.57089891        7.96722564       10.03090950
      1        6.55518135        2.78270335       11.63259047
      1       -7.31260030        7.79405956      -13.10789710
      1       -5.54626950       -1.22308841       -4.10708561
      1        6.72021730       11.47619207        5.31856349
      1       -3.07318105       -5.53488189        3.34595428
      1       -5.56363929       -7.51530303        1.21270711
      1       -1.36416885       10.03162635      -10.22736912
      1        5.72411902        7.73211481      -12.37404822
      1       11.50824848       12.20061502       -4.05056586
      1        8.94730248       -6.87428362      -13.79803653
      1       13.81663379        5.28818630       -4.99327515
      1      -10.21565707        8.49882423       -2.56609455
      1      -10.51187363       -3.27411382        5.23323642
      1       -1.06112247      -12.89063942        8.85508933
      1        5.72324606       -9.05695407       12.67191891
      1       11.64504374       -0.02667301      -13.13618566
      1      -11.26640534       11.92501929        9.22971218
      1       13.77709858        1.24831671       -0.92238978
      1      -10.03509387       -8.49147251      -10.21556879
      1       -8.12871891        0.99996561        9.31821320
      1        3.97191355       13.02902278      -10.30401145
      1       -7.88722818        4.38388094        5.32083150
      1        2.82100834       -0.88555212        9.24826052
      1       -6.78943670      -12.01012092       -7.76735428
      1      -12.33182755        6.69675729        3.71617053
      1      -12.84714168       10.64594340        2.65071597
      1       -5.11955563       12.12759958       13.06475304
      1      -12.88246158       11.78844000      -13.25230864
      1        8.29259388       -5.48432024        5.54315354
      1      -11.96202038      -10.56124178      -12.50041717
      1        5.85859835       -5.60289990        5.59882332
      1       12.93543184        7.86572230       -7.66684149
      1       12.39641827        2.22796298        2.35296237
      1       -2.78903186        5.04553500       10.27631302
      1      -12.26099301        0.55101564       -2.35799660
      1       12.62267137        8.41525290        9.42650723
      1      -12.26587600       -5.42355425       -9.00051813
      1       -6.24645707        3.18898158       -2.60673823
      1       -2.53381706       -6.90402023        8.83002108
      1       10.39301177       -6.21643349        9.29726642
      1        8.91472778        9.56070411       -5.71228217
      1      -10.39265095        8.24876496        7.65636194
      1       10.19220531        2.82813197       10.47873255
      1       -3.92681089        8.04862606       12.86172742
      1       -7.24715008      -12.98168790       -3.02385643
      1       13.56133275       -5.99674877       -0.71203072
      1       13.48362140       -3.50487734        8.76560743
      1      -12.56131429      -11.81421816        9.97425409
      1        9.69364460       13.50750621        9.91043189
      1       -6.52843654      -10.42549642        8.99519796
      1       -0.99004654        1.53126305       11.31950282
      1        6.31309113       -0.55345074        6.77318560
      1        8.73559985      -13.14800131       11.78459501
      1        8.03975106       -6.77154340       -1.17782451
      1        7.75467685        9.18463107      -12.57845618
      1       -9.32028436       11.42317818        0.92128822
      1        3.91501431        7.84987299       -7.00474997
      1       11.93262684       13.18937889       -9.04587695
      1       -1.40805526       -6.20674295       -9.01807898
      1        0.48923932        8.16143554        6.45268189
      1       -9.51172359       11.66537290       -4.41132977
      1        4.71653768       -4.61680181      -10.18419677
      1       11.45867484       10.09853047      -12.93590677
      1       -2.20692440        1.11143253       -3.77286259
      1       -6.84875434       -3.86998208       12.35838175
      1       -1.62550063       12.36447513      -13.00467546
      1      -10.74312522       -0.38899989       11.22414971
      1        0.87641408        0.77310374        0.63160066
      1      -13.18511964       11.77786984       -6.80398230
      1       -4.91709551       -1.15700319        8.59872626
      1      -12.46622620        3.48870327       -5.33313221
      1       -3.73962836       13.48279321       -1.97165491
      1       12.96912334      -10.38511260       -8.94178650
      1       -1.75762927        4.93345698        6.15636387
      1      -12.84218106        5.77143509      -10.35601069
      1       11.63243383       -7.84449640        4.56031676
      1        3.57040203        3.39950147        2.94981821
      1        8.59582045      -10.36605771        5.43868200
      1      -12.21394038        2.40369252      -12.61460781
      1        3.97023576       -3.98159887       -4.76241727
      1       -9.97503759      -10.88784573      -10.98306725
      1       13.02378830       -2.42272595        6.54733451
      1       -5.35638562       13.48237040        4.91082549
      1       -5.16490517       -8.98069725       -2.17885721
      1       -8.46443114       -2.34761152       -6.83307366
      1       12.43576863        5.37269260       12.71753588
      1      -13.37082800        2.16356744        1.11734455
      1       -9.59956342        9.78093685        4.87413360
