 run_id:         1008
 total_energy:   -4102.4298555549221     
 P   27.848118434861512        27.848118434861512        27.848118434861512     
      1       -0.12169167       -8.77950760        6.80591516
      1      -13.07549989       -9.11272058       -8.05248877
      1       -7.80545435      -12.46674773      -11.83857062
      1      -10.22556513        8.38338686      -10.63494274
      1       13.07758654       12.85508645       13.51812622
      1        9.02084278      -11.08437298        0.76721187
      1      -13.84764198       -3.71106859       -0.70719968
      1       -2.93209565       -4.87566033       12.76913163
      1        0.75465175       -1.55987249        6.20039023
      1       -1.08745060        0.09867504       -0.51916298
      1       -1.44135915       -3.51442680       -1.26745789
      1       -2.73211275       12.90661062       12.70335801
      1       12.09423467      -11.51232310       11.65411149
      1        8.94942575        2.80467069       -4.39871478
      1       -5.60155025       12.06155244       -4.93677302
      1      -11.72570511       -6.13714849        8.05772585
      1       -5.33452399      -10.43354025        4.93423575
      1        5.61872015        9.33856960       -1.44584328
      1       -2.66909644       10.43322403        5.18944977
      1        8.69239313       13.05916718        1.22383657
      1       -2.32858194       -9.64493684        1.52259381
      1        3.11473671       -4.09845424        7.11477933
      1        4.92052202        2.56400256       -9.96570254
      1       10.54893040      -13.39745260       -3.75481648
      1        0.23761151      -12.81739348       -8.58720507
      1       -0.23967671        9.67635741       -6.29776876
      1       13.02823258       -9.52689079        3.60110670
      1       -4.97619279       -8.49619857        9.31387865
      1      -10.12493140        3.22296802      -12.21076807
      1       -0.32224631       -5.32937286        5.51571066
      1        4.87487763       -5.91589814      -13.52146451
      1      -11.04321509       -8.82052043       -4.86446908
      1      -10.81353361        2.77194627        3.48387740
      1        9.85165067      -11.13517210       12.41712298
      1        8.34185891        6.11447900       12.66767398
      1      -12.10830314       -0.64529383        3.71534719
      1       10.89562502        6.63686310       -7.47396227
      1        7.00184997       -0.67340068       -4.77926545
      1       -5.67151827        2.73849476       -9.43560056
      1       10.94036366        0.49534879        1.38359057
      1       10.91647376        7.18709038       -0.04172471
      1       10.75092634       -2.61460814        9.00898223
      1        4.46579474        0.88431036       11.50184857
      1        8.95807858       -8.98275325       -4.53828974
      1        1.15878561       13.01825708       -1.41449227
      1       -4.07236356       11.05556878       -8.09505743
      1      -13.36307979        7.69950054      -13.11882515
      1        6.73220176        4.96748114       -2.04720288
      1      -12.68661083       -7.32829211       -1.77381355
      1       10.09665551        4.88434754        9.06698063
      1        1.19884334       -9.34672628        0.88388544
      1        7.62860497        2.48934172        1.51119178
      1       -3.20607700       -7.69998346       -5.28482423
      1       -0.08293303       -6.17757957       14.79467199
      1        6.93265377       -5.82780830       11.16296186
      1        4.64226950       -3.10112079       -8.25984641
      1        1.81469606       -8.74890635        3.15404953
      1        5.74466435       11.82637319        9.44792186
      1       -0.35341628       11.79058781        7.39723980
      1       -4.58194658        4.52559856        0.62675483
      1        2.27933532        3.22287443      -12.62713076
      1       -8.91067192        0.74537641       -4.30459001
      1        8.16530008       11.68184709        9.38151695
      1        5.33273061        0.13840885      -10.45499909
      1       -7.31211113       -5.85831258       -6.19916418
      1        7.17169961        5.17993997        3.65095721
      1      -11.68619290       13.24884856      -11.72487714
      1       -3.14149074        7.16668885       -3.92145691
      1       -0.01964082       12.17354776       -3.27487964
      1        7.15111461        3.13561210       -9.34432906
      1       10.46941376      -10.42809634      -13.09507602
      1       14.00097060        9.78328256      -10.08496138
      1       13.40218466       -6.66597991        1.51425709
      1       -3.36221684        3.45455780      -12.77523080
      1       -1.52376929        1.93721370      -12.21402400
      1        3.05794071       10.77155352       10.80126274
      1        2.63242939       -4.30184532       11.26996470
      1        7.71221682       -7.83281106       12.24586103
      1        3.75993407      -10.91160405        7.69061484
      1       -4.02719616       -1.04956955      -11.22942153
      1        7.19580243        7.56382012        9.08128626
      1       -8.83191574        3.97506953       -6.27189122
      1       11.18123168       -8.71134802       -1.46687739
      1      -13.39272580       -0.41516263        5.79410175
      1        0.90316931       -5.62208267       -9.42767686
      1        5.63002374       -9.64123643        2.52225572
      1       -0.72964079       -2.47038110       -8.00431909
      1        9.61307151      -12.75842866        8.12027413
      1       -2.29027971        3.35643094       -2.70064237
      1       -3.69507041        5.79423367      -11.79727204
      1       11.95038790        4.59383578        2.38929247
      1        0.63421993       12.44203925      -11.94051168
      1       -7.81500473        0.38006154      -12.15236235
      1      -10.23768779        9.51949308       -7.38225094
      1       -5.15001939      -13.72201501       -3.82367007
      1       -9.99021204       -6.83516343       -3.97111927
      1       10.19061031       -7.96576140       -7.86525460
      1       13.15052100        9.50559012       11.48222883
      1       -2.14171727       10.12371823      -12.46066895
      1       -0.09723405        6.16155726       -1.18486452
      1       -4.79310711       11.78462005        8.17794281
      1      -12.65542486       -1.59393879       -3.65267064
      1        9.18033018      -13.06578603      -10.72772485
      1       -8.66911611       -4.77728555        5.14893679
      1       -9.88166798       -1.26139552        4.19015594
      1        2.97579605       -2.20009427        5.74892129
      1        9.78062064        9.83883175       -9.36293835
      1       11.44063550        5.35079946       -5.51608857
      1       -3.98707583        1.34478470        2.81369854
      1       -3.23111208       -9.10559388      -14.01542518
      1      -13.78461778       13.71316979       -8.09144417
      1        1.33767513      -11.96190212        7.73680722
      1       11.23568819        6.90479647      -11.15068292
      1       12.99614269        7.71077774        0.97398465
      1       -3.35883776       -2.92370289        8.57690347
      1      -10.58991881      -13.16762653        5.37912655
      1       -7.83508897        4.84983242       -1.59900937
      1        8.63617253        2.48339999      -12.97196159
      1       -8.79738388       -8.61882057       13.07573682
      1        8.86736482        2.09121827      -10.62395799
      1       12.75308501        5.90758890      -12.81617186
      1       -9.27795411      -12.16793757       -0.18630078
      1       -0.90245113      -13.30150052        4.68495611
      1        6.00793682       -8.48802042      -11.27037443
      1      -13.05038654        6.84755469       -6.59457754
      1        2.59423981       12.37086480       -6.89043473
      1       -7.85180732        6.34040779        4.10562840
      1       11.31113719      -13.87971120      -11.30527859
      1       -6.80968126      -11.06708211        6.68352375
      1      -12.85305222       -5.52111262       -6.73571619
      1        5.12720116       11.25452039        7.14059604
      1      -12.87277484      -10.52176871        6.24843194
      1       -2.74129968       -2.55564169      -12.56077708
      1      -10.91886739       -4.91902185       -5.19734332
      1        5.39783597       -4.49172759        7.58672329
      1        6.03411674       -6.43983686        0.16919194
      1        9.59690052        2.16757704        5.21596492
      1        2.84119177       -9.09530081       -0.77149490
      1        6.35866278      -12.79999530       11.37509608
      1       13.11095232      -11.88059510        3.78214916
      1        9.61194717       -3.26521365       -1.77966959
      1       -1.06676853        0.68193770       13.54594575
      1        9.26573541        9.79456478       -2.02750556
      1        4.05716370        9.19025641        6.81466814
      1      -10.86799226       -4.22791039       11.12942515
      1       -6.03669270        8.63645774        1.22625563
      1        1.94020432       -5.81177975        5.84400450
      1       11.42821964       -0.96815274       10.58666927
      1       13.64206798        1.77795926       12.18758196
      1        7.74204170        1.13126020        7.74823025
      1        0.28524388       12.11759583        0.58366689
      1        0.04432282        9.13308016        2.43545161
      1      -12.27676654       -7.04364248        4.89600157
      1        8.31752433       -2.00090021        3.62360748
      1      -13.48689397      -13.36960592       -4.08152131
      1       -2.95371011      -10.24122221       -8.56483110
      1        1.95510519       -2.76214164        1.61085889
      1        8.88595513        8.51658974        5.36764495
      1        1.53671709      -13.76218942       12.54688209
      1        2.17767853        6.84497610       -1.19080697
      1        4.43168790       -7.00907146      -10.06753634
      1        5.73375774      -11.44603224       -9.17433490
      1        5.03718901        1.31337968       13.79076176
      1       -0.20331869        7.09313465      -13.43438529
      1       12.95274376      -12.65781664        9.72038357
      1       -8.20569376       -4.08258251       -0.96203922
      1        5.97420449      -12.48657378      -12.70429270
      1       11.13603752       -9.13843083       -9.73169856
      1      -13.07434781       -9.47739924        9.94358437
      1       -1.04334639        7.15589193        3.26533155
      1       11.76665458       -3.41630462        2.78357513
      1       -7.15869323      -12.35700073       12.17427992
      1        7.31592026       -9.82126470        9.32289405
      1        1.57528651      -13.34197256       -6.50748482
      1      -11.64716584        9.70666829        6.15856020
      1        2.53915909       -6.39399379        3.57795805
      1       -9.60709790       13.52132388        8.78288688
      1       -1.90632831       -4.20252222       -5.41123424
      1       11.57271094       -9.58382462        7.96383097
      1       -2.07927221       -9.54086994        3.84539958
      1        8.23416122       -2.33950832       -8.89572237
      1       -5.08543496       -6.62181849       -8.94333731
      1      -12.37549025       -6.02984355        2.77747656
      1       -6.61092374       -0.81701394        3.07419274
      1       -2.71933963        1.66442867       -8.41456925
      1       -5.89353675        8.48838754        6.40732818
      1        0.83269073       -4.22060371       -1.63645549
      1       12.71724181       -9.29346358       -5.09859694
      1      -10.19520069       -5.06921270       -0.15756297
      1      -12.65255750        5.58363307        5.68782926
      1      -13.66115483       -2.18387927       12.64364598
      1       11.00350102        3.05263505       -5.74199311
      1       -1.95575810       -2.42620319       -3.57490476
      1       -6.02659179        1.02228525        1.70932282
      1       10.36004402        3.45753860       -0.94568334
      1       -9.71276994       -2.89236852      -10.26589523
      1       -6.41589784       -7.09923487      -10.82396683
      1      -11.36195979       -2.28222077       12.45912344
      1        3.32361605       -0.63647709      -11.47904901
      1        1.29714914       -9.78245657       10.14699738
      1        3.94818466      -11.27633737       -1.29997722
      1      -11.59785859        5.85098748       -8.30238540
      1       -5.71589863       -7.28760210       11.27723848
      1        3.60868897       -2.69322229        3.43841443
      1       -9.55279606        5.76253760       12.37375488
      1        9.17189724       10.72697066        1.83374389
      1       -0.73518645        5.70580622       -5.74611673
      1       -1.56710146        7.80843216       -9.27487785
      1       -0.16066499        5.29685477       12.86513804
      1       13.15781531        9.06972474       -2.55528096
      1        4.62476707        9.40886921       -5.24960070
      1       -2.88619149       -5.43325046       -0.99514477
      1        0.14516199       -9.67748220        4.64547278
      1       -4.61673984      -11.11954800       -6.94626999
      1       13.28752919       -1.77937009       -9.53327479
      1      -13.34224754      -12.49742425       -6.36118415
      1       -1.67393065      -11.81969643        0.78620931
      1        4.89488269        3.27907601       -1.47066018
      1        3.76078608       -9.05431036        6.22386865
      1       -7.34317417       10.60522942       -3.89744264
      1        9.96628164       -5.33627741       -0.59446060
      1       11.41013491       -1.68632173       -2.21976772
      1      -12.56664007       -0.23728753        9.65613361
      1        9.94188802        8.88745771      -11.53878767
      1      -10.42036769        3.78924045       -8.05150990
      1      -11.07615471       11.36878330       13.02977203
      1       -2.29294793      -13.33936367        2.52720524
      1        6.22661682        5.93234405        0.07291803
      1       13.87974059       12.17356831       -4.57167975
      1       -0.94803477       -7.35566139       -6.51733942
      1        7.91877909        5.65424855       10.31880403
      1       -5.20208642       -7.82160320       13.54579387
      1        4.29125588       12.31460097        2.20603377
      1        0.86136649       -8.94135088       -6.75592834
      1       -6.40493473      -11.48568229      -13.63411901
      1        1.73506996       -0.48981925       -9.66924331
      1      -10.63956158       -2.75668712       -4.06093631
      1       -7.64833678       -3.71372459        1.35917215
      1      -13.49493751        6.13890760       11.48480692
      1       -5.50937695       -2.37723323       -9.85795551
      1      -12.91698494       10.01831205       -4.00025982
      1       -8.28145081        7.86427629        5.95655118
      1        5.36207011       -9.04204308       -4.02757925
      1       -2.92428896        2.88780296        1.32166036
      1       12.12826371       12.94143714        9.72459216
      1        7.10597011       -2.75158198        7.41470148
      1       -8.85685092        5.63799531        7.31030462
      1       12.16739301        3.72574951      -11.81010635
      1       -4.97660016        9.98676501       11.86019421
      1        1.00653006       -8.11667618      -12.21814510
      1      -11.26617641      -13.51927118       -0.78544475
      1        3.15899676        1.17021764        3.74335052
      1        5.08922189       13.25744859        0.13092514
      1        5.80628030       -4.21691220       -6.41208640
      1       12.07096486        6.91037614       -2.16071619
      1        0.85697616      -11.82685283        5.34182793
      1       -3.12552981        0.47372866        8.20967573
      1       -3.45926515        5.39261564        7.95777270
      1       -4.71552318      -13.08876047        2.98053014
      1       -4.74121913       -9.75472547        1.24399543
      1       -6.65603212       -7.66883888       -7.51571610
      1       -2.44465457      -11.11518478       -3.30385851
      1       -2.88448794        1.67669461       -0.72373732
      1       -7.86609314      -10.84860455       -3.81325352
      1       12.91515749       -9.02117222        1.34756371
      1      -10.18563458       -6.45359887        6.19015569
      1        7.45037002       -0.99733009       10.75140900
      1        9.37403998       -2.69986502       -6.77711026
      1        6.92482043       -7.78733697        8.15491573
      1        5.52022548       -6.18516803        9.31817428
      1      -11.52525944        3.98915607        9.10191651
      1        5.24781830       11.01193083       11.94002805
      1       -6.20981551       11.85659591       -7.28512742
      1      -11.81182604       -6.28813382       11.78231123
      1       -0.05391055        9.79884691        0.08715792
      1       -5.48972267        3.77413111        5.77774370
      1       -9.71730214        7.30061745       -8.57702878
      1        4.76442616      -10.66662524       -5.70132987
      1        8.99318467       -4.80325738       10.62951303
      1       -7.50878606       -2.82477994      -11.34644207
      1        9.70294874        9.81011868        7.19162259
      1       -0.73783479        0.83643665       -5.67871373
      1        2.18318884        5.05307681        4.33474032
      1       -6.77532550        1.11077558       -1.51462178
      1        2.20560749        6.21103980      -10.37261474
      1       -4.91538567        7.71234216      -12.88043833
      1      -12.19668614       12.61329401       11.35110406
      1        3.23908749      -12.80872301       -3.08097304
      1        1.00945444       10.07155863       -3.99854884
      1       -6.23428386       -2.27026925       -6.09776116
      1       10.66957277       11.27115599       -6.05806494
      1        3.92705553        4.48778580      -11.23917732
      1        2.74284677       -7.27153979       -6.31083912
      1       -4.19212695       -1.92125820       -0.34176977
      1       -6.99887056        1.06243714       -8.22439568
      1       -0.11081929      -13.79121390       -4.81221115
      1       -9.81032435       -9.88569995       -6.61423735
      1      -13.27813825      -12.73499719        0.30403933
      1        0.68422952        7.47854399       -4.31434141
      1        4.61121270       -0.62156585        0.42505718
      1       -8.50508365       -2.30752763        8.40318179
      1       14.90014394      -13.00744795        2.59959728
      1        7.21843355       11.06816688       -2.00474682
      1      -10.34095421        4.12177134        1.63048738
      1       -7.68799240        7.07622394       -4.88140155
      1      -10.99428417       -3.83566469      -12.10818562
      1        4.03239788        9.99878758        1.84383409
      1        1.59602350       -7.47534240        9.51425716
      1       10.05064340        0.63661370        7.16708475
      1       -2.65985560        1.16848060        6.00581453
      1       -7.55544922      -10.75630134       -9.72275920
      1        1.00314920        3.06514149        0.01861681
      1        2.99068839       11.10383836       -4.90369647
      1       -3.85322379       -5.41960680       -4.86621912
      1        1.25379663        1.80024411       -9.16640223
      1      -12.86656571       -0.16256441      -10.08359508
      1       13.29243776       -6.29168979        5.43568094
      1       -1.64918963       -8.66154699       12.12568302
      1       -2.58814998       -9.36770626       10.00641268
      1        4.22877274       -2.89955288       12.37693836
      1        7.78246691       -3.28616129       13.82748097
      1       12.68191190      -10.10184993       -2.79712376
      1        2.17831388        9.53836902        5.44485978
      1       -7.30961599       13.10344589       12.39810136
      1        9.97431849        0.82125354       -7.76590449
      1       -4.17109067       -5.07804631        9.14848196
      1        8.29422728       -1.15929834       12.92645909
      1       -4.56875354        6.10527895       11.58972163
      1      -13.10053068        8.77565309        4.45203384
      1       -6.12005746       -5.37313305        7.84363981
      1       -4.03379453      -11.34342312      -14.08650300
      1        3.85312441        5.20170504       12.53751725
      1       -5.19063283       -8.94091572       -6.08548229
      1        0.71679922        3.81690178       -5.86815749
      1       10.98833485        2.29335895      -13.35740644
      1       -1.07332060       -6.30809941       12.27866001
      1       -8.07937576       -7.27927730       11.22389215
      1       -2.79466419        4.95118074       -4.61057881
      1       -8.00178709        4.41352961       11.09196032
      1       -8.62337998       -8.03466118        7.15929282
      1        8.95588874       13.09780310       13.55275642
      1       11.49658466       11.16466526        1.96860953
      1       -8.91373579       -8.46686186       -0.63218327
      1       -0.69215900      -11.94567505      -12.46728621
      1        3.43473886       -1.75423542       -3.88126720
      1       10.12900771       -5.71560290       -8.50474315
      1       -3.64383110       10.87823513        0.85603292
      1       13.66457113        5.12419952       -2.54579623
      1       -1.71874633        8.66335320       13.55445258
      1       -1.32917711        9.65670137        6.96143706
      1       -9.64989605        1.06779468        7.38157636
      1       -0.77434336       -4.87150463        3.19154988
      1        7.93887275        0.29320324       -1.34949731
      1       14.14052086        3.10738860        8.34012498
      1       -7.93847757        8.97119902       -2.09432057
      1      -11.39771790      -12.85777787       -3.06415043
      1       -7.74389031       12.69524026       10.05425561
      1       -9.64506931       13.43160447       -8.41757086
      1      -11.65980522       -3.17258725        0.00498947
      1       -1.54575449       -2.34883593        9.98105069
      1      -12.51753423        4.34102037        0.72189410
      1       12.50217029        3.02228613       -1.98965999
      1       10.28852235       -7.33626424        2.61800949
      1       -1.56424077       -2.95365318       12.25189501
      1      -11.61387778        1.00131306        2.16174739
      1       -8.71300891        0.74828771       -9.90183790
      1        6.84556480        6.72733582       -3.75048384
      1        6.62673987      -12.11040621       -5.86266051
      1        7.97048005       -2.01254019       -0.64677143
      1      -12.21842125       -7.67347307       -9.71337318
      1       10.88325488       -0.19437520       -4.01796955
      1       -0.65396312        3.70492283        1.66251287
      1       -4.71189173        5.75827741       -9.56176174
      1      -13.38062754       12.75158514        3.62054454
      1      -10.72597678      -12.19421512        3.16065461
      1        6.37316427      -13.33644135       -7.86831018
      1       -1.70457983       -7.04070730        6.53257421
      1        9.12352727        8.23789677       -7.63814982
      1        4.06043563        7.33930915       13.69867135
      1       -0.31301512       12.70696356        9.62165436
      1       -3.16294098       -7.89821530       -8.14261551
      1       12.74914985       -5.68378054        9.59642370
      1       13.11699092       -4.00740893       -6.37628830
      1       -3.62900499       10.58575749        9.93615174
      1      -10.68307439       11.82996125       -6.62737354
      1      -13.52566010       -7.09861843      -11.61826338
      1        5.82898277       -7.94511361        6.06066234
      1       -0.74929796       -7.97966844        0.60754495
      1        4.29672126       -9.98281450       -7.93836289
      1        0.91337445       10.61212390      -10.29543310
      1       11.23014589       -5.44963588        1.54623435
      1        1.17697068       -9.99240256       -4.54920143
      1        4.00042796       -0.45986285        7.03885815
      1       -1.94112038       -6.38230543      -11.50078770
      1        7.32792616        0.55996112      -13.56556197
      1        4.65923747       -0.55945811        2.91193534
      1        5.59308491        3.61435864       13.11369322
      1        5.62191786      -12.39482846        7.34249274
      1        6.29639664        0.22669363       -6.87503616
      1       -0.32110991       -9.90379816      -11.22965362
      1        9.00995612       -9.38815819       10.97867315
      1        8.07541005        1.27444415       10.13633242
      1        1.82010809        4.03413166       12.95453839
      1        5.74675416        3.33341102        4.04278921
      1        7.59502766        8.34345991       13.00628726
      1        1.36644004        7.72859131        8.61730811
      1        2.18941881        8.60557593      -11.14487404
      1       -2.99523444        2.85251559       11.03337395
      1       -8.62049728       -1.05284985       10.44935692
      1       -9.49008882        2.73201716       10.30779634
      1        7.62293735        5.46654491       -9.67070157
      1       -9.26648263      -10.43773740       -1.87144813
      1       11.99536924       10.82667326       -9.13677802
      1        5.62334797       -2.74717734       -0.02498914
      1      -13.06189146       -6.33888321       -3.87531344
      1        3.22952120      -12.15939128       12.61449374
      1       12.42963018      -13.54598855       -0.47379171
      1       -5.83143657        0.35828530       10.33121525
      1       -4.91892567        0.02008971       12.85845299
      1       10.67441327       -1.27074599       12.91233318
      1        6.70466381       10.51817929       -5.77204250
      1        0.50201823       12.64916852        4.11270270
      1        7.77359784        9.94507506        3.74414083
      1       -8.12570835       -4.58572114        8.83968868
      1       -6.95259598        8.90277556       11.03181354
      1       -5.27927903       -3.57074974        1.04584584
      1      -10.40111114       -6.89049114       -1.62578181
      1       12.81874363       -9.27972129       11.27846502
      1        3.25041045       -2.39544380      -13.23958201
      1        5.76596517       13.16187401        3.93655190
      1        7.38403813       13.09981849       -0.75325000
      1       -3.41845689       -4.90583047      -12.72611836
      1       -4.90211187       -5.05459551       11.42430338
      1        3.56291717        3.93190462       -3.48033092
      1        0.97940742       -4.64888770      -11.58476712
      1       -6.58206707       -1.82084219        6.99838951
      1        8.38423112       -2.76269108        9.45621368
      1      -11.90643891       -3.94963741        8.93236585
      1       13.09978766       -2.37742124        1.09778770
      1       -6.93500518       13.25588748      -11.00021437
      1        4.48862932        9.11719495      -10.88205471
      1      -10.68587273       -2.51806438        7.48380188
      1      -10.41664266      -12.06060714        8.88436903
      1       10.24168036        5.08126701        0.79121648
      1      -12.43487820      -12.91036681       12.08699940
      1       11.19465303        9.13050872       12.76723930
      1        4.60376135       -4.98423477        3.57390489
      1        5.11781676        7.17365385        6.02118686
      1       -2.91310091       -8.72711627       -3.07891266
      1        6.67984000       -0.39151708        4.26142112
      1        9.46955894       -0.28714346       -9.88952422
      1       -0.06664823       -0.93488402        4.06887753
      1       -8.10350187        9.36767195        0.24098310
      1        2.09565020       -4.75926617        0.30834719
      1        6.14552954       10.81929726       -8.04001048
      1        0.70686817       -6.19406758        1.80273234
      1      -10.32412553       12.01700916      -10.28179833
      1       11.17631031       -3.42175005       13.87804116
      1        4.56637510      -12.39561841        0.67968848
      1       -5.95304836        4.22757311       12.40026712
      1       -7.76788040        5.59124877      -12.26981429
      1       -7.97292528       13.09310268        2.09433728
      1        4.88912089       11.37697467      -11.72445871
      1        5.10793145        0.02786013       -3.47767501
      1       13.32068542      -12.65766747       13.31534419
      1       -4.53367483       -4.88457158       -2.65154023
      1      -10.69408079        9.22871322       11.95254814
      1       -3.11513456       -7.54156210        4.67102366
      1       -5.73321012        2.58852050       -4.83817440
      1        7.77398478      -11.31519397        7.52533013
      1        5.46946465        6.95385266        3.68730088
      1       -2.25195280       11.65233063       -2.63214327
      1       -4.78918395        1.62792511        5.07355492
      1       -5.18370382       12.07820195      -12.32079356
      1       -0.08761393       -5.68435551       -4.99992982
      1       11.56214591       -6.39732463       -1.96876285
      1      -12.05732905        2.25579273       -7.37659929
      1        7.97252942       11.41343106       -9.43227228
      1       -5.03492444       12.28541499       -0.40223018
      1       12.01270965        2.01924775        4.69891865
      1       12.52487432        4.91356311        8.29143795
      1       -5.39224843       -8.05918956        5.07829271
      1      -13.24903510       -4.73238991      -12.17877535
      1        6.73986066      -13.44625794       -3.92435151
      1       -9.64050792       -8.65539611        1.67955020
      1       -8.53709797      -12.28840507        2.14837414
      1       -2.82042324       -2.74938028        6.20558136
      1       -8.23799603       -5.49563540        2.93900016
      1      -11.61853827        4.75795966       11.51525498
      1        9.44588748      -10.61770998      -10.83071130
      1       12.28519787      -11.96679752      -12.44669190
      1       11.95269338       -7.39555232      -11.22839771
      1       -0.20395544      -12.14360752       12.96252410
      1        3.36079741       -4.49444644      -12.16843302
      1       -8.64187679       -1.63701370        2.18824479
      1       -9.90821346       -4.94334387       -9.12221911
      1       -0.59629374      -10.27065900        8.71379099
      1       -4.19300367       -2.53042829       -2.66360434
      1       -7.49414153       -0.55986457       -2.98861857
      1       -3.02401503      -12.22249790      -12.07066822
      1       -8.87776159       13.43897398        6.50991765
      1        6.58455118       -5.46496308        2.25455389
      1      -10.42551614      -13.20283011       -6.15002453
      1        2.07900193       -8.86254740       13.69144802
      1       -5.45622841        0.32346136      -12.58956349
      1       -9.95509033        5.39576894      -13.09248602
      1      -11.44612487       10.08000032       -9.48655914
      1       -5.91131944        7.08522222        9.90108996
      1       12.57614971        9.19045849        2.73662041
      1      -14.09024819       -0.11390098       13.75139391
      1        2.89527080      -12.07880539        4.16906443
      1        2.40166515      -11.36828354      -11.07383114
      1        8.85201369        8.13494231       -3.75885619
      1        8.02653206      -10.95762128       -1.36630922
      1       -9.88906655       -1.02805577       -5.52123195
      1       12.86419557        5.79494563        6.10732287
      1       13.16220787       -3.99543399        4.72588544
      1        7.07490631       -7.60941980       -4.80103172
      1        1.63208893       10.14156507       12.70981754
      1       10.05903452        5.61417188       -9.52484710
      1       -9.05198913       -2.25631708       -2.28145487
      1       -4.42267963        2.07896770        9.37752460
      1        4.13940760        5.59124628       10.17430585
      1        2.75261166      -11.71996694       -5.10377035
      1        4.35299482       12.15405899       13.88480674
      1      -11.29107485      -10.44770895       -3.06237173
      1        2.31685585       -1.04289710       -0.02925216
      1       12.97843965       -1.69694805       -7.09009847
      1       -6.87340879       -9.17856466      -13.38204347
      1        4.42816126       -4.82709643       -0.66120449
      1        4.82774686        3.35015475        6.20512383
      1      -12.89085800        8.21814958       12.42614555
      1        7.06402598        6.99543941       -7.92695598
      1        6.75618249        3.33358534        7.57012340
      1        4.91440564        8.03123672       -3.35590085
      1      -13.52474523        3.48138460      -10.90106447
      1        3.33475157        3.67038327        0.45910634
      1       -3.57019985        6.88298953        3.63347159
      1       -8.79732140       -6.51356631      -10.67230638
      1       -7.35816593       -4.51977686      -13.20578200
      1       -3.81388826        3.91958360       -8.18418277
      1        1.27728530       -3.83474143       -7.79460200
      1       12.98218567       -4.77444980       -4.05619168
      1       13.40389622       -4.20665941       13.59329153
      1        2.58896206       -1.87091018       -7.86930654
      1        3.20291336        1.58731229        6.13021725
      1       -3.19931262       11.71508978       -4.83730809
      1        8.00936757       -8.84370276       -7.69763344
      1       10.94660647       -8.48806636        9.99020047
      1        4.69258083       -5.42795125       -3.02955650
      1        3.42204406       12.92621263        6.89522287
      1       -4.31676292        2.48832589       12.92720337
      1       -9.21898300        6.11979307        2.13916381
      1       -9.27905477        3.06401819       -9.99774338
      1      -10.11018784        1.76519368       -2.37220305
      1        6.97672140        3.30674756       -5.56267236
      1       -8.75190236        1.54623643       -0.29231395
      1       -9.98281586        8.08457253        1.08967123
      1       -4.59314892       -4.29923086       -8.57356088
      1       -4.84591804       -2.36822466        2.97098416
      1       -0.07710875        7.49138137       -7.37575230
      1        7.88883236        4.84287988        1.44219800
      1        0.63495248       -4.28620127       12.68949245
      1       -6.17859263      -11.06039498        2.72964188
      1        7.74841471       11.61599619       12.00248235
      1       -0.61690935       -3.41545528        6.75864541
      1       -1.05082291       13.10191515       -7.94037452
      1        1.08502592        2.15264653        7.24913865
      1      -10.17093370        3.40303469        7.12313989
      1       -0.41453291       -2.65067739      -11.89595013
      1       -6.76447635       -5.61197189       -2.15507953
      1       13.50041775      -12.52414494        6.03395019
      1      -10.68469297       -7.23115559       13.69702683
      1       -2.24304402        0.42295051      -10.45130844
      1        2.65535856       -0.55120240       -5.78348211
      1        8.94962744       -8.89015826       -2.14843336
      1        7.46017135       -3.28625920        1.75168478
      1       13.31287545        7.48524526       -9.99682568
      1      -13.16396146       -8.02994439       -5.82431482
      1      -11.68150522        8.54373295       -5.63265095
      1       -0.46398315       -6.15917754        9.88624999
      1       -6.50384525       -8.94855764       -4.09455870
      1       -4.31192326       -3.90648917        4.70313781
      1        6.65461187       -6.72366145       -7.02539649
      1       -3.52575548      -11.35520602       11.32729732
      1       -6.98528608        6.84706674       -2.62310857
      1      -14.26166932        1.42148617        9.84282784
      1       -0.62057531        5.65972414       10.54181927
      1       13.77286804        9.86107707      -12.39297489
      1      -10.43395571        4.67927803       -4.62198505
      1       -6.24026160       -7.64830591        7.29883838
      1       -9.08036985      -10.85930757       12.26806029
      1        5.05484347      -13.47445379       13.25056026
      1       11.13235335      -12.97641416        3.12460003
      1       -6.87262203       -7.49621147        3.20649667
      1       -9.94138957       -0.13264425        0.80565702
      1       -2.24531231       -0.82443264        4.86884218
      1        0.01803212        5.07531256      -10.18373641
      1        7.41818880        4.52148467      -13.52907455
      1        9.03139199        4.40721611       -2.65586996
      1        7.52356032      -13.46478217        2.90797181
      1       11.83152189      -11.91241897        7.80936693
      1       12.16080122        1.83708658       -4.03955292
      1      -10.08835576        4.16953221       -2.34382144
      1       14.02606153        6.52480338        9.18347780
      1        3.44879105       12.28976198       -1.28486788
      1      -10.24520724        1.69325940       12.31327119
      1       -0.43498597      -10.47273626       -8.70743261
      1       -0.46171320       -0.66390695       -2.70482287
      1      -11.46815223        6.84846973      -11.95341768
      1       -1.75842512       -1.33163666       -6.12224881
      1        4.69830278       12.71480404       -8.09039915
      1       -8.12674487        9.22508792      -11.36088161
      1       -2.28129788       -4.26074066       -7.91822562
      1       11.78005048       -0.35158401        4.90717829
      1      -10.22004812        9.78635168        9.59009207
      1        1.87043441       -8.29736092       -2.87515470
      1       13.64789717       -1.80381394       10.40319255
      1        9.04428308       -6.93480871        7.34053949
      1        1.96618070       -7.74500929        7.14964514
      1       10.80622877       -7.90643503       -5.50645203
      1        6.99372006       -4.83193471      -10.73306214
      1       12.05180300        9.64268193        7.49762157
      1        5.59491391        0.88223371       -1.27030363
      1      -10.90031994      -11.83749718       13.52647425
      1      -12.59685444       11.68331250        7.26195968
      1       -5.36127880        3.93135652        8.14643193
      1        6.08124918        4.33817856        9.60243499
      1      -11.67748543      -11.01507383       -7.50635628
      1       10.69226549       -5.72035558       -4.42116876
      1      -11.48836147      -10.04120129        2.29195864
      1       -7.23057347       13.59193091       -8.58487051
      1       -3.32302420        6.47036988        1.09084309
      1        0.74782654      -13.15658716      -10.96571796
      1        1.38851555        2.96748572       -3.74709541
      1       -9.51009641       -5.58573865      -12.76522474
      1      -10.84332282       -1.23149565       -1.08257127
      1        5.87464486       -9.88711177       -1.76125097
      1        9.14791150        8.89623178        0.15545789
      1       -4.06969421       -5.63518436        1.14004892
      1       -0.02993690        3.88375701       -2.01703004
      1       11.24127364        1.05582830        9.29997673
      1        9.15920040      -12.58380520        4.42913442
      1        4.59734545       -7.61877368       -7.80706610
      1        0.99361081        2.83717312       10.92808558
      1      -13.18710014       -0.56191218       -5.80632811
      1       -9.38797543       13.99278604       -3.95039806
      1       -6.90206162       15.35469404       -0.70182135
      1       12.50568246      -12.53783892       -2.71507360
      1       -6.07926843       -9.45326776      -11.06138693
      1       -7.32031380        6.40673272       -8.62989932
      1       -0.51913804        9.64515732       11.80062116
      1        5.32991730      -13.68812659        9.38016474
      1       -2.50195087       12.08777547       -9.50557888
      1        8.14453847       -6.80675348        3.49874233
      1        1.91635781       12.88652297        2.21021710
      1       11.97412463       13.24968113        6.01415691
      1        6.70163704      -11.59706742        1.63915270
      1       -1.55129800       -7.31275812       -1.60066567
      1        7.87223847       -4.96574487       -8.50714846
      1      -11.42588628        7.56746910       -0.78929923
      1       -8.15317740       -9.56764961        3.39963181
      1        0.72939954      -11.65053250        0.55951308
      1        0.94862941       -2.24629556      -13.84624863
      1      -10.48197581        9.97376711        2.59795676
      1      -12.77941287      -13.26679326      -10.10822514
      1       12.10330355       12.76005242        3.65630555
      1       13.12340500       -7.96292437       13.19486367
      1       -6.55301398        9.00193978       -5.57234031
      1       -7.18467020        5.27633675        9.03921228
      1       -3.71710621        7.54958246       -8.31661823
      1        8.48526951       11.86910913        6.88552677
      1        7.77099811       13.76109063      -12.36009894
      1      -11.62873641       -0.36807201        7.49785364
      1        1.82900034       12.84562840       10.52568324
      1       -1.76938022       11.51724784       11.04280306
      1        8.44122145        4.97131700        7.19384595
      1       -7.34796614        4.50283918      -10.11930846
      1       10.52899693       -9.11117674        0.86739439
      1        2.03202041       -5.01883899       -5.87985025
      1        3.30954292        2.58629082       -8.20390663
      1       12.78773336        8.19040743        5.77337264
      1       -7.68454591        1.93751866       -6.00336162
      1      -12.46872531       -3.93156605        3.87372885
      1       -4.38690117        9.81208539      -11.81981220
      1        2.33422538        8.87453182        3.12060492
      1       -5.20656736       10.27497300        2.73136741
      1        4.07661910       12.70081320       -3.50317220
      1       -7.08416272       -1.46909154       12.38057050
      1        5.40603802        8.63878078       -8.67006784
      1      -10.81141695      -12.35573752       -9.27084315
      1       -6.67586782       10.48913553        7.39391183
      1      -12.03864819        5.29500985       -1.38316586
      1       -8.75704755       -9.98559416        5.80984426
      1        1.65178776       -1.92267994       -2.20512345
      1       -5.99364794        6.59880414        2.52021460
      1       -4.10830924        8.22514096       -0.30670205
      1       -8.73509151        0.55127852        5.27007900
      1       -6.68064281       11.93876532        3.74424352
      1       -4.18117984        8.22207862       -5.90886237
      1       -6.50781822       -0.08983903        5.33588991
      1       -2.52575894        8.81649814        8.81679888
      1       10.80989768       -4.57689060       -6.59923026
      1       10.63132281        6.82269214       12.28986118
      1       -5.55459585       -6.01106731      -12.75383385
      1       -8.46401186      -11.68870834       -5.99682880
      1        0.45330344        3.21951110        3.74528873
      1       10.83452338       -0.89834706       -6.33160494
      1      -12.64926911       -8.40124812      -13.37005065
      1      -11.29850172       -0.03794428       -7.14874153
      1       -4.34651214        4.39135146       -1.74067180
      1      -13.12264636      -10.35667761        0.48700590
      1        8.68729992        0.55845969       -3.61220769
      1        5.49599240      -10.08671706      -13.03193129
      1        2.06824222        6.67930670       -8.06135974
      1      -11.46215698       -7.67595762        9.87305299
      1       10.20506199       -8.73739536        6.24426871
      1        1.23183464        0.00837325       13.21832964
      1       11.49980666       10.77256943       -2.12698851
      1       -2.34293127       -8.74132919      -11.84346201
      1        2.14955125       -7.58394586      -10.18095720
      1       -8.57352449        2.53109462        3.98156611
      1        3.57346695       10.06740594       -0.54868207
      1       -3.48416426        5.09675091        5.29197763
      1       12.46521533       11.88026877       -0.16573533
      1       10.29839957       13.41386171       -7.29616028
      1       -4.39542918        8.94513048        4.53502762
      1       14.03281458        1.99601436        6.13662184
      1       -4.43153492        7.54884830        8.11860808
      1       -0.17898068      -11.74163797       -3.55614790
      1       -0.73957786        2.67763207        5.78371320
      1        0.33873564       -6.39523879       -2.75218942
      1       -1.37502753        4.72486193       -8.14490546
      1        7.38771060       -9.80707076       -9.81865082
      1        1.55947344       11.77102989        5.99643158
      1       -8.67618187        2.05583824       14.23323481
      1        7.80020503        1.96928866       -7.38398790
      1       -6.74061324      -13.41657290        6.67859994
      1       12.88600917       11.83565998        7.69423765
      1       13.86208776       -9.09364495        7.82795423
      1        1.95934829       12.19566865      -13.93249821
      1       -8.47946285       11.59188560      -11.74662768
      1        8.43862352       13.64136743       -8.74856329
      1       -4.66327333        6.76201290       -2.16833388
      1        7.07036247       -5.90738827       -3.16984985
      1        3.45944750       -6.47617467       10.65901643
      1        1.10530085        0.58146044       -4.23273695
      1        6.07412675        8.86687626        2.42668571
      1        5.60429359      -10.59160893       10.85062271
      1       10.56069870       -1.80523269        6.75677921
      1       -9.23774058       -8.36841069        9.45081071
      1        9.27323694        1.60009394        0.10122669
      1       -5.35945071        2.56536109      -11.83809518
      1        3.67495761       -7.40093010       -4.05673707
      1      -11.94275950        3.35909318        5.49325923
      1        7.11726073       -8.83231023        4.25807201
      1       -5.06801874      -10.91142120       -0.79359123
      1        3.89658184       -7.52290949       12.79003743
      1       -2.13952165        9.67136064       -1.14127011
      1        8.94680142        9.08062619        9.42173487
      1        0.38768521       -9.88842228       12.31709932
      1        3.18960319      -10.69875019      -13.29230433
      1       11.05303321       -8.08891602      -13.32027234
      1        7.60003384        1.74165605        3.81614447
      1        2.48062753      -12.69410534        1.90269271
      1        3.68758494       -9.89175725        3.96217103
      1       -8.54139493       -8.94011745       -8.38832957
      1      -13.07065203       -9.62692765       -1.77546586
      1       -9.19480885       -4.60283396       -6.87315957
      1      -10.64710184      -11.23887112        6.67324624
      1       -6.92689315        8.74109895       -9.34051914
      1       -3.24701803       13.25013457      -11.51629396
      1        8.75117797       -4.34271432       -3.73671767
      1      -13.74080026        1.93803896       -9.05826203
      1       -7.82129305        2.74394391        1.62906890
      1       10.57669646        7.25267567        9.93489682
      1       -6.96800408        5.47802239       -6.44338869
      1      -12.23337768        2.86592472       12.86975956
      1       13.39187994       11.86790379       11.40796731
      1       -7.90966208       10.38414206        9.47190866
      1        7.42593624       -0.51057476      -11.47974352
      1        5.01485444        7.77618892       10.05721100
      1       -3.07207487       -0.88614491        2.63781495
      1        3.75471211        5.99434387        0.51343133
      1        4.17965839        5.72288880       -5.62285823
      1       13.69986916       -4.14211567      -10.04288469
      1        7.40081626        7.07883874        6.76312836
      1        9.70286971       13.78099949        6.23453160
      1        5.00008034        2.27476290       -4.57058798
      1       -0.47239393        2.36745487       -7.57357699
      1       -5.59504028      -12.13647593       10.33496556
      1       -5.97134948       13.75639704        8.86850067
      1        6.36165494       12.06143573       -3.96851160
      1       -3.64855068       12.37523326        6.18235067
      1        6.09618831       -1.29486423       -8.63936715
      1       -0.30984499       -2.63055794        2.39118194
      1       -1.83590314      -13.01646633       11.37746151
      1       -2.19382011       13.65525267       -5.84336907
      1      -12.59649487       -2.36969246        2.14234969
      1        4.47730364      -13.37885140        5.42306076
      1       10.30595629        6.23927481       -3.59800792
      1       10.95413935        7.90088272        4.22266489
      1       -1.41986343        6.51421334      -11.37856244
      1       -7.62084654       -6.80969769       -4.06125574
      1        9.45661800       -4.76382735       13.02017486
      1       -6.42013618       -3.99944912        5.95600304
      1        1.57693824        9.14501188       -1.57198137
      1       10.74688531        3.42245513       -9.93477613
      1       -6.91480808        3.67835642      -13.32871880
      1       -6.66702266       -7.60163687       -0.87682004
      1        0.10557961        6.21272155        5.17593623
      1        8.57975212      -10.78427873       -6.12232597
      1      -11.73488682        6.19956955        7.85795107
      1      -11.11433264       11.91942654       -0.64125893
      1        8.45668573      -13.12473187       -2.35813363
      1        7.57618360       -2.95929481       -5.29710145
      1       -1.13017270        7.83684626       -2.63844455
      1      -13.15467641       10.98896115        0.28014202
      1       11.66100846        3.10509016       12.37472206
      1       11.04159682       12.44480484      -13.18225851
      1        2.13235491       -9.73994694       -9.11025315
      1       13.87920029       -6.73395721        7.71162849
      1        0.64888189       11.32131451       -7.89911875
      1        0.57361742        4.15360544        8.79909214
      1       10.41127438      -13.07467501        0.88317230
      1       -0.10478333       -3.90842746        9.01388682
      1        6.19419580        5.50393714      -11.66339735
      1        0.93785643        0.95895621        3.01157388
      1        6.54810781        5.67030481       -5.88736946
      1        9.07260263        9.68128084       11.77647830
      1       -1.05729604       10.97740786        3.49419551
      1       -8.03382844       11.39826614        5.62626760
      1        2.42744557        5.59042638        8.47089599
      1      -12.34623128        0.00911148      -12.44248597
      1        4.13958057        1.15896255       -6.48025394
      1       -1.87392459       12.28016933        1.69967814
      1        8.75310364       -3.12750017        5.70770914
      1        2.62192244        4.57550422       -7.04228139
      1        8.14017319       -2.93417982      -11.64296210
      1       -5.66210670       -0.91164783       -7.94043192
      1       -5.44130593       -4.46256082       -6.36734233
      1       10.47771036      -12.38251053       -5.99107965
      1        5.10214222       -8.60170140        0.30128999
      1       12.69990363       10.23412274       -6.99636892
      1       -3.06285213      -12.15145904       -1.22435204
      1       13.38152719       -2.85461918       -2.77813805
      1        2.11329535        0.65986033       10.99949454
      1       -3.61671190      -12.34173484       -5.09232416
      1        5.94685723       -4.43181202       12.85270964
      1       -8.61391512        8.04181290       12.60321074
      1      -10.18332926       -6.32826895        1.87642455
      1       -9.10615472       12.45471994       13.90736736
      1      -10.98437933       10.73264458       -2.79662263
      1      -12.63262097       13.53979980        5.75603894
      1       11.80427869        2.37048334       -8.08303595
      1       11.49546668       -5.15066465      -10.38943070
      1        1.93160113        8.31050840      -13.52706296
      1       -4.30786274        0.68914694       -4.82475318
      1        6.93708227       -6.59593701      -12.35493192
      1        9.11573834        4.51159656        5.02865497
      1       10.53766395       -3.30774600      -11.68187824
      1        3.56282699        5.33898331        6.34973069
      1      -13.39708182        1.46386255       -4.44585725
      1       -7.71383655        9.91216090       -7.45382336
      1       -1.73712988       13.67926525        6.75208353
      1       -0.48719275       -1.20802707      -10.02883391
      1        6.84546432        8.20391184        0.26677469
      1       11.16552658        5.51357304        4.40832631
      1       -4.89350451        0.38324183       -0.29713685
      1       -3.81224561      -10.29247848      -10.77455710
      1       -7.17758716        4.93096549        0.83563808
      1        5.38633002        8.64869272       12.21166285
      1       -2.70311443       10.03631287       -6.35154029
      1      -13.80841994      -11.33528116      -10.99646422
      1        3.30854602      -11.21738823       10.23708584
      1        4.48773332      -12.55806233      -10.85380217
      1       -6.00129404      -13.96308585        1.00356202
      1        2.85986509        0.98126219      -13.12421345
      1        3.25211308        6.63595739        2.81214300
      1       -1.15824310       -0.05046961        9.48703054
      1        7.22217197       11.46369555      -11.68394991
      1      -12.61263185       -9.26268723        4.26189016
      1       -4.66771255        9.31897211       -9.51378065
      1       14.01566337        5.82652589        2.01079546
      1        5.01276777       -1.27254897       10.78349143
      1        2.91865672        6.56028372       -3.46543499
      1        0.82230627       -0.03519800        8.13829993
      1        2.16969601       -3.29288628        9.17652520
      1       -8.82212346      -10.61923170        9.90365502
      1       -3.12757499      -11.48835531        4.69455526
      1        1.15129195      -12.48120313       -1.68657267
      1       12.51593336      -11.16880639       -6.61008915
      1       13.65206305       -5.96902011       11.94635979
      1       -1.84913425       -1.84168393        0.56197108
      1       12.28521089       -0.54913267       -0.25974628
      1        2.90554755      -13.65992894        8.96672725
      1       -8.31942876       -1.54182364      -13.31566731
      1        3.28070264        9.05600940        9.06747169
      1       -4.74703044        4.39949386       -6.01822281
      1       -2.70122605       -1.09369812       13.34378915
      1      -10.09508795        7.11881717       -4.53781468
      1       -8.56734283       -4.94380161       11.10295149
      1      -10.71438759       -1.74397593      -13.20835623
      1       -0.96172756        5.96799645        1.10368376
      1       -9.90089392      -13.39653587      -12.86572091
      1      -13.44029152        8.80524020       -0.55940761
      1      -10.58786801       -0.74198880       -9.37493354
      1       -3.64169754       -0.02982056       -6.99344735
      1        0.42911743        2.94483607      -11.15632034
      1       11.39259205       -1.19266086      -10.98602632
      1       10.56697534       -1.28443554        3.03604273
      1       -0.57107150        7.99299185       10.03241124
      1        6.21469012        2.51964213       10.97251992
      1       -7.32361376        7.79565219      -13.09710848
      1       -5.54778647       -1.21302527       -4.09902858
      1        6.72519910       11.48568629        5.32047265
      1       -3.07327332       -5.53860823        3.34185094
      1       -5.56338523       -7.51779462        1.21088309
      1       -1.37720783       10.03257298      -10.21748997
      1        5.69213370        7.71482964      -12.35814508
      1       11.51418799       12.20495291       -4.04464224
      1        8.94036345       -6.87437146      -13.79321189
      1       13.80986998        5.28851532       -5.00499556
      1      -10.20430007        8.50431375       -2.57326380
      1      -10.51283966       -3.28106775        5.23746424
      1       -1.06521225      -12.88396640        8.86094455
      1        5.71757710       -9.06066654       12.67797858
      1       11.62457908       -0.00918279      -13.12920885
      1      -11.27533581       11.92296918        9.23371440
      1       13.76148403        1.23546795       -0.93190884
      1      -10.03425029       -8.48757801      -10.21458557
      1       -8.15071945        0.99861245        9.32811374
      1        3.96794358       13.03480310      -10.29721026
      1       -7.80751273        4.33152743        5.36699404
      1        2.92297467       -0.99270764        9.18371022
      1       -6.78829522      -12.00777950       -7.76640746
      1      -12.22320337        6.70618477        3.63139631
      1      -12.83176313       10.61508365        2.65862828
      1       -5.12493981       12.13765618       13.07603416
      1      -12.89066125       11.78740352      -13.24370345
      1        8.28719922       -5.51365763        5.53402502
      1      -11.96394561      -10.56034118      -12.49664117
      1        5.85345618       -5.61914655        5.58395430
      1       12.92695303        7.86824739       -7.66350999
      1       12.36231284        2.23308724        2.35184321
      1       -2.86213149        5.06998590       10.29261598
      1      -12.26637079        0.54398158       -2.35618468
      1       12.60068429        8.40102161        9.43893628
      1      -12.26666661       -5.41961439       -9.00059208
      1       -6.26715963        3.21144081       -2.54593006
      1       -2.54970924       -6.91208652        8.81541715
      1       10.39367790       -6.23371128        9.29662130
      1        8.91408726        9.56880496       -5.70387555
      1      -10.38937705        8.23681868        7.67077653
      1       10.11242445        2.80120393       10.45886894
      1       -3.93810965        8.05771803       12.87395696
      1       -7.24520168      -12.98301453       -3.01946188
      1       13.56333049       -6.00008573       -0.71355361
      1       13.50311356       -3.52140530        8.78036333
      1      -12.56517842      -11.81954690        9.97814692
      1        9.69038855       13.50709421        9.91756444
      1       -6.53322718      -10.41799149        8.99892690
      1       -1.03395977        1.57818203       11.28830640
      1        6.36607405       -0.58045826        6.68468650
      1        8.73237740      -13.14836963       11.79171913
      1        8.04187992       -6.77214750       -1.18580142
      1        7.73299832        9.16462246      -12.55590974
      1       -9.32291443       11.39405507        0.95547784
      1        3.93856179        7.84551483       -6.97206172
      1       11.93215647       13.19258762       -9.03992553
      1       -1.40382679       -6.19312163       -9.02319716
      1        0.52073850        8.21038889        6.45775672
      1       -9.50750219       11.66762724       -4.40999317
      1        4.70440958       -4.60445757      -10.19700921
      1       11.44780032       10.10094553      -12.92257260
      1       -2.21631875        1.14725839       -3.75261956
      1       -6.85229639       -3.86992690       12.36133268
      1       -1.62934603       12.36180264      -12.99669328
      1      -10.75781244       -0.38921904       11.22951869
      1        0.87252104        0.76740734        0.61698813
      1      -13.18386006       11.77870344       -6.80128768
      1       -4.92227557       -1.16718511        8.60491442
      1      -12.47320856        3.48868119       -5.33734944
      1       -3.73691601       13.47672002       -1.96615736
      1       12.96839341      -10.38153470       -8.93958331
      1       -1.13370281        4.80581101        6.77727081
      1      -12.85077826        5.77130163      -10.34355409
      1       11.63407430       -7.85664003        4.55810572
      1        3.57964394        3.37160707        2.90947853
      1        8.59689611      -10.37618684        5.43702259
      1      -12.23084517        2.40748102      -12.60740862
      1        3.96771721       -3.97629857       -4.77442244
      1       -9.97581009      -10.88469779      -10.98055322
      1       13.04238597       -2.47276012        6.56146244
      1       -5.35817126       13.49207039        4.92144036
      1       -5.16308951       -8.98239797       -2.17922187
      1       -8.46205502       -2.34260787       -6.82857279
      1       12.40883371        5.36398939       12.71371637
      1      -13.41292336        2.15109727        1.11146734
      1       -9.58818472        9.76002089        4.88626995
