 run_id:         1006
 total_energy:   -2144.09236280000     
 S   100.000000000000        100.000000000000        100.000000000000     
      6        0.76949000       -0.04382700       -0.01859500
      1        1.17671200       -0.08707700        0.98524500
      1        1.19217900        0.82117600       -0.51709800
      1        1.09150100       -0.93121000       -0.55175300
      6       -0.76970200        0.04385900        0.01859300
      1       -1.09172000        0.93060900        0.55280000
      1       -1.17685400        0.08833200       -0.98522100
      1       -1.19245100       -0.82173200        0.51602000
